point=   662 
12.4185   0.0  0.0 
0.0   12.4185  0.0 
0.0   0.0  12.4185 
pbc 1  1  1 
Energy='-30043.149521578787 ' 
O  15.999  11.179900000000004  11.0913  11.119999999999997 -0.4675941902841526  -0.7781824234846193  -1.0317852404833066 
H  1.008  11.092100000000002  11.3834  12.017699999999998 0.8732659320800648  0.6689568190718379  0.4833910480948048 
H  1.008  12.103800000000007  10.7406  10.951500000000003 -0.1719615499406198  -0.004684549956218815  0.5313359513679037 
O  15.999  10.964300000000009  10.0067  15.477300000000007 -0.29249023806225366  -0.6025215703184191  -0.2455521787863312 
H  1.008  10.896200000000007  7.098999999999998  6.559000000000005 0.8235942759251896  0.13082852737773293  -0.7713905973790497 
H  1.008  11.27030000000002  9.1036  15.192299999999996 0.2622226974505088  0.8865353954851392  0.06674635223569247 
O  15.999  12.400300000000016  16.774  12.443099999999994 -0.38728064089754055  0.3148804328145785  0.35890234688723893 
H  1.008  12.592800000000011  16.782400000000003  13.407199999999996 -0.08555242918397286  -0.08053826380273361  -0.42633158412203775 
H  1.008  11.804500000000019  16.08  12.1218 0.3780760915872972  0.06036076042929014  0.47113819887891223 
O  15.999  5.9498999999999995  8.4767  5.3217 -0.7788678795868849  -0.2822155956171155  1.0654486941478358 
H  1.008  6.4452  7.711499999999999  5.0 0.3940256729256111  -0.18701433049697472  -0.49620748312321294 
H  1.008  5.554600000000008  8.935999999999998  17.0122 0.16274414511458005  -0.09047352063084599  -0.6413652826282777 
O  15.999  9.2303  7.491300000000001  7.587400000000002 -0.8330801039210589  -0.21487480433099618  -0.13418484544186468 
H  1.008  8.734300000000005  8.248299999999999  7.261300000000006 0.2865365915866113  0.6196286622990433  -0.3396746090208357 
H  1.008  8.562100000000001  6.800099999999999  7.568400000000004 0.37480204882426266  -0.45802660120781813  0.061966157241948226 
O  15.999  14.906500000000008  11.317199999999998  13.036499999999997 0.598968305752286  -0.9875694652324358  -0.120736947477536 
H  1.008  14.34190000000001  11.964  13.455000000000005 -0.05283514148206046  0.43676974872810637  0.11088910815683933 
H  1.008  14.459400000000016  10.975399999999999  12.2635 -0.20731781792522322  -0.16008716710977403  -0.24486826534596115 
O  15.999  13.12190000000001  13.403799999999999  8.026700000000005 -2.926813224490518  -1.3563566753258653  0.21436161214040272 
H  1.008  12.16510000000001  13.059099999999999  8.054300000000005 2.250667600985316  0.7749052953977935  -0.09421756105139804 
H  1.008  8.14840000000001  5.9168  16.951100000000004 0.1921637359043924  -0.017109148863151746  -0.365425749822979 
O  15.999  15.423900000000003  5.6594  9.134900000000009 -1.389702340639907  -0.3669658406153912  -1.067522031735484 
H  1.008  15.833500000000015  6.090400000000001  9.878900000000009 1.4699665248458607  0.762176792097433  0.9628436803702157 
H  1.008  14.67280000000001  6.2341999999999995  8.923700000000004 0.19867993975128645  -0.4214685996065645  0.1506481331914038 
O  15.999  17.163700000000006  7.025499999999999  10.723499999999994 -1.1726924922454398  -0.03907408315293075  -1.402543972479276 
H  1.008  5.465000000000018  6.378399999999999  10.756400000000006 0.7277363510581673  0.09484388178100008  0.27327072772596006 
H  1.008  16.912200000000013  7.318  11.599399999999996 0.3613670063757303  -0.37033449997468754  1.0117995414055454 
O  15.999  14.285800000000009  7.9427  5.741800000000005 0.46684342816164115  -0.7275368334530068  0.08253446829560315 
H  1.008  14.958100000000016  7.241200000000001  5.762700000000002 -0.5992449564522251  0.01949564681560087  0.042207229462836476 
H  1.008  14.840900000000019  8.6688  5.4221 -0.08699636071822782  0.8416968990490895  5.656426950428866e-06 
O  15.999  8.08320000000002  9.8684  6.711000000000006 -0.09185008926232763  0.4502125044861165  0.5780384975944355 
H  1.008  8.238500000000016  10.5662  7.370699999999999 0.10295622646917879  -0.406795828097152  -0.353624386321857 
H  1.008  7.237400000000008  10.067499999999999  6.312100000000001 0.14872443380762615  -0.013468981010234842  0.009142842834420475 
O  15.999  17.210000000000008  6.266399999999999  6.866000000000007 -0.4950962523377696  1.3536163935786982  -0.7384033438454124 
H  1.008  17.24520000000001  7.177899999999999  6.465200000000003 0.4824896193271592  -0.8798392144170951  0.5729996496228671 
H  1.008  7.022100000000009  14.792699999999998  8.186000000000007 0.1256868352797931  0.07394081309600613  -0.7337470760239457 
O  15.999  14.85120000000002  15.5857  7.095500000000001 -2.225756182474996  0.3540445045780843  0.17105446474602376 
H  1.008  14.000400000000013  15.432500000000001  6.593900000000005 1.8243087631697903  0.5842775365207585  0.6689357360259317 
H  1.008  11.113100000000003  15.499399999999998  10.088900000000002 0.3855297196460669  0.7588518414918446  -1.1113778525440547 
O  15.999  8.51000000000002  14.0065  11.247800000000005 -1.0682861635944236  -0.18321424002755024  -0.02536701799014603 
H  1.008  9.306200000000018  14.4598  10.937199999999997 0.8865909313133796  0.09759136261701293  0.15045067246877067 
H  1.008  8.588300000000018  13.9745  12.203600000000002 0.1777604160060731  -0.06678903254813662  -0.04643875104238913 
O  15.999  14.657300000000006  16.1141  10.944400000000009 -1.8393779987863645  0.7774907967347714  -0.32589452452832723 
H  1.008  14.820700000000002  16.7544  10.211199999999998 0.531233621462164  -0.365285367590482  0.39878169954965803 
H  1.008  13.85820000000001  16.4919  11.386600000000008 1.1367212163851352  -0.5549314792813016  -0.34065214244199615 
O  15.999  11.034300000000016  8.5611  9.2104 -1.3906731891928532  0.06228548825433153  0.6732022246084507 
H  1.008  10.614000000000019  8.9548  10.006800000000005 1.0239310345523198  -0.45216191490148705  -1.011265266169046 
H  1.008  10.292800000000014  8.1758  8.691100000000006 0.6813114839728382  0.1777233921205794  0.6440937373009119 
O  15.999  7.35260000000001  11.1736  9.419800000000002 -0.6510341731690881  -1.707536970984505  -0.23106864046944214 
H  1.008  7.378200000000021  12.098  9.486899999999999 0.5585346232487249  2.0231686801422266  0.2683717477662568 
H  1.008  6.42110000000001  10.9534  9.3384 0.26386666081055615  -0.2142716235298277  0.18683281061392915 
O  15.999  9.851700000000008  5.604199999999999  16.716900000000003 -0.9816420440090181  -0.09151481741035676  -0.4946735629783831 
H  1.008  10.547900000000013  6.211899999999998  17.055100000000003 0.3924521577921281  0.15197533664222718  -0.08746687259637712 
H  1.008  9.725600000000014  5.6370999999999984  15.7361 0.6371106211202916  0.3586246677460361  0.6574007388121117 
O  15.999  8.266300000000015  10.248  14.294199999999996 -0.6870800110210119  -0.9061493130460672  1.0434745038866835 
H  1.008  7.994200000000021  9.3191  14.447700000000005 0.20949965606619314  0.7770624509484344  -0.129323403588287 
H  1.008  8.59180000000002  10.2356  13.386699999999998 -0.05557696589112289  0.1547233316988719  -0.6838527623354763 
O  15.999  17.170900000000017  17.03461  17.258500000000005 -1.0023060001001987  2.698626276442003  -0.015389595070221371 
H  1.008  6.133500000000012  13.4821  14.157400000000003 -1.541519297327522  0.5710281277203267  0.820068265052545 
H  1.008  17.051900000000018  5.21921  5.639400000000002 0.4640985184287875  -0.8201880784597678  -1.2283028824776334 
O  15.999  6.496200000000002  15.0707  10.003499999999995 -0.9490795367172948  1.421059000549925  -1.7244455738012325 
H  1.008  13.62190000000001  12.3608  5.251200000000004 0.15535890839984737  0.3695734534395389  0.4644111645729567 
H  1.008  7.071300000000008  14.625300000000001  10.626399999999997 0.8057986425185086  -0.8642074214292689  1.0415276645744724 
O  15.999  8.423200000000008  7.332399999999998  12.066300000000005 -0.2781769067745093  0.023698372039769516  1.0273732274619718 
H  1.008  7.8232  6.796100000000001  11.555699999999995 0.2835016614173903  -0.2056214040607264  -0.8019877534158151 
H  1.008  8.636900000000011  8.1423  11.579699999999995 0.002252286367534403  0.08455741226132925  0.3254497236817708 
O  15.999  5.917100000000019  17.221200000000003  13.332 -1.0619900461779648  -0.15642077400463245  -0.41069002094220636 
H  1.008  5.228700000000018  16.559600000000003  13.1402 0.6524688487319696  0.14923351223316478  -0.1489892574330326 
H  1.008  6.2771000000000186  16.911299999999997  14.1539 0.6382465344960639  -0.05581710692620019  0.5520744694507033 
O  15.999  13.777600000000021  13.309999999999995  14.198799999999999 -0.7967936108134259  2.413442085117176  -1.7823684142148875 
H  1.008  13.003100000000018  13.2667  14.752199999999995 -0.1654072937669683  -0.12517158620667224  0.22503683245775755 
H  1.008  13.490700000000018  13.921199999999999  13.428800000000003 1.006123574071106  -1.708436342869623  2.0633591362869192 
O  15.999  11.619800000000012  16.05877  8.332800000000006 -1.3579965249208577  0.11038979992330601  -1.2053326468525738 
H  1.008  11.031700000000015  16.145989999999998  7.526100000000007 1.0859434716511354  -0.10059852487211365  1.3938721557436367 
H  1.008  12.045300000000012  16.92783  8.408400000000007 0.30771939629533557  0.25318167030119604  0.09050026010370256 
O  15.999  5.017400000000009  9.373800000000001  9.2194 -1.0148205876177063  -1.959908229569894  0.13562620587296034 
H  1.008  16.971400000000017  8.6608  9.778500000000001 1.719503913529085  1.2447301747829427  -0.9694601572403219 
H  1.008  5.717300000000009  8.850800000000001  8.7573 -0.7138853041184625  0.7549015985979178  0.5671344490959043 
O  15.999  15.733000000000018  10.3151  5.095100000000002 -0.5754421976241886  0.01984325996273632  0.4467826528716292 
H  1.008  15.689700000000016  10.404300000000001  16.574400000000004 0.3195747529628026  -0.45524569603073456  -1.2287713374732552 
H  1.008  15.283500000000018  11.1376  5.3674000000000035 0.24235835444186632  -0.1797447934244099  0.6084469346593092 
O  15.999  6.864700000000013  15.363100000000001  16.220099999999995 -1.7747219534191714  0.28873797011159186  -1.4297452154632566 
H  1.008  7.450800000000015  15.0801  16.887099999999997 1.0034372854902842  -0.8149805661209503  1.0273439168859557 
H  1.008  6.1311000000000035  14.7246  16.129799999999996 1.1342462724840068  0.5599441020006454  0.28566035962992664 
O  15.999  16.99330000000002  13.10872  8.920800000000007 -0.22326277127785032  -1.0521468348429548  -0.5875742049915947 
H  1.008  17.018000000000015  12.611509999999999  9.758000000000003 0.3516667483763767  0.47400189357772476  -0.1445124526120841 
H  1.008  5.210400000000007  12.67276  8.318800000000003 -0.3459100484027357  0.4782539839825517  0.5698140528085119 
O  15.999  16.364800000000017  15.2556  12.826500000000003 -0.5400334791351357  -0.7302766009795416  -0.17441386813394663 
H  1.008  16.69580000000002  14.418999999999999  12.401699999999998 -0.39758407969806264  0.8856349951587571  0.3917790429850271 
H  1.008  15.699000000000012  15.641699999999998  12.222000000000001 0.8886987216833622  -0.37345581921006055  -0.01097141140130457 
O  15.999  10.308300000000003  12.36397  8.341100000000004 -0.2846859115325574  -0.36644442089468804  -0.9884462114097523 
H  1.008  10.77340000000001  11.5701  7.966000000000001 0.07358548663939282  0.16873635813761162  0.4690108681249191 
H  1.008  10.264400000000009  12.24408  9.287600000000005 0.38968873611652766  -0.3376058994188743  0.3303085944321892 
O  15.999  5.0112000000000165  14.377  6.055700000000009 -5.760932009441198  -1.1414355911380016  0.0365497740711439 
H  1.008  16.805700000000016  14.399700000000001  6.854300000000002 1.7127784218850253  0.04899802712714226  -1.8585039209676602 
H  1.008  5.8433000000000135  14.653  6.350500000000004 3.1079613260192653  0.7522698174040728  1.3415352940538459 
O  15.999  13.711500000000015  9.839999999999998  10.9086 -0.3547721267721622  0.41332591590110623  -0.6775818417299783 
H  1.008  14.217600000000019  10.192400000000001  10.1295 -0.30333669385001694  -0.3177749807513025  0.253077283512929 
H  1.008  13.701700000000017  8.877699999999999  10.830800000000004 0.14007421433852485  0.13530790330184075  0.14885453162748602 
O  15.999  9.3442  13.376199999999999  5.476599999999998 -0.5476141196899742  0.12756528324796734  -0.6890772439551452 
H  1.008  12.796300000000016  10.567  7.0771000000000015 -0.18096812430759812  -0.11062942673775146  0.07365593486595726 
H  1.008  9.504200000000012  12.798599999999999  6.220900000000007 0.18705752503005071  -0.14704036123829395  0.36676426612770324 
O  15.999  12.482800000000012  7.892899999999999  14.342400000000005 -1.4498949509225798  -1.8591960619381398  0.017151314954964036 
H  1.008  12.667900000000017  6.927899999999999  14.536200000000001 -0.06301825265472798  1.1973056627892833  0.2050562755863154 
H  1.008  13.289400000000015  8.326099999999999  14.613199999999999 1.6503211839396532  0.830645783449847  0.11450356497816337 
O  15.999  14.145300000000006  12.800399999999998  10.536800000000007 -0.8837570614112148  0.24516085688548792  0.3314522211174395 
H  1.008  14.39240000000001  13.679699999999999  10.843800000000009 0.46486367872899104  -0.12978311683316732  -0.19509016552029157 
H  1.008  13.66770000000001  12.9671  9.713299999999997 0.5262163707571337  0.090693092840649  -0.01091690401432771 
O  15.999  12.976400000000012  5.212299999999999  15.032900000000005 -1.7628712247373912  -0.15881395682529567  -0.5729831945626477 
H  1.008  13.940000000000012  5.0  15.109500000000004 1.203347755213605  -0.012793295099974521  0.23187596686145792 
H  1.008  12.485900000000015  17.143  15.703300000000006 0.7198353510496819  0.09671461643969645  0.250938639905035 
O  15.999  17.04600000000002  12.64615  11.730700000000006 -0.963587757624513  -0.4289098863701696  0.27047542437118444 
H  1.008  16.37270000000001  12.00385  12.067500000000003 0.9987146832073082  0.8934722318088923  -0.018026518470384934 
H  1.008  5.401800000000009  12.57657  12.303100000000008 0.39962759248906304  -0.2815219119847402  -0.10472514544276745 
O  15.999  12.586200000000005  15.625720000000001  17.290200000000006 0.2560865026505572  -1.3388747165046169  -1.6544035815359672 
H  1.008  12.585300000000004  14.845880000000001  16.675100000000008 0.6211548691343954  1.0480253564786195  0.9509518140378868 
H  1.008  11.732399999999998  15.54208  5.254800000000003 -0.7783721708977746  0.17214204138240166  0.693571532277577 
O  15.999  11.031600000000012  15.030100000000001  10.913800000000002 -1.03353616173478  -0.4699626905144867  0.36912196772476835 
H  1.008  13.001100000000008  14.341600000000001  7.918900000000001 0.2645886265776836  0.6460009816244702  0.13569459721699734 
H  1.008  11.541700000000006  14.242  10.745799999999996 0.5730592992161625  -0.5569487668200774  0.2645896550189474 
O  15.999  11.58420000000001  6.954600000000001  5.870100000000001 -0.3921749928715571  1.354952338780263  0.5376932610395538 
H  1.008  8.872  12.841299999999999  17.201900000000002 0.5904656676045277  0.40565528673569284  0.8278437952268572 
H  1.008  12.126100000000008  7.7997  5.807700000000004 -0.4995787135856685  -1.5602209874875355  -0.14231107408710353 
O  15.999  7.126900000000006  14.726999999999999  7.201100000000004 1.11191367044245  0.36635648916664043  1.3611132161705437 
H  1.008  17.01940000000002  16.18243  5.173400000000001 0.09052237159087241  -2.1257906632006986  0.7270282692480999 
H  1.008  8.081100000000006  14.8394  7.026000000000003 -0.45718687891599535  -0.3069552644363958  -0.020575510142500926 
O  15.999  7.37060000000001  5.3907000000000025  7.400000000000006 -1.149905833385953  0.9975941964504913  0.8569106306632157 
H  1.008  6.41170000000001  5.4557  7.252099999999999 0.9533753358758297  -0.22205332435172226  -0.24023513745292807 
H  1.008  10.09960000000001  10.1518  15.078300000000006 0.28689037538132905  -0.24152223169446654  0.1130205526758873 
O  15.999  15.550399999999996  17.274  15.025500000000001 -1.4462887216313653  0.1585918135123334  -0.5077455656608242 
H  1.008  16.021500000000003  17.2757  15.862199999999994 1.0131503990054342  0.23189036503914992  1.1881633341754947 
H  1.008  15.795299999999997  16.432499999999997  14.658300000000004 0.46581087313287195  -0.6005356502381867  -0.63472618005037 
O  15.999  6.976200000000006  13.353799999999996  13.791800000000002 0.8896202050556503  -0.3893550069264524  -0.8972728364989487 
H  1.008  7.402000000000001  12.845899999999997  14.491499999999995 0.3366201384676041  -0.19762887277977043  0.042059133920861615 
H  1.008  5.5595  14.8894  10.049900000000001 0.44342324948370626  -0.4978015670819702  0.42657326781901067 
O  15.999  11.872900000000016  10.2723  7.179200000000002 0.1941568550734708  1.2977807747097512  -0.8308596992326995 
H  1.008  11.94420000000001  9.481  7.685600000000001 0.07796510376092035  -0.6214546597627681  0.9175999780762625 
H  1.008  7.801900000000003  11.3136  15.801000000000009 0.804324886187606  -1.5857787813321005  -1.1842948523620331 
O  15.999  7.25800000000001  5.636999999999999  10.378599999999999 -1.6016162625726695  4.115724235464732  -2.01690650128747 
H  1.008  7.349300000000014  17.2321  10.720000000000006 0.5051590358825826  -4.062958513767972  1.1960442795793376 
H  1.008  7.2405000000000115  5.606000000000002  9.403399999999998 0.5763883635868059  -0.46019661227425535  0.49535233421243446 
O  15.999  6.776300000000006  7.6561  14.400799999999997 -1.129453221974466  1.1653561064907336  -0.3195917222436539 
H  1.008  6.975400000000008  7.0646  15.115200000000009 0.35926435821206637  -0.9155148134140817  0.9016689086806955 
H  1.008  7.230900000000005  7.3195  13.633900000000004 0.8618538335972586  -0.04595435520717967  -0.7001016200815311 
O  15.999  9.70020000000001  5.722900000000001  14.027999999999999 -1.1611754927537348  -0.014288134476783313  -0.29628518632535955 
H  1.008  9.337900000000005  6.2966999999999995  13.3264 0.13134223378895826  -0.1586602048563704  0.2412044433439788 
H  1.008  10.631600000000006  5.8239  13.914400000000008 1.4092792343153413  -0.007991502839692273  -0.19273297814385829 
O  15.999  5.7423  11.62139  5.7395 -0.33041041011729694  -0.9556101387418808  0.0966827347605213 
H  1.008  5.382100000000008  12.50299  5.7378 -0.19131012965550953  0.7846667456523383  0.22375539464316951 
H  1.008  5.0  11.0133  5.5854 0.470084046583605  0.39216625112081555  0.03324642073209345 
O  15.999  7.2202000000000055  6.02745  16.631700000000002 -0.6524616496431236  0.06685948077470105  0.33442441636957393 
H  1.008  14.622500000000016  16.1621  7.860500000000002 0.5376922325982901  -0.6183765350604712  -0.9884122728480497 
H  1.008  16.529500000000013  6.21238  7.535100000000007 -0.032956400295726  0.09389360205332803  0.4981918605415498 
O  15.999  11.100000000000009  13.080499999999999  13.374199999999995 0.3397250026427577  -1.1603157158572697  -1.2815391160525427 
H  1.008  10.965800000000016  12.4395  14.066600000000001 0.015379824878216085  0.322014215640333  0.5286877151138393 
H  1.008  10.613000000000014  13.876299999999999  13.533800000000006 -0.44706547421915066  0.32080836825862796  0.7318100069037398 
O  15.999  15.033800000000014  9.0906  14.652400000000007 -1.049003404120412  0.8985326770469986  0.22525897577071988 
H  1.008  15.100700000000018  9.8682  14.048800000000007 0.06682914175742148  -0.5420908758831963  0.34362793723855356 
H  1.008  15.615600000000015  8.4138  14.293100000000003 0.6404540836686268  -0.5137094965491036  -0.4349848889149302 
O  15.999  9.59450000000001  15.0127  14.392900000000004 0.6402885046251688  -2.2357382333806073  0.395296826327562 
H  1.008  9.65910000000001  15.9049  14.201 0.20587542905286385  2.927494566827728  -0.5961004972884185 
H  1.008  8.698200000000014  14.821599999999998  14.579500000000003 -1.2312015441794122  -0.06047183208577129  0.2678220459108015 
O  15.999  16.68470000000002  7.275599999999999  13.342300000000002 -3.0937420971071514  -0.4517284269088314  -0.6115625974677318 
H  1.008  5.107100000000003  7.5967  13.620600000000003 2.1852685068050897  -0.33536081214018587  1.1053990092574513 
H  1.008  16.552600000000012  6.328100000000001  13.555299999999995 1.0933981281511689  0.968905313178548  0.1337323312858304 
O  15.999  14.413900000000012  12.518299999999998  5.781700000000001 -0.04901602484925727  -0.3137645740434485  -1.323122595888936 
H  1.008  14.162500000000009  12.835099999999999  6.641500000000001 -0.2611968272899537  0.1828763970724201  0.550894333100591 
H  1.008  7.7094000000000165  17.006299999999996  7.034500000000001 0.4249894682728905  -0.709725259206738  -0.39149107943118705 
O  15.999  16.78370000000001  13.685899999999998  15.5978 -1.143798949162017  0.06807921211346625  -0.280266185201745 
H  1.008  15.912600000000012  13.865799999999998  15.198600000000006 0.9212632858576131  -0.15653441676427285  0.2131279968445774 
H  1.008  16.637200000000007  13.685699999999999  16.5486 0.15387023967062083  0.10024731218055521  0.12819983150767908 
O  15.999  14.83110000000002  10.6471  8.469500000000004 -0.8020371185964734  -0.541627563093893  0.18342558470724352 
H  1.008  15.172900000000013  11.5126  8.654200000000003 0.44824201102483985  0.9919058878208873  0.09190922463499121 
H  1.008  15.634200000000021  10.1197  8.455400000000004 0.7051774919385932  -0.39114192362215605  -0.18440723189345887 
O  15.999  9.79870000000001  16.1809  6.090600000000002 -1.0127791317092334  -0.22712353978183394  -0.5798917487516487 
H  1.008  9.791200000000003  16.7628  5.2768000000000015 0.37319305246718154  0.17085134759644016  0.6822026283278467 
H  1.008  9.677200000000013  15.3025  5.7151 0.28042405093572514  -0.44658210682520494  0.14039251690964444 
O  15.999  8.775500000000008  9.975800000000001  11.703700000000005 -1.2793716760892644  -0.1786741860688833  -0.5544306283858728 
H  1.008  8.241  10.4014  11.005900000000004 0.5433949394055861  -0.09888874127118857  0.43900300893226213 
H  1.008  9.688500000000005  10.208  11.506400000000006 1.218994460599755  0.5378161597705677  -0.4997010980960505 
O  15.999  13.103700000000003  7.0077  11.686600000000006 -0.8674896917224133  -0.6956150450685773  0.11584208128288759 
H  1.008  12.845200000000006  6.0624  11.797999999999995 0.45771446928428083  1.1619313970825649  -0.07869169751373452 
H  1.008  12.872500000000002  7.429  12.534100000000002 0.3395445112009758  -0.1481474782586824  -0.2899489596996155 
O  15.999  7.7409000000000106  12.112599999999999  16.284600000000005 -1.9595009668294632  1.0501316041867064  1.3340842370982355 
H  1.008  6.76730000000002  5.173400000000001  16.726099999999995 0.3757245606378144  0.41559722843201935  -0.053886722674208375 
H  1.008  6.99760000000002  11.94  16.925199999999997 1.1375758510752818  0.21691523179820543  -0.7247343310093851 
O  15.999  11.905000000000015  12.449699999999998  16.571900000000007 -0.16319511660871877  -0.6463172273130623  -0.7263422989252024 
H  1.008  11.760300000000015  11.5435  16.1993 0.14286591814887742  0.6634556867522299  0.5012828407596432 
H  1.008  11.090400000000017  12.6947  17.011500000000005 0.10987866461524  -0.08103860047753064  0.05897030784074835 
O  15.999  12.83280000000002  6.291599999999999  8.496700000000004 -0.7166872923414522  0.35279854798709437  -1.2639126612337424 
H  1.008  12.873500000000021  6.539299999999999  7.529200000000003 -0.06613545812504615  -0.13310241101180537  1.651351167865263 
H  1.008  12.32990000000001  6.9765999999999995  8.982200000000013 0.5644425040881318  -0.3108962513589492  -0.46332667326037 
External_field: 0.85  0.0  0.0   
point=   662 
12.4185   0.0  0.0 
0.0   12.4185  0.0 
0.0   0.0  12.4185 
pbc 1  1  1 
Energy='-30043.25399205718 ' 
O  15.999  11.179900000000004  11.0913  11.119999999999997 -0.5359577664070359  -0.7765657138180604  -1.0212668574586679 
H  1.008  11.092100000000002  11.3834  12.017699999999998 0.8890298797702781  0.6703549849698576  0.48253589918402634 
H  1.008  12.103800000000007  10.7406  10.951500000000003 -0.11854173960013774  -0.023628438033836942  0.5237517112686422 
O  15.999  10.964300000000009  10.0067  15.477300000000007 -0.3346409032555858  -0.5941552006381029  -0.24143327152515526 
H  1.008  10.896200000000007  7.098999999999998  6.559000000000005 0.850468988807941  0.1282466255851781  -0.7750749882063065 
H  1.008  11.27030000000002  9.1036  15.192299999999996 0.2890670713159805  0.8686153206855487  0.05825554116246688 
O  15.999  12.400300000000016  16.774  12.443099999999994 -0.4377848202553925  0.3141975478154722  0.359586260327609 
H  1.008  12.592800000000011  16.782400000000003  13.407199999999996 -0.06723486183595678  -0.08108436611376592  -0.41781300513469183 
H  1.008  11.804500000000019  16.08  12.1218 0.40168653189901915  0.06727599948650537  0.4802990394354477 
O  15.999  5.9498999999999995  8.4767  5.3217 -0.8218911771924786  -0.28159801663825507  1.0724698626552138 
H  1.008  6.4452  7.711499999999999  5.0 0.4175132145063191  -0.1984058601545066  -0.5006210388064429 
H  1.008  5.554600000000008  8.935999999999998  17.0122 0.18137795815118826  -0.0898826811248421  -0.6442783425077486 
O  15.999  9.2303  7.491300000000001  7.587400000000002 -0.8805946045252931  -0.2200442643430563  -0.13662327967813137 
H  1.008  8.734300000000005  8.248299999999999  7.261300000000006 0.30388279616104924  0.6093020835700876  -0.3361038609532195 
H  1.008  8.562100000000001  6.800099999999999  7.568400000000004 0.3960465600088098  -0.44573621388579987  0.0603695021800317 
O  15.999  14.906500000000008  11.317199999999998  13.036499999999997 0.5592586458983798  -0.9879638724570701  -0.11264054362894485 
H  1.008  14.34190000000001  11.964  13.455000000000005 -0.033881997433068904  0.4251313931672831  0.10225945751301231 
H  1.008  14.459400000000016  10.975399999999999  12.2635 -0.19150399083371966  -0.1539118915418013  -0.2397692535604655 
O  15.999  13.12190000000001  13.403799999999999  8.026700000000005 -2.9607091058806465  -1.358851159611004  0.21639792584255713 
H  1.008  12.16510000000001  13.059099999999999  8.054300000000005 2.276483533587074  0.7815834787437227  -0.09622147885374543 
H  1.008  8.14840000000001  5.9168  16.951100000000004 0.2541067532179071  -0.020851646621808228  -0.3623280847366714 
O  15.999  15.423900000000003  5.6594  9.134900000000009 -1.441322378768889  -0.38194920138644545  -1.0729038648685012 
H  1.008  15.833500000000015  6.090400000000001  9.878900000000009 1.5033615553405608  0.7762890631181212  0.9791326473255552 
H  1.008  14.67280000000001  6.2341999999999995  8.923700000000004 0.23296354349783585  -0.42154573270134305  0.15486679925516003 
O  15.999  17.163700000000006  7.025499999999999  10.723499999999994 -1.2263848395208061  -0.03710153280912664  -1.4021588212260152 
H  1.008  5.465000000000018  6.378399999999999  10.756400000000006 0.7686749982222121  0.08048015687133377  0.26845556572924956 
H  1.008  16.912200000000013  7.318  11.599399999999996 0.3772692794159133  -0.3696192190757742  1.0058839472566605 
O  15.999  14.285800000000009  7.9427  5.741800000000005 0.42200287484306404  -0.7334735106477978  0.08468339631613425 
H  1.008  14.958100000000016  7.241200000000001  5.762700000000002 -0.5813444220366452  0.016135729207046125  0.04488991849923534 
H  1.008  14.840900000000019  8.6688  5.4221 -0.06756396304034537  0.8552522691254762  -0.0027983886785667164 
O  15.999  8.08320000000002  9.8684  6.711000000000006 -0.12760950622230705  0.44971268203195136  0.5746610964843976 
H  1.008  8.238500000000016  10.5662  7.370699999999999 0.12389066261271603  -0.40307441338440164  -0.3536156445711154 
H  1.008  7.237400000000008  10.067499999999999  6.312100000000001 0.1662562720301645  -0.010529181657907404  0.011828102973978615 
O  15.999  17.210000000000008  6.266399999999999  6.866000000000007 -0.5386605100480772  1.3499782826083087  -0.738091211921875 
H  1.008  17.24520000000001  7.177899999999999  6.465200000000003 0.5030687290140831  -0.8688580328237853  0.5667050748683035 
H  1.008  7.022100000000009  14.792699999999998  8.186000000000007 0.14021511079165372  0.0737886037889764  -0.7410448952312626 
O  15.999  14.85120000000002  15.5857  7.095500000000001 -2.2546281282918805  0.3482584940284274  0.17078655579682617 
H  1.008  14.000400000000013  15.432500000000001  6.593900000000005 1.835373248505461  0.5851064601793123  0.6712944660642606 
H  1.008  11.113100000000003  15.499399999999998  10.088900000000002 0.40272062958968396  0.7624452152672625  -1.1153959725613865 
O  15.999  8.51000000000002  14.0065  11.247800000000005 -1.1337901587835493  -0.18492248096657976  -0.0230802788402772 
H  1.008  9.306200000000018  14.4598  10.937199999999997 0.9367711516731615  0.11001647574457772  0.1416585281052768 
H  1.008  8.588300000000018  13.9745  12.203600000000002 0.19746535061883985  -0.06707699610197664  -0.0479001660781272 
O  15.999  14.657300000000006  16.1141  10.944400000000009 -1.884238606709584  0.7728041898960252  -0.32706746178959345 
H  1.008  14.820700000000002  16.7544  10.211199999999998 0.5477565588049986  -0.3556133917258805  0.390508403803708 
H  1.008  13.85820000000001  16.4919  11.386600000000008 1.1656409847207825  -0.5551279115626712  -0.35162149696077327 
O  15.999  11.034300000000016  8.5611  9.2104 -1.4272615298113864  0.060651295086289435  0.6685382434775062 
H  1.008  10.614000000000019  8.9548  10.006800000000005 1.036733585623668  -0.45007623601867436  -1.0089368751479968 
H  1.008  10.292800000000014  8.1758  8.691100000000006 0.7084582195698419  0.18720099258633888  0.6581972665708585 
O  15.999  7.35260000000001  11.1736  9.419800000000002 -0.6835478295007851  -1.7105204790905402  -0.2356302916946471 
H  1.008  7.378200000000021  12.098  9.486899999999999 0.5774934237246668  2.0268479287631647  0.26892864871055816 
H  1.008  6.42110000000001  10.9534  9.3384 0.2782566109724472  -0.20757287135862437  0.18630059225995696 
O  15.999  9.851700000000008  5.604199999999999  16.716900000000003 -1.0451369791894778  -0.09619268249836142  -0.4996784723882488 
H  1.008  10.547900000000013  6.211899999999998  17.055100000000003 0.4280279979865345  0.1681316346745476  -0.07011192627119765 
H  1.008  9.725600000000014  5.6370999999999984  15.7361 0.6551361111494128  0.3563060469169921  0.657497412290901 
O  15.999  8.266300000000015  10.248  14.294199999999996 -0.7369331870589326  -0.9071947235906327  1.0475404464227782 
H  1.008  7.994200000000021  9.3191  14.447700000000005 0.2314640761353403  0.7855974849959997  -0.12990293024039004 
H  1.008  8.59180000000002  10.2356  13.386699999999998 -0.03693492532440492  0.15542987084704366  -0.6910981310383439 
O  15.999  17.170900000000017  17.03461  17.258500000000005 -1.048595627159349  2.7005792864017963  -0.026096697066751356 
H  1.008  6.133500000000012  13.4821  14.157400000000003 -1.5264505759315796  0.5703730106353406  0.8237367150402141 
H  1.008  17.051900000000018  5.21921  5.639400000000002 0.4801190622142977  -0.8177547864298197  -1.226741708639315 
O  15.999  6.496200000000002  15.0707  10.003499999999995 -0.9971082579533861  1.4317568465750818  -1.737159164703269 
H  1.008  13.62190000000001  12.3608  5.251200000000004 0.17665792697137134  0.3687573852967816  0.4712179030768501 
H  1.008  7.071300000000008  14.625300000000001  10.626399999999997 0.8538433045941876  -0.880062900391953  1.0633954111648303 
O  15.999  8.423200000000008  7.332399999999998  12.066300000000005 -0.32323497542036195  0.01789333532673393  1.0300492316301564 
H  1.008  7.8232  6.796100000000001  11.555699999999995 0.3043024001966447  -0.1974586657506257  -0.7962336245453334 
H  1.008  8.636900000000011  8.1423  11.579699999999995 0.01943188345725058  0.09307753391057069  0.3218501792587706 
O  15.999  5.917100000000019  17.221200000000003  13.332 -1.1059070592417262  -0.1567581027391307  -0.412235768161569 
H  1.008  5.228700000000018  16.559600000000003  13.1402 0.6780924628174124  0.15743224598749547  -0.1460587140520786 
H  1.008  6.2771000000000186  16.911299999999997  14.1539 0.6580923655619596  -0.05644908408275265  0.5541138684766489 
O  15.999  13.777600000000021  13.309999999999995  14.198799999999999 -0.8295741476530566  2.4146505036020405  -1.779440956157725 
H  1.008  13.003100000000018  13.2667  14.752199999999995 -0.1488524747449586  -0.12166665837993373  0.22534845016066302 
H  1.008  13.490700000000018  13.921199999999999  13.428800000000003 1.0245095327631593  -1.7045272376262448  2.0616010159465996 
O  15.999  11.619800000000012  16.05877  8.332800000000006 -1.4019731875779147  0.10594693366406006  -1.205597984698612 
H  1.008  11.031700000000015  16.145989999999998  7.526100000000007 1.1116966693358061  -0.10060366707843223  1.404891389663704 
H  1.008  12.045300000000012  16.92783  8.408400000000007 0.3297084989548119  0.2639936733066248  0.09173593228205533 
O  15.999  5.017400000000009  9.373800000000001  9.2194 -1.062286751482546  -1.9612302908143988  0.13506776226676345 
H  1.008  16.971400000000017  8.6608  9.778500000000001 1.7343036975345663  1.2444612373924813  -0.9693418864949946 
H  1.008  5.717300000000009  8.850800000000001  8.7573 -0.6929724652414634  0.7571271454925956  0.5637663039572397 
O  15.999  15.733000000000018  10.3151  5.095100000000002 -0.6275368613963748  0.01554643236293781  0.4490524227406468 
H  1.008  15.689700000000016  10.404300000000001  16.574400000000004 0.33737655701706604  -0.4530108931646833  -1.2279789234795635 
H  1.008  15.283500000000018  11.1376  5.3674000000000035 0.26903714926388  -0.19431934879313767  0.6009439414198813 
O  15.999  6.864700000000013  15.363100000000001  16.220099999999995 -1.816616022517207  0.2914576830334844  -1.4297565283171574 
H  1.008  7.450800000000015  15.0801  16.887099999999997 1.0263185609460328  -0.8164496944661661  1.028316308100798 
H  1.008  6.1311000000000035  14.7246  16.129799999999996 1.1578916797986951  0.5602284660100624  0.2872122774968716 
O  15.999  16.99330000000002  13.10872  8.920800000000007 -0.2656895729504898  -1.060930237455707  -0.587775265258651 
H  1.008  17.018000000000015  12.611509999999999  9.758000000000003 0.370664115399708  0.4760988853144383  -0.14524521701248055 
H  1.008  5.210400000000007  12.67276  8.318800000000003 -0.32727109315980885  0.47992314415356  0.5689681598691069 
O  15.999  16.364800000000017  15.2556  12.826500000000003 -0.5902394105265105  -0.7286089834704289  -0.1761143957634983 
H  1.008  16.69580000000002  14.418999999999999  12.401699999999998 -0.37845198686918485  0.8787881474455791  0.38839187168298384 
H  1.008  15.699000000000012  15.641699999999998  12.222000000000001 0.9169176072977882  -0.38093310141789566  0.0021761817140195415 
O  15.999  10.308300000000003  12.36397  8.341100000000004 -0.3408028090871303  -0.3657522799242083  -0.9862808283290017 
H  1.008  10.77340000000001  11.5701  7.966000000000001 0.1025633619064399  0.1565889241512497  0.4610954699387417 
H  1.008  10.264400000000009  12.24408  9.287600000000005 0.4085261805233514  -0.3370155741335022  0.33241844168469914 
O  15.999  5.0112000000000165  14.377  6.055700000000009 -5.821117420635026  -1.1443126555732426  0.025724915549918626 
H  1.008  16.805700000000016  14.399700000000001  6.854300000000002 1.7364917063231187  0.046221235715113544  -1.857190087253265 
H  1.008  5.8433000000000135  14.653  6.350500000000004 3.16277724537524  0.7600941985384114  1.3609718054967832 
O  15.999  13.711500000000015  9.839999999999998  10.9086 -0.4079039735588042  0.41317730613849946  -0.6739180197279959 
H  1.008  14.217600000000019  10.192400000000001  10.1295 -0.27899863134421704  -0.31024524803901804  0.23800239146940422 
H  1.008  13.701700000000017  8.877699999999999  10.830800000000004 0.15688357257330388  0.13732724772314386  0.14959346667546478 
O  15.999  9.3442  13.376199999999999  5.476599999999998 -0.60175486735632  0.12793706476480007  -0.6947300713611512 
H  1.008  12.796300000000016  10.567  7.0771000000000015 -0.15413300641349986  -0.10570987795277392  0.0731319440420948 
H  1.008  9.504200000000012  12.798599999999999  6.220900000000007 0.20819147877874852  -0.14996113442724263  0.3710441244466504 
O  15.999  12.482800000000012  7.892899999999999  14.342400000000005 -1.5042023060736474  -1.8615316520480354  0.019567123483429018 
H  1.008  12.667900000000017  6.927899999999999  14.536200000000001 -0.04894557662269283  1.1924483347007604  0.20636188177060075 
H  1.008  13.289400000000015  8.326099999999999  14.613199999999999 1.6946135780646707  0.8473846934580616  0.11701810386794495 
O  15.999  14.145300000000006  12.800399999999998  10.536800000000007 -0.9266836855380195  0.24467234728522355  0.3310794111593431 
H  1.008  14.39240000000001  13.679699999999999  10.843800000000009 0.4853183470230055  -0.12747889418181532  -0.19380461394064866 
H  1.008  13.66770000000001  12.9671  9.713299999999997 0.5449514852582178  0.08930418291400279  -0.0055489548383707175 
O  15.999  12.976400000000012  5.212299999999999  15.032900000000005 -1.8358751278421535  -0.1497564746157635  -0.5781989344315749 
H  1.008  13.940000000000012  5.0  15.109500000000004 1.2841554706274318  -0.022697698690175464  0.23196184170697806 
H  1.008  12.485900000000015  17.143  15.703300000000006 0.7355093101293202  0.09622867794259143  0.24968188468077612 
O  15.999  17.04600000000002  12.64615  11.730700000000006 -1.0112015028106955  -0.4310834969810298  0.2712647530410852 
H  1.008  16.37270000000001  12.00385  12.067500000000003 1.0315348150355919  0.9011459462980969  -0.02606224428441693 
H  1.008  5.401800000000009  12.57657  12.303100000000008 0.42940148129422506  -0.28042302249446144  -0.09797754231153766 
O  15.999  12.586200000000005  15.625720000000001  17.290200000000006 0.22617428849542565  -1.332743149690352  -1.6567869941646252 
H  1.008  12.585300000000004  14.845880000000001  16.675100000000008 0.6377400271736847  1.0466482736265057  0.9494076094804197 
H  1.008  11.732399999999998  15.54208  5.254800000000003 -0.7619484781368885  0.16570245640965434  0.6928459669660265 
O  15.999  11.031600000000012  15.030100000000001  10.913800000000002 -1.0857197856762775  -0.4805602635164311  0.3648878750420564 
H  1.008  13.001100000000008  14.341600000000001  7.918900000000001 0.2842303120527319  0.6485160347348836  0.1318569686414473 
H  1.008  11.541700000000006  14.242  10.745799999999996 0.5949013347749276  -0.5599986093876224  0.26481848320012374 
O  15.999  11.58420000000001  6.954600000000001  5.870100000000001 -0.44437918563832884  1.3440035530867602  0.5280202567336886 
H  1.008  8.872  12.841299999999999  17.201900000000002 0.6249739857671985  0.41716148759412885  0.8437409260607217 
H  1.008  12.126100000000008  7.7997  5.807700000000004 -0.46435048653839756  -1.5538307676954464  -0.14564630910532914 
O  15.999  7.126900000000006  14.726999999999999  7.201100000000004 1.0586645813517443  0.36378641444861837  1.3615981262263852 
H  1.008  17.01940000000002  16.18243  5.173400000000001 0.10842599133024348  -2.130826425848476  0.7279024443222571 
H  1.008  8.081100000000006  14.8394  7.026000000000003 -0.4296699044640545  -0.30597567413270793  -0.03050973852934959 
O  15.999  7.37060000000001  5.3907000000000025  7.400000000000006 -1.1937873652261164  0.9996953019522598  0.8606217609633289 
H  1.008  6.41170000000001  5.4557  7.252099999999999 0.9834639277076881  -0.23253005550518024  -0.23768768844270768 
H  1.008  10.09960000000001  10.1518  15.078300000000006 0.3133567970823857  -0.2430227274982258  0.1150892622778487 
O  15.999  15.550399999999996  17.274  15.025500000000001 -1.51111960201339  0.1593970830218217  -0.5158337419793055 
H  1.008  16.021500000000003  17.2757  15.862199999999994 1.0416567339530685  0.23268792123916038  1.210505192188425 
H  1.008  15.795299999999997  16.432499999999997  14.658300000000004 0.4832295828164017  -0.6031185804720052  -0.6390003819423666 
O  15.999  6.976200000000006  13.353799999999996  13.791800000000002 0.849119159649316  -0.38877907981877236  -0.908971870094331 
H  1.008  7.402000000000001  12.845899999999997  14.491499999999995 0.3552112711917682  -0.20278393461413852  0.04724144944871818 
H  1.008  5.5595  14.8894  10.049900000000001 0.45584887683190306  -0.49661731696680317  0.4278043120116767 
O  15.999  11.872900000000016  10.2723  7.179200000000002 0.15282740022921454  1.2961440104385498  -0.8234410381768963 
H  1.008  11.94420000000001  9.481  7.685600000000001 0.09495032545179449  -0.6167012042418805  0.9131452847424838 
H  1.008  7.801900000000003  11.3136  15.801000000000009 0.8204529020851743  -1.5934802637354255  -1.189537331703817 
O  15.999  7.25800000000001  5.636999999999999  10.378599999999999 -1.6478359556258875  4.116498651736309  -2.017875807178521 
H  1.008  7.349300000000014  17.2321  10.720000000000006 0.5245580092193943  -4.0630829551608825  1.196839264676189 
H  1.008  7.2405000000000115  5.606000000000002  9.403399999999998 0.5943176943577697  -0.46005314471796727  0.4916900548723477 
O  15.999  6.776300000000006  7.6561  14.400799999999997 -1.182268308851884  1.1603177727397969  -0.32234948749230397 
H  1.008  6.975400000000008  7.0646  15.115200000000009 0.37424206255617015  -0.9175747812653016  0.9063596292844968 
H  1.008  7.230900000000005  7.3195  13.633900000000004 0.8880101802573055  -0.043173450030096094  -0.7123313293689901 
O  15.999  9.70020000000001  5.722900000000001  14.027999999999999 -1.2041828495197409  -0.0088111705268726  -0.30171278509461197 
H  1.008  9.337900000000005  6.2966999999999995  13.3264 0.1552180119467185  -0.16686562347891523  0.25083271045487243 
H  1.008  10.631600000000006  5.8239  13.914400000000008 1.4375372006977882  -0.0098941191775638  -0.19284610668286686 
O  15.999  5.7423  11.62139  5.7395 -0.37413921842979875  -0.9601635624369761  0.10533758221530934 
H  1.008  5.382100000000008  12.50299  5.7378 -0.1779681611413434  0.7823085298346412  0.2212028034266305 
H  1.008  5.0  11.0133  5.5854 0.49913237007721645  0.4005537038470378  0.038151571339378985 
O  15.999  7.2202000000000055  6.02745  16.631700000000002 -0.7152222777612912  0.07175794651377244  0.3305518207910576 
H  1.008  14.622500000000016  16.1621  7.860500000000002 0.5513005673997583  -0.6129725904402841  -0.9838465078577899 
H  1.008  16.529500000000013  6.21238  7.535100000000007 -0.012001395326914481  0.09821665490535124  0.49172502187531403 
O  15.999  11.100000000000009  13.080499999999999  13.374199999999995 0.29631912488706214  -1.1564642033246595  -1.288611192402474 
H  1.008  10.965800000000016  12.4395  14.066600000000001 0.03347062092758317  0.3215647868080898  0.5335075050962365 
H  1.008  10.613000000000014  13.876299999999999  13.533800000000006 -0.42144700234002647  0.3110669726087257  0.7283724419797746 
O  15.999  15.033800000000014  9.0906  14.652400000000007 -1.1030289663652217  0.90345325427324  0.22512424996517327 
H  1.008  15.100700000000018  9.8682  14.048800000000007 0.08053980646462919  -0.5441636992502125  0.347053675087986 
H  1.008  15.615600000000015  8.4138  14.293100000000003 0.6708373239225396  -0.5321448204218149  -0.4430962051618452 
O  15.999  9.59450000000001  15.0127  14.392900000000004 0.6051605506011101  -2.2374073935516154  0.3998003706213671 
H  1.008  9.65910000000001  15.9049  14.201 0.22241842100034087  2.931819162341647  -0.5968867406345281 
H  1.008  8.698200000000014  14.821599999999998  14.579500000000003 -1.2128675217711768  -0.05599039927913606  0.267226064198479 
O  15.999  16.68470000000002  7.275599999999999  13.342300000000002 -3.1503012244051214  -0.45089076149953616  -0.608526638857247 
H  1.008  5.107100000000003  7.5967  13.620600000000003 2.2335198855747755  -0.3290400121333975  1.1181362543085533 
H  1.008  16.552600000000012  6.328100000000001  13.555299999999995 1.113933014863753  0.9684692540827331  0.13102701654162982 
O  15.999  14.413900000000012  12.518299999999998  5.781700000000001 -0.08526600829202843  -0.30567845460749443  -1.3177428196384466 
H  1.008  14.162500000000009  12.835099999999999  6.641500000000001 -0.242172206573134  0.18113576023358355  0.5429830486794686 
H  1.008  7.7094000000000165  17.006299999999996  7.034500000000001 0.44776635694037203  -0.7150520707321464  -0.3969469603351916 
O  15.999  16.78370000000001  13.685899999999998  15.5978 -1.1771410149316361  0.062321997919193385  -0.2865201365263919 
H  1.008  15.912600000000012  13.865799999999998  15.198600000000006 0.9341661099521732  -0.15320895193805253  0.21634804644126693 
H  1.008  16.637200000000007  13.685699999999999  16.5486 0.16991032384014154  0.10322927762469493  0.1345088044399347 
O  15.999  14.83110000000002  10.6471  8.469500000000004 -0.8487756602672352  -0.5393408239440242  0.18997418445394457 
H  1.008  15.172900000000013  11.5126  8.654200000000003 0.47012004202783503  0.996716936052543  0.09110909733182146 
H  1.008  15.634200000000021  10.1197  8.455400000000004 0.7380423609618486  -0.4020943088600819  -0.18270773270517093 
O  15.999  9.79870000000001  16.1809  6.090600000000002 -1.0683154741704397  -0.22631312806602705  -0.5777978423387263 
H  1.008  9.791200000000003  16.7628  5.2768000000000015 0.3890485314298655  0.17073256263048117  0.6792669427405742 
H  1.008  9.677200000000013  15.3025  5.7151 0.3010237294479234  -0.4444671173663764  0.13837471515023692 
O  15.999  8.775500000000008  9.975800000000001  11.703700000000005 -1.3354582346265578  -0.18523718399327635  -0.5501502558462937 
H  1.008  8.241  10.4014  11.005900000000004 0.566058699534059  -0.1032081945787888  0.4481998449330275 
H  1.008  9.688500000000005  10.208  11.506400000000006 1.2715915179292654  0.550728754057133  -0.5082957817369113 
O  15.999  13.103700000000003  7.0077  11.686600000000006 -0.9043824509550059  -0.6951599598093837  0.11485991987604041 
H  1.008  12.845200000000006  6.0624  11.797999999999995 0.4745515954331801  1.1642711009575148  -0.0793041342862764 
H  1.008  12.872500000000002  7.429  12.534100000000002 0.35546683884580116  -0.14938212199577147  -0.2915147615236206 
O  15.999  7.7409000000000106  12.112599999999999  16.284600000000005 -2.005602903357986  1.0508556268363616  1.3318566333210302 
H  1.008  6.76730000000002  5.173400000000001  16.726099999999995 0.3990367529830592  0.4202493824884312  -0.05627836283297606 
H  1.008  6.99760000000002  11.94  16.925199999999997 1.169001930770601  0.21861113144207037  -0.739423043358385 
O  15.999  11.905000000000015  12.449699999999998  16.571900000000007 -0.20317474229434998  -0.6447586245779032  -0.7303048831142938 
H  1.008  11.760300000000015  11.5435  16.1993 0.15960791348088313  0.6682456519379795  0.504948719644153 
H  1.008  11.090400000000017  12.6947  17.011500000000005 0.13107741016355182  -0.08731466328934741  0.0555491979770026 
O  15.999  12.83280000000002  6.291599999999999  8.496700000000004 -0.7656482955831008  0.3486693563132813  -1.2676669860669316 
H  1.008  12.873500000000021  6.539299999999999  7.529200000000003 -0.042927138347436514  -0.13198809490257085  1.6545367646796185 
H  1.008  12.32990000000001  6.9765999999999995  8.982200000000013 0.5860341141991826  -0.3170895246490369  -0.4646194239288589 
External_field: 0.9  0.0  0.0   
point=   662 
12.4185   0.0  0.0 
0.0   12.4185  0.0 
0.0   0.0  12.4185 
pbc 1  1  1 
Energy='-30043.37534124408 ' 
O  15.999  11.179900000000004  11.0913  11.119999999999997 -0.6048376200443037  -0.7747325172654896  -1.01061014908406 
H  1.008  11.092100000000002  11.3834  12.017699999999998 0.9047984554461783  0.6717243545124932  0.4817337149983292 
H  1.008  12.103800000000007  10.7406  10.951500000000003 -0.06460719440716664  -0.04276310196587408  0.5161222197537774 
O  15.999  10.964300000000009  10.0067  15.477300000000007 -0.37645989614137015  -0.5855749151749341  -0.23705262596236404 
H  1.008  10.896200000000007  7.098999999999998  6.559000000000005 0.8770835060509723  0.1256595815863047  -0.7785315792936504 
H  1.008  11.27030000000002  9.1036  15.192299999999996 0.3160646829297456  0.8503733437704155  0.0496531442121283 
O  15.999  12.400300000000016  16.774  12.443099999999994 -0.4881537595870659  0.3137141804215265  0.36025988935534187 
H  1.008  12.592800000000011  16.782400000000003  13.407199999999996 -0.048900839427721256  -0.08154922156496482  -0.40924248986352846 
H  1.008  11.804500000000019  16.08  12.1218 0.4251771588035184  0.07399274937982371  0.48935652164497995 
O  15.999  5.9498999999999995  8.4767  5.3217 -0.864866138058678  -0.2809110178740939  1.0797800231576953 
H  1.008  6.4452  7.711499999999999  5.0 0.4410429221788395  -0.20995474132538677  -0.5050736752576943 
H  1.008  5.554600000000008  8.935999999999998  17.0122 0.1999546926976604  -0.08912574835474835  -0.6472248267282903 
O  15.999  9.2303  7.491300000000001  7.587400000000002 -0.9278180562518964  -0.22517772891088644  -0.13891053304863207 
H  1.008  8.734300000000005  8.248299999999999  7.261300000000006 0.321164723156505  0.5989986447695655  -0.33259276247889874 
H  1.008  8.562100000000001  6.800099999999999  7.568400000000004 0.41705401548207066  -0.4335975216501795  0.058683886948803915 
O  15.999  14.906500000000008  11.317199999999998  13.036499999999997 0.5198066105810341  -0.9884328416733239  -0.1044988883647503 
H  1.008  14.34190000000001  11.964  13.455000000000005 -0.015089804441848641  0.41344778619085637  0.09364934725319587 
H  1.008  14.459400000000016  10.975399999999999  12.2635 -0.17576421151320357  -0.14774741460709753  -0.23465790047980517 
O  15.999  13.12190000000001  13.403799999999999  8.026700000000005 -2.99414116026084  -1.3614253480940812  0.2185262850378139 
H  1.008  12.16510000000001  13.059099999999999  8.054300000000005 2.301643834883213  0.7879279328995764  -0.0980829575410684 
H  1.008  8.14840000000001  5.9168  16.951100000000004 0.3168041321983562  -0.02481731613469072  -0.35908798053533936 
O  15.999  15.423900000000003  5.6594  9.134900000000009 -1.4926729652867776  -0.39708837100895233  -1.0782923828697324 
H  1.008  15.833500000000015  6.090400000000001  9.878900000000009 1.5369273070850376  0.7906157641422938  0.9957100920553665 
H  1.008  14.67280000000001  6.2341999999999995  8.923700000000004 0.26677355004244474  -0.4214578009732955  0.15895331061652898 
O  15.999  17.163700000000006  7.025499999999999  10.723499999999994 -1.280320413155041  -0.03490683915236024  -1.4019083957783005 
H  1.008  5.465000000000018  6.378399999999999  10.756400000000006 0.8098830969973501  0.06576676193200456  0.263500021500042 
H  1.008  16.912200000000013  7.318  11.599399999999996 0.393165381808514  -0.36882423397892306  1.000054227953296 
O  15.999  14.285800000000009  7.9427  5.741800000000005 0.3766897527638103  -0.7395737100035193  0.08705806719405067 
H  1.008  14.958100000000016  7.241200000000001  5.762700000000002 -0.5632238011906304  0.012530014136463652  0.04749753132338304 
H  1.008  14.840900000000019  8.6688  5.4221 -0.04804414785504721  0.868955734743838  -0.005691393953395153 
O  15.999  8.08320000000002  9.8684  6.711000000000006 -0.16320128725630104  0.44914395401311735  0.5712353586349651 
H  1.008  8.238500000000016  10.5662  7.370699999999999 0.1448502955672142  -0.3992275288374782  -0.353563194066666 
H  1.008  7.237400000000008  10.067499999999999  6.312100000000001 0.18333611031730038  -0.007697882858901829  0.014308189081425745 
O  15.999  17.210000000000008  6.266399999999999  6.866000000000007 -0.5820694731275639  1.3461931045372082  -0.7379780833828665 
H  1.008  17.24520000000001  7.177899999999999  6.465200000000003 0.5237537681511697  -0.8577194997171269  0.560333881239593 
H  1.008  7.022100000000009  14.792699999999998  8.186000000000007 0.15471407572749848  0.0736158256566724  -0.7484126484445123 
O  15.999  14.85120000000002  15.5857  7.095500000000001 -2.283196169715337  0.3424549999772874  0.170621490974 
H  1.008  14.000400000000013  15.432500000000001  6.593900000000005 1.8462341024709161  0.585888589760367  0.6734012279929795 
H  1.008  11.113100000000003  15.499399999999998  10.088900000000002 0.4198842858398125  0.7661038950629262  -1.1195488183842652 
O  15.999  8.51000000000002  14.0065  11.247800000000005 -1.1998664815359321  -0.18680607114107256  -0.020868615902659513 
H  1.008  9.306200000000018  14.4598  10.937199999999997 0.9874362820887848  0.12274240794177894  0.13264424042882061 
H  1.008  8.588300000000018  13.9745  12.203600000000002 0.21710035122567398  -0.0674050688651015  -0.04921348557189041 
O  15.999  14.657300000000006  16.1141  10.944400000000009 -1.9288894126150056  0.7676686684456676  -0.3281653228386085 
H  1.008  14.820700000000002  16.7544  10.211199999999998 0.5643370888586011  -0.34581080382078727  0.382137920358337 
H  1.008  13.85820000000001  16.4919  11.386600000000008 1.1942943867691276  -0.5550512926885244  -0.3624211586710375 
O  15.999  11.034300000000016  8.5611  9.2104 -1.4636081867329467  0.05914102909052493  0.6638248971659033 
H  1.008  10.614000000000019  8.9548  10.006800000000005 1.0494590036002374  -0.44810728521929327  -1.0065046115593124 
H  1.008  10.292800000000014  8.1758  8.691100000000006 0.7353272760256427  0.19661431547311622  0.6722843407805857 
O  15.999  7.35260000000001  11.1736  9.419800000000002 -0.7156254267366672  -1.7136222579419025  -0.2401862864929016 
H  1.008  7.378200000000021  12.098  9.486899999999999 0.5964362833610213  2.0305821989917114  0.26933436878909345 
H  1.008  6.42110000000001  10.9534  9.3384 0.29219713230209504  -0.20094302475208986  0.1857848289662042 
O  15.999  9.851700000000008  5.604199999999999  16.716900000000003 -1.1089990679010833  -0.10109011979616911  -0.5046581849871536 
H  1.008  10.547900000000013  6.211899999999998  17.055100000000003 0.46391905542826944  0.18459543664471859  -0.05262173991983974 
H  1.008  9.725600000000014  5.6370999999999984  15.7361 0.6730309891380423  0.35394371733424024  0.6576182541393873 
O  15.999  8.266300000000015  10.248  14.294199999999996 -0.786647523526252  -0.9080642706791032  1.0515477678068412 
H  1.008  7.994200000000021  9.3191  14.447700000000005 0.25326086027850203  0.7939458569542008  -0.13049376974639393 
H  1.008  8.59180000000002  10.2356  13.386699999999998 -0.018341221497081527  0.15618937472029668  -0.6984093199820892 
O  15.999  17.170900000000017  17.03461  17.258500000000005 -1.0946985921291352  2.7027045602732622  -0.03714986954852122 
H  1.008  6.133500000000012  13.4821  14.157400000000003 -1.5117659773476344  0.5698171381323031  0.8275938839997746 
H  1.008  17.051900000000018  5.21921  5.639400000000002 0.49610155367305037  -0.8152016809926488  -1.2251306553997063 
O  15.999  6.496200000000002  15.0707  10.003499999999995 -1.0449492886588498  1.4426737505894096  -1.7499735428491494 
H  1.008  13.62190000000001  12.3608  5.251200000000004 0.19766486822400042  0.3679212625493819  0.4778652331848677 
H  1.008  7.071300000000008  14.625300000000001  10.626399999999997 0.9022196389774146  -0.8962320539400698  1.0856184842118015 
O  15.999  8.423200000000008  7.332399999999998  12.066300000000005 -0.368125922360861  0.011998824223755197  1.0330877613438008 
H  1.008  7.8232  6.796100000000001  11.555699999999995 0.32505685911903187  -0.18932472379590898  -0.7905710269473222 
H  1.008  8.636900000000011  8.1423  11.579699999999995 0.03663410625476848  0.10171901162893043  0.31823623665807843 
O  15.999  5.917100000000019  17.221200000000003  13.332 -1.1495515353706034  -0.1568280367450633  -0.41363959048653914 
H  1.008  5.228700000000018  16.559600000000003  13.1402 0.7034265706871196  0.16526999685826244  -0.1432500409608747 
H  1.008  6.2771000000000186  16.911299999999997  14.1539 0.6779988746624145  -0.05713608284691382  0.5562545689670702 
O  15.999  13.777600000000021  13.309999999999995  14.198799999999999 -0.8621042590449731  2.415663518246799  -1.776415796180509 
H  1.008  13.003100000000018  13.2667  14.752199999999995 -0.1326730367842046  -0.11825480448756145  0.2259104933112829 
H  1.008  13.490700000000018  13.921199999999999  13.428800000000003 1.042752023898924  -1.7003810766715803  2.0596850298722997 
O  15.999  11.619800000000012  16.05877  8.332800000000006 -1.4460274975503822  0.10142127788308514  -1.2058226991147336 
H  1.008  11.031700000000015  16.145989999999998  7.526100000000007 1.1372956008309196  -0.10063863408139853  1.4157363027895717 
H  1.008  12.045300000000012  16.92783  8.408400000000007 0.3519074036320859  0.2751075238229539  0.0929885737412594 
O  15.999  5.017400000000009  9.373800000000001  9.2194 -1.1100938436263073  -1.9622361063703113  0.1344640672449631 
H  1.008  16.971400000000017  8.6608  9.778500000000001 1.7490016658549397  1.2439871259699091  -0.9691624234944766 
H  1.008  5.717300000000009  8.850800000000001  8.7573 -0.6717192123061747  0.7593089836335656  0.5602906867065172 
O  15.999  15.733000000000018  10.3151  5.095100000000002 -0.6794314933427684  0.011059343129352148  0.45139006973306944 
H  1.008  15.689700000000016  10.404300000000001  16.574400000000004 0.3552503519597893  -0.45068867279121627  -1.2273562022943842 
H  1.008  15.283500000000018  11.1376  5.3674000000000035 0.29560795775320364  -0.20878077562285688  0.5934532894756178 
O  15.999  6.864700000000013  15.363100000000001  16.220099999999995 -1.8585337457643079  0.2942977235832316  -1.4298696568561662 
H  1.008  7.450800000000015  15.0801  16.887099999999997 1.049550020652076  -0.818023209599649  1.0294774182875315 
H  1.008  6.1311000000000035  14.7246  16.129799999999996 1.1811622202727592  0.56029428625094  0.2887210008307406 
O  15.999  16.99330000000002  13.10872  8.920800000000007 -0.3083796555866402  -1.06973318045247  -0.58789405022461 
H  1.008  17.018000000000015  12.611509999999999  9.758000000000003 0.3897226746782303  0.4781691375782954  -0.14594764239559746 
H  1.008  5.210400000000007  12.67276  8.318800000000003 -0.30847530062416556  0.48147814734429617  0.568146949520031 
O  15.999  16.364800000000017  15.2556  12.826500000000003 -0.6404330006227207  -0.7269480508295302  -0.17760049338956552 
H  1.008  16.69580000000002  14.418999999999999  12.401699999999998 -0.3592926403468185  0.8718636524169903  0.3849249961830029 
H  1.008  15.699000000000012  15.641699999999998  12.222000000000001 0.9448742403899668  -0.388193382519087  0.01502861218665764 
O  15.999  10.308300000000003  12.36397  8.341100000000004 -0.3970791150375789  -0.364799429093377  -0.9841416705004759 
H  1.008  10.77340000000001  11.5701  7.966000000000001 0.13185902552397472  0.14433401805282964  0.452893136639988 
H  1.008  10.264400000000009  12.24408  9.287600000000005 0.4272150151675683  -0.33639799515464175  0.3348121387259943 
O  15.999  5.0112000000000165  14.377  6.055700000000009 -5.881359910318988  -1.147385638069221  0.01460900815106219 
H  1.008  16.805700000000016  14.399700000000001  6.854300000000002 1.7600142149067928  0.04350049435195726  -1.8558531136104364 
H  1.008  5.8433000000000135  14.653  6.350500000000004 3.218044136225353  0.768016795813435  1.3805744102038104 
O  15.999  13.711500000000015  9.839999999999998  10.9086 -0.46099571113616133  0.4129649330175425  -0.6699482364500586 
H  1.008  14.217600000000019  10.192400000000001  10.1295 -0.2545901206118528  -0.3026373537906912  0.22275934927926214 
H  1.008  13.701700000000017  8.877699999999999  10.830800000000004 0.17361374083077688  0.1391779277771978  0.1503051480299551 
O  15.999  9.3442  13.376199999999999  5.476599999999998 -0.6557855718074485  0.1286081226893737  -0.70042249375581 
H  1.008  12.796300000000016  10.567  7.0771000000000015 -0.12697958594828201  -0.10065354647972238  0.07281209880907964 
H  1.008  9.504200000000012  12.798599999999999  6.220900000000007 0.22919482048695464  -0.15293230123811338  0.37530032861653223 
O  15.999  12.482800000000012  7.892899999999999  14.342400000000005 -1.5590408511374234  -1.863994254653999  0.02181786718906785 
H  1.008  12.667900000000017  6.927899999999999  14.536200000000001 -0.034899640063514245  1.1874701647637511  0.20773793618145053 
H  1.008  13.289400000000015  8.326099999999999  14.613199999999999 1.7394037377613254  0.8644403633755002  0.1197043924487668 
O  15.999  14.145300000000006  12.800399999999998  10.536800000000007 -0.9697614905305901  0.24415298444704783  0.33059347266223804 
H  1.008  14.39240000000001  13.679699999999999  10.843800000000009 0.5059118548876215  -0.12505023013755392  -0.19240799070452458 
H  1.008  13.66770000000001  12.9671  9.713299999999997 0.5636773437879284  0.08800114783287671  -0.00022214331296229728 
O  15.999  12.976400000000012  5.212299999999999  15.032900000000005 -1.9093372015299008  -0.14049330415348846  -0.5836198483326132 
H  1.008  13.940000000000012  5.0  15.109500000000004 1.3658867262960739  -0.032914748424545566  0.23214233314875993 
H  1.008  12.485900000000015  17.143  15.703300000000006 0.7511385320139871  0.09569337426482812  0.24857888142544252 
O  15.999  17.04600000000002  12.64615  11.730700000000006 -1.0590337917654178  -0.4330833010183224  0.27169052772426294 
H  1.008  16.37270000000001  12.00385  12.067500000000003 1.0641286897858584  0.9087296721767264  -0.03394678923268291 
H  1.008  5.401800000000009  12.57657  12.303100000000008 0.4595702915446533  -0.2792552274395138  -0.09094351828836343 
O  15.999  12.586200000000005  15.625720000000001  17.290200000000006 0.1967480128373991  -1.326334417955516  -1.6593395853811646 
H  1.008  12.585300000000004  14.845880000000001  16.675100000000008 0.6543838063650057  1.0451740030749717  0.9478387223326235 
H  1.008  11.732399999999998  15.54208  5.254800000000003 -0.7460549468474471  0.15925772923058842  0.6922268453252703 
O  15.999  11.031600000000012  15.030100000000001  10.913800000000002 -1.1379615165491745  -0.49099739968123607  0.3607756526490946 
H  1.008  13.001100000000008  14.341600000000001  7.918900000000001 0.30392804757665265  0.6510305736246652  0.12800494188820524 
H  1.008  11.541700000000006  14.242  10.745799999999996 0.6170853270538778  -0.5632032323653562  0.26499743198001 
O  15.999  11.58420000000001  6.954600000000001  5.870100000000001 -0.496415742479115  1.3326361917989256  0.5183179418518075 
H  1.008  8.872  12.841299999999999  17.201900000000002 0.65930798313567  0.42858335626894023  0.8596051467741473 
H  1.008  12.126100000000008  7.7997  5.807700000000004 -0.4287839023153646  -1.547153612790781  -0.14911112772278276 
O  15.999  7.126900000000006  14.726999999999999  7.201100000000004 1.0049105276005552  0.36108469924884073  1.362175595995961 
H  1.008  17.01940000000002  16.18243  5.173400000000001 0.1262139114274467  -2.136019540009601  0.7288876910528955 
H  1.008  8.081100000000006  14.8394  7.026000000000003 -0.4017292122114633  -0.3049271782643511  -0.040626001019875686 
O  15.999  7.37060000000001  5.3907000000000025  7.400000000000006 -1.237315113271562  1.0019928397353974  0.8644208229914896 
H  1.008  6.41170000000001  5.4557  7.252099999999999 1.0130573250710682  -0.24274659101891846  -0.23530324737278593 
H  1.008  10.09960000000001  10.1518  15.078300000000006 0.33938407436383633  -0.24455150543673715  0.11687000832597007 
O  15.999  15.550399999999996  17.274  15.025500000000001 -1.5762955244393906  0.1604995720565235  -0.5242520479434393 
H  1.008  16.021500000000003  17.2757  15.862199999999994 1.0702314602447394  0.23357186650532288  1.2332291161308249 
H  1.008  15.795299999999997  16.432499999999997  14.658300000000004 0.5006112686144377  -0.6057205368692025  -0.6432565861122486 
O  15.999  6.976200000000006  13.353799999999996  13.791800000000002 0.8089441301235789  -0.38824223347911346  -0.9209398410801749 
H  1.008  7.402000000000001  12.845899999999997  14.491499999999995 0.3738543401997499  -0.20810149016817353  0.052568260974126584 
H  1.008  5.5595  14.8894  10.049900000000001 0.46780964872890074  -0.49547060495776163  0.429088320929424 
O  15.999  11.872900000000016  10.2723  7.179200000000002 0.11109171108579105  1.2943828047744392  -0.8160444886082628 
H  1.008  11.94420000000001  9.481  7.685600000000001 0.1120841569052754  -0.6118557032278904  0.908652024861316 
H  1.008  7.801900000000003  11.3136  15.801000000000009 0.8365927450572753  -1.6012182558036123  -1.1948590010229068 
O  15.999  7.25800000000001  5.636999999999999  10.378599999999999 -1.6940381651776226  4.117303407025166  -2.0188101460666052 
H  1.008  7.349300000000014  17.2321  10.720000000000006 0.5439035036104929  -4.063275273677197  1.197724752604247 
H  1.008  7.2405000000000115  5.606000000000002  9.403399999999998 0.6121529227531038  -0.45995955656296916  0.48785036941427024 
O  15.999  6.776300000000006  7.6561  14.400799999999997 -1.2351312182480647  1.155518551582674  -0.3249473301244464 
H  1.008  6.975400000000008  7.0646  15.115200000000009 0.38912000809769365  -0.919740164346052  0.9110369801518694 
H  1.008  7.230900000000005  7.3195  13.633900000000004 0.9142781127944654  -0.040359120511941814  -0.7247297030236984 
O  15.999  9.70020000000001  5.722900000000001  14.027999999999999 -1.247630379146617  -0.0033450052102308877  -0.3069660630696648 
H  1.008  9.337900000000005  6.2966999999999995  13.3264 0.1790253987604417  -0.1750350466572301  0.26030928247936824 
H  1.008  10.631600000000006  5.8239  13.914400000000008 1.4663926914544534  -0.01171086066991518  -0.1930836766147849 
O  15.999  5.7423  11.62139  5.7395 -0.4175666934520323  -0.9647545242381967  0.11408447516319979 
H  1.008  5.382100000000008  12.50299  5.7378 -0.16461796509706755  0.7801210352667208  0.2186322144879765 
H  1.008  5.0  11.0133  5.5854 0.527903528650257  0.4087992316788675  0.04295439204092495 
O  15.999  7.2202000000000055  6.02745  16.631700000000002 -0.7786915019101579  0.07694540424794757  0.3263650364064765 
H  1.008  14.622500000000016  16.1621  7.860500000000002 0.5648831911696335  -0.6075383068028176  -0.9791958964632737 
H  1.008  16.529500000000013  6.21238  7.535100000000007 0.00887699076775032  0.1024744017371286  0.48537182596871864 
O  15.999  11.100000000000009  13.080499999999999  13.374199999999995 0.25338530167141143  -1.152814779500369  -1.2957958830707825 
H  1.008  10.965800000000016  12.4395  14.066600000000001 0.05153467750409368  0.3209652055513444  0.5383170106659966 
H  1.008  10.613000000000014  13.876299999999999  13.533800000000006 -0.39599873749004705  0.30158063039222466  0.7248777985656732 
O  15.999  15.033800000000014  9.0906  14.652400000000007 -1.1572890132181581  0.908454049918051  0.22510316691926713 
H  1.008  15.100700000000018  9.8682  14.048800000000007 0.0941964780054919  -0.546257605663135  0.35042284866791423 
H  1.008  15.615600000000015  8.4138  14.293100000000003 0.7014277950910908  -0.5507848041060055  -0.4513185930652413 
O  15.999  9.59450000000001  15.0127  14.392900000000004 0.5703838092686097  -2.238972681154989  0.40428128920737044 
H  1.008  9.65910000000001  15.9049  14.201 0.23895164275581254  2.936254829512047  -0.597647272949045 
H  1.008  8.698200000000014  14.821599999999998  14.579500000000003 -1.1949042524385105  -0.05156707340390068  0.2666377957956344 
O  15.999  16.68470000000002  7.275599999999999  13.342300000000002 -3.2072737850911044  -0.45000013136515954  -0.6056207780666222 
H  1.008  5.107100000000003  7.5967  13.620600000000003 2.282298340492115  -0.3225042679024929  1.1311177541597877 
H  1.008  16.552600000000012  6.328100000000001  13.555299999999995 1.1344514465161175  0.9677560300663473  0.1284641409124537 
O  15.999  14.413900000000012  12.518299999999998  5.781700000000001 -0.12113341158469786  -0.2975743374494255  -1.3122817965281233 
H  1.008  14.162500000000009  12.835099999999999  6.641500000000001 -0.22320723544960977  0.17955453179062275  0.5351792363704041 
H  1.008  7.7094000000000165  17.006299999999996  7.034500000000001 0.47062757779147807  -0.7206509049718073  -0.4024876876434526 
O  15.999  16.78370000000001  13.685899999999998  15.5978 -1.2100778748433516  0.05651439010299851  -0.29285379204897666 
H  1.008  15.912600000000012  13.865799999999998  15.198600000000006 0.9467480603724543  -0.14984954855012964  0.2194683372353763 
H  1.008  16.637200000000007  13.685699999999999  16.5486 0.18589847172584467  0.10615005081364365  0.14084143152125575 
O  15.999  14.83110000000002  10.6471  8.469500000000004 -0.8961621199341372  -0.5370299164244581  0.1964466795471308 
H  1.008  15.172900000000013  11.5126  8.654200000000003 0.4921878204439854  1.0017352151988368  0.09029148652716855 
H  1.008  15.634200000000021  10.1197  8.455400000000004 0.7714163084106427  -0.4132369557317949  -0.18104320051984926 
O  15.999  9.79870000000001  16.1809  6.090600000000002 -1.1238533592935411  -0.22547854798052286  -0.5754997903349567 
H  1.008  9.791200000000003  16.7628  5.2768000000000015 0.4049430911605707  0.1705824102059789  0.676189846479541 
H  1.008  9.677200000000013  15.3025  5.7151 0.3215581019398757  -0.44253981843817575  0.1362952069150065 
O  15.999  8.775500000000008  9.975800000000001  11.703700000000005 -1.391858467749284  -0.19191691000110095  -0.5455577513831773 
H  1.008  8.241  10.4014  11.005900000000004 0.5886463550090171  -0.1074654271899343  0.4573709699022002 
H  1.008  9.688500000000005  10.208  11.506400000000006 1.324699710566842  0.5637071685845761  -0.5170365040372193 
O  15.999  13.103700000000003  7.0077  11.686600000000006 -0.9412494991560056  -0.6946735070916469  0.11383507815674906 
H  1.008  12.845200000000006  6.0624  11.797999999999995 0.49131415959046015  1.1664909914252424  -0.07992685547145545 
H  1.008  12.872500000000002  7.429  12.534100000000002 0.37146218582035034  -0.15060133911390483  -0.2930198853130665 
O  15.999  7.7409000000000106  12.112599999999999  16.284600000000005 -2.0514595566451126  1.0516788940679647  1.3295364698300907 
H  1.008  6.76730000000002  5.173400000000001  16.726099999999995 0.42216176901830793  0.4248105194930042  -0.05857281529232275 
H  1.008  6.99760000000002  11.94  16.925199999999997 1.2002305497432868  0.22039907657903776  -0.7537368888667614 
O  15.999  11.905000000000015  12.449699999999998  16.571900000000007 -0.24266123039403018  -0.6432406452726609  -0.7344736697767599 
H  1.008  11.760300000000015  11.5435  16.1993 0.17627946058632443  0.6729656831177965  0.5085323232275656 
H  1.008  11.090400000000017  12.6947  17.011500000000005 0.1519825357310732  -0.09354598890619259  0.05236925758959786 
O  15.999  12.83280000000002  6.291599999999999  8.496700000000004 -0.8144792010048894  0.3443817846848562  -1.2713333791720731 
H  1.008  12.873500000000021  6.539299999999999  7.529200000000003 -0.019723960776145456  -0.13081207231751352  1.6573937745102165 
H  1.008  12.32990000000001  6.9765999999999995  8.982200000000013 0.6075964137342175  -0.32310744870366137  -0.46580675936781707 
External_field: 0.95  0.0  0.0   
point=   662 
12.4185   0.0  0.0 
0.0   12.4185  0.0 
0.0   0.0  12.4185 
pbc 1  1  1 
Energy='-30043.51361130016 ' 
O  15.999  11.179900000000004  11.0913  11.119999999999997 -0.6741967273104624  -0.7728170454118216  -1.000007433875797 
H  1.008  11.092100000000002  11.3834  12.017699999999998 0.920460073230652  0.6732320494050984  0.4811130506956776 
H  1.008  12.103800000000007  10.7406  10.951500000000003 -0.010138373977695956  -0.06233896720004466  0.508332805622405 
O  15.999  10.964300000000009  10.0067  15.477300000000007 -0.41803412000639045  -0.5769010415567675  -0.2324297824819681 
H  1.008  10.896200000000007  7.098999999999998  6.559000000000005 0.9033103009375837  0.12305659674784368  -0.7818909826815732 
H  1.008  11.27030000000002  9.1036  15.192299999999996 0.3430977757671088  0.8319097377629519  0.041022979347669415 
O  15.999  12.400300000000016  16.774  12.443099999999994 -0.5385211562568438  0.31330948878425485  0.36081010543142905 
H  1.008  12.592800000000011  16.782400000000003  13.407199999999996 -0.03050048255797616  -0.0820403022683884  -0.40056655936283425 
H  1.008  11.804500000000019  16.08  12.1218 0.4485073488708782  0.08072801121588892  0.4984021767799794 
O  15.999  5.9498999999999995  8.4767  5.3217 -0.908039588088774  -0.2800887790837543  1.08707167171743 
H  1.008  6.4452  7.711499999999999  5.0 0.4647027276712197  -0.22175816170903626  -0.5095859613022409 
H  1.008  5.554600000000008  8.935999999999998  17.0122 0.2184100711750142  -0.08827882697407959  -0.6502839252672085 
O  15.999  9.2303  7.491300000000001  7.587400000000002 -0.9746018493382617  -0.23033484762778197  -0.14124509471726363 
H  1.008  8.734300000000005  8.248299999999999  7.261300000000006 0.33835614732075386  0.5888998657805226  -0.32922924532592096 
H  1.008  8.562100000000001  6.800099999999999  7.568400000000004 0.4379046336626152  -0.421642920400764  0.05700907035084511 
O  15.999  14.906500000000008  11.317199999999998  13.036499999999997 0.4804867299660755  -0.9890864160964143  -0.09649658689178901 
H  1.008  14.34190000000001  11.964  13.455000000000005 0.003696217901789335  0.40194518487684333  0.08508191730582355 
H  1.008  14.459400000000016  10.975399999999999  12.2635 -0.1601020795080979  -0.1416991515351935  -0.22967355989521368 
O  15.999  13.12190000000001  13.403799999999999  8.026700000000005 -3.027181378519559  -1.3640262760500146  0.22071120850257503 
H  1.008  12.16510000000001  13.059099999999999  8.054300000000005 2.326393273894499  0.7942955269838637  -0.09997683212819834 
H  1.008  8.14840000000001  5.9168  16.951100000000004 0.38017565442717005  -0.028709452097217637  -0.3555408866167886 
O  15.999  15.423900000000003  5.6594  9.134900000000009 -1.5439309920909323  -0.41259109461818233  -1.0838192262209334 
H  1.008  15.833500000000015  6.090400000000001  9.878900000000009 1.570543966672068  0.8050941602528644  1.0125302489234147 
H  1.008  14.67280000000001  6.2341999999999995  8.923700000000004 0.30022411636538543  -0.42114104106407146  0.16290098240729647 
O  15.999  17.163700000000006  7.025499999999999  10.723499999999994 -1.3344179662883107  -0.032576905469415406  -1.4016209464450924 
H  1.008  5.465000000000018  6.378399999999999  10.756400000000006 0.8514768612463811  0.05090064346501379  0.2586941154747049 
H  1.008  16.912200000000013  7.318  11.599399999999996 0.4089226446305133  -0.36807604295957086  0.994113951214082 
O  15.999  14.285800000000009  7.9427  5.741800000000005 0.3308485260956392  -0.7454898183730361  0.08947644682567493 
H  1.008  14.958100000000016  7.241200000000001  5.762700000000002 -0.5448578971032199  0.008657932778579165  0.05024552638002775 
H  1.008  14.840900000000019  8.6688  5.4221 -0.02838600731977947  0.8828741445863161  -0.008640963497727878 
O  15.999  8.08320000000002  9.8684  6.711000000000006 -0.19838014912291374  0.44837108040343604  0.5678949814104209 
H  1.008  8.238500000000016  10.5662  7.370699999999999 0.16576004912042236  -0.3953559617002256  -0.3534942885019971 
H  1.008  7.237400000000008  10.067499999999999  6.312100000000001 0.20018609198199613  -0.004675808205477243  0.016696743916402294 
O  15.999  17.210000000000008  6.266399999999999  6.866000000000007 -0.6250835147617843  1.3421754987405083  -0.7377955350585572 
H  1.008  17.24520000000001  7.177899999999999  6.465200000000003 0.5443853283425429  -0.8465022908537947  0.5538845260748405 
H  1.008  7.022100000000009  14.792699999999998  8.186000000000007 0.16927063337411122  0.07343276311173125  -0.7556024813191392 
O  15.999  14.85120000000002  15.5857  7.095500000000001 -2.31130346945265  0.33643039105444883  0.17042505869263058 
H  1.008  14.000400000000013  15.432500000000001  6.593900000000005 1.856564280744295  0.5866285532496095  0.675354237952773 
H  1.008  11.113100000000003  15.499399999999998  10.088900000000002 0.4370083471012881  0.7697384064888928  -1.123732517445055 
O  15.999  8.51000000000002  14.0065  11.247800000000005 -1.2664302854473153  -0.18890974774600025  -0.018638955242926823 
H  1.008  9.306200000000018  14.4598  10.937199999999997 1.03879972412247  0.13567557105361863  0.12352350908156998 
H  1.008  8.588300000000018  13.9745  12.203600000000002 0.23678266013063903  -0.06774239759959981  -0.05034425674134433 
O  15.999  14.657300000000006  16.1141  10.944400000000009 -1.9732162595223577  0.7624138478087192  -0.32945138863888324 
H  1.008  14.820700000000002  16.7544  10.211199999999998 0.5809011638519843  -0.335911028216273  0.3738060034603553 
H  1.008  13.85820000000001  16.4919  11.386600000000008 1.2226551972779462  -0.5548378911263037  -0.3730608977647943 
O  15.999  11.034300000000016  8.5611  9.2104 -1.499663794776876  0.05772075170533543  0.6592560468518525 
H  1.008  10.614000000000019  8.9548  10.006800000000005 1.0621664238546915  -0.44594704434486127  -1.0038404344656602 
H  1.008  10.292800000000014  8.1758  8.691100000000006 0.7620266396729307  0.20590782495267082  0.6862176630213875 
O  15.999  7.35260000000001  11.1736  9.419800000000002 -0.747250509816515  -1.716624792211317  -0.2447592505720074 
H  1.008  7.378200000000021  12.098  9.486899999999999 0.615428508178034  2.0343925738737734  0.269933435825207 
H  1.008  6.42110000000001  10.9534  9.3384 0.3056650848710662  -0.19433631807398896  0.1853492840910212 
O  15.999  9.851700000000008  5.604199999999999  16.716900000000003 -1.1728673272602714  -0.1060199529937838  -0.5096584664113327 
H  1.008  10.547900000000013  6.211899999999998  17.055100000000003 0.49997723457535787  0.20128395303101115  -0.03503333742779711 
H  1.008  9.725600000000014  5.6370999999999984  15.7361 0.6908096532638721  0.351536136335885  0.6576907592484792 
O  15.999  8.266300000000015  10.248  14.294199999999996 -0.8363598031110439  -0.9087939497557086  1.0557165544693072 
H  1.008  7.994200000000021  9.3191  14.447700000000005 0.2750694714961964  0.8021857283590801  -0.13103472985110767 
H  1.008  8.59180000000002  10.2356  13.386699999999998 0.0003537837947177327  0.15694065106344002  -0.7058629480408589 
O  15.999  17.170900000000017  17.03461  17.258500000000005 -1.140736765299308  2.7047845827291246  -0.048191214955758364 
H  1.008  6.133500000000012  13.4821  14.157400000000003 -1.4973837404952213  0.5693347991796209  0.8316428572550181 
H  1.008  17.051900000000018  5.21921  5.639400000000002 0.5121267254442471  -0.8127462774755309  -1.2235257728076803 
O  15.999  6.496200000000002  15.0707  10.003499999999995 -1.0927769496278852  1.4536261358273355  -1.7630326900157944 
H  1.008  13.62190000000001  12.3608  5.251200000000004 0.21826917472188534  0.3670707416242901  0.48421637220893554 
H  1.008  7.071300000000008  14.625300000000001  10.626399999999997 0.950770808375473  -0.9125457034857384  1.1081860850821172 
O  15.999  8.423200000000008  7.332399999999998  12.066300000000005 -0.41299887157924503  0.0062287545136858954  1.0360702410085723 
H  1.008  7.8232  6.796100000000001  11.555699999999995 0.3455572930492817  -0.1812216350791037  -0.7849634509569199 
H  1.008  8.636900000000011  8.1423  11.579699999999995 0.0539607704451958  0.11035277603781231  0.3145539027133492 
O  15.999  5.917100000000019  17.221200000000003  13.332 -1.1930993380206918  -0.15670102424899457  -0.41517659595516015 
H  1.008  5.228700000000018  16.559600000000003  13.1402 0.7284835136362557  0.17286606403205657  -0.140361663671733 
H  1.008  6.2771000000000186  16.911299999999997  14.1539 0.6981157000012987  -0.057821538949179435  0.5585901590769655 
O  15.999  13.777600000000021  13.309999999999995  14.198799999999999 -0.8942013966648658  2.4166878457454586  -1.7734909092265054 
H  1.008  13.003100000000018  13.2667  14.752199999999995 -0.11677744861223577  -0.11473804958629025  0.22673941696983665 
H  1.008  13.490700000000018  13.921199999999999  13.428800000000003 1.060990401269634  -1.6961726950204614  2.057574668399158 
O  15.999  11.619800000000012  16.05877  8.332800000000006 -1.4897871591007952  0.09660508744511088  -1.2058874909143475 
H  1.008  11.031700000000015  16.145989999999998  7.526100000000007 1.162801458391667  -0.10064069096392594  1.426370385456378 
H  1.008  12.045300000000012  16.92783  8.408400000000007 0.37400706372741144  0.2863838680589498  0.09429109460175361 
O  15.999  5.017400000000009  9.373800000000001  9.2194 -1.1578042622912792  -1.9631601608457585  0.13391590805140335 
H  1.008  16.971400000000017  8.6608  9.778500000000001 1.763526856043009  1.24342251171613  -0.9688616044248403 
H  1.008  5.717300000000009  8.850800000000001  8.7573 -0.6502124485993804  0.7613730652498403  0.5565857270539862 
O  15.999  15.733000000000018  10.3151  5.095100000000002 -0.7310726145176565  0.006358852333545759  0.4537148612096958 
H  1.008  15.689700000000016  10.404300000000001  16.574400000000004 0.37316425611179754  -0.4482965184118168  -1.2266918292380249 
H  1.008  15.283500000000018  11.1376  5.3674000000000035 0.3220723225717329  -0.22301954491898188  0.5861246170303894 
O  15.999  6.864700000000013  15.363100000000001  16.220099999999995 -1.9003424542374552  0.29748229195632303  -1.4301370515847318 
H  1.008  7.450800000000015  15.0801  16.887099999999997 1.0729054075303968  -0.819593125188709  1.0308699277586004 
H  1.008  6.1311000000000035  14.7246  16.129799999999996 1.2041905628292189  0.5603256537094834  0.2902811462277953 
O  15.999  16.99330000000002  13.10872  8.920800000000007 -0.35123480304561666  -1.07836643064072  -0.5878770809437587 
H  1.008  17.018000000000015  12.611509999999999  9.758000000000003 0.40876066513147824  0.48022293478193273  -0.1465580222856119 
H  1.008  5.210400000000007  12.67276  8.318800000000003 -0.2895149574863281  0.4830130959303899  0.5670496026916477 
O  15.999  16.364800000000017  15.2556  12.826500000000003 -0.6904090753916553  -0.7252958599393731  -0.17888707341047216 
H  1.008  16.69580000000002  14.418999999999999  12.401699999999998 -0.3400679878042064  0.8648887637664797  0.3813609329836008 
H  1.008  15.699000000000012  15.641699999999998  12.222000000000001 0.9725274833093499  -0.3953611039065441  0.027731404455425296 
O  15.999  10.308300000000003  12.36397  8.341100000000004 -0.4533600489737143  -0.3634763394076085  -0.9820045695544776 
H  1.008  10.77340000000001  11.5701  7.966000000000001 0.16122976535376066  0.13175875250076258  0.4445303665040948 
H  1.008  10.264400000000009  12.24408  9.287600000000005 0.44593727415285606  -0.3357331078776505  0.33734724644105013 
O  15.999  5.0112000000000165  14.377  6.055700000000009 -5.941871337393412  -1.1503866296767395  0.003204622977733881 
H  1.008  16.805700000000016  14.399700000000001  6.854300000000002 1.7833747439914323  0.04074015800014797  -1.8543521035860455 
H  1.008  5.8433000000000135  14.653  6.350500000000004 3.2736159599101575  0.7761625648426843  1.4002356360628692 
O  15.999  13.711500000000015  9.839999999999998  10.9086 -0.5141445272036548  0.41294333575100445  -0.6657881915383341 
H  1.008  14.217600000000019  10.192400000000001  10.1295 -0.23007362354679856  -0.2949862650092883  0.2072540545668729 
H  1.008  13.701700000000017  8.877699999999999  10.830800000000004 0.19026266222841645  0.14096895823795633  0.150946381157881 
O  15.999  9.3442  13.376199999999999  5.476599999999998 -0.7094707199939687  0.12942881881781773  -0.7061061743997273 
H  1.008  12.796300000000016  10.567  7.0771000000000015 -0.09931862971942115  -0.09546660296617909  0.07234621491661704 
H  1.008  9.504200000000012  12.798599999999999  6.220900000000007 0.250297920997741  -0.15592609375678582  0.3797812472025356 
O  15.999  12.482800000000012  7.892899999999999  14.342400000000005 -1.6143211117239646  -1.8666054670225698  0.02377807623770738 
H  1.008  12.667900000000017  6.927899999999999  14.536200000000001 -0.020848047077385228  1.1823937786860572  0.20917981083317802 
H  1.008  13.289400000000015  8.326099999999999  14.613199999999999 1.784555908782808  0.8816934940155718  0.12252797793829452 
O  15.999  14.145300000000006  12.800399999999998  10.536800000000007 -1.0125868131929188  0.24350712333343524  0.330337905008205 
H  1.008  14.39240000000001  13.679699999999999  10.843800000000009 0.5264251443336676  -0.12243387556266466  -0.19092035041656177 
H  1.008  13.66770000000001  12.9671  9.713299999999997 0.5822653911883013  0.08664514802666937  0.004865041398000682 
O  15.999  12.976400000000012  5.212299999999999  15.032900000000005 -1.9834106835489258  -0.1309164591057805  -0.5891410352568637 
H  1.008  13.940000000000012  5.0  15.109500000000004 1.4482083072500884  -0.04323258540275968  0.23222100890543407 
H  1.008  12.485900000000015  17.143  15.703300000000006 0.7664520224306935  0.09507476684470394  0.24762243105018816 
O  15.999  17.04600000000002  12.64615  11.730700000000006 -1.1067385540034391  -0.4348733030378171  0.27179491451252996 
H  1.008  16.37270000000001  12.00385  12.067500000000003 1.0962710788213548  0.9160871409773388  -0.04171254921498988 
H  1.008  5.401800000000009  12.57657  12.303100000000008 0.4900152382743889  -0.27812805581448286  -0.08371306198381977 
O  15.999  12.586200000000005  15.625720000000001  17.290200000000006 0.16761741404269043  -1.3199616816649105  -1.6618386976519899 
H  1.008  12.585300000000004  14.845880000000001  16.675100000000008 0.6710615241180293  1.0436868770076406  0.9462544085658715 
H  1.008  11.732399999999998  15.54208  5.254800000000003 -0.7305805053729691  0.1528788222924002  0.6918884881495084 
O  15.999  11.031600000000012  15.030100000000001  10.913800000000002 -1.1904500733253633  -0.5012869545246981  0.35663566234201255 
H  1.008  13.001100000000008  14.341600000000001  7.918900000000001 0.32349362839818613  0.6537497723259258  0.1240912086591403 
H  1.008  11.541700000000006  14.242  10.745799999999996 0.6393536515164525  -0.5666608518939638  0.26516609634725924 
O  15.999  11.58420000000001  6.954600000000001  5.870100000000001 -0.5483905928440785  1.3209510421606032  0.5084320502043533 
H  1.008  8.872  12.841299999999999  17.201900000000002 0.6934697165924693  0.4397820531895257  0.8751870603606832 
H  1.008  12.126100000000008  7.7997  5.807700000000004 -0.3928969586386845  -1.5401566126531008  -0.1526283968446858 
O  15.999  7.126900000000006  14.726999999999999  7.201100000000004 0.9507620666247315  0.3582991660860705  1.3625736027650184 
H  1.008  17.01940000000002  16.18243  5.173400000000001 0.14403628430698437  -2.1413576643889103  0.7298996772563904 
H  1.008  8.081100000000006  14.8394  7.026000000000003 -0.37331595119819544  -0.3038771397340988  -0.05072323734702307 
O  15.999  7.37060000000001  5.3907000000000025  7.400000000000006 -1.2804325132527858  1.0044446437080925  0.8683823787393172 
H  1.008  6.41170000000001  5.4557  7.252099999999999 1.0420609113697081  -0.2529399866042232  -0.23294965954077568 
H  1.008  10.09960000000001  10.1518  15.078300000000006 0.36482462590433795  -0.24596098418865764  0.11851500012728117 
O  15.999  15.550399999999996  17.274  15.025500000000001 -1.6415624639172302  0.1617419291030904  -0.5328390182748222 
H  1.008  16.021500000000003  17.2757  15.862199999999994 1.09898050733061  0.2343293134960485  1.2563669876818704 
H  1.008  15.795299999999997  16.432499999999997  14.658300000000004 0.5181014549657956  -0.6085790893616965  -0.6477796707900642 
O  15.999  6.976200000000006  13.353799999999996  13.791800000000002 0.7690699196674785  -0.38774446790747574  -0.9332821646860108 
H  1.008  7.402000000000001  12.845899999999997  14.491499999999995 0.39260076755473483  -0.21348332330119069  0.05798351844821445 
H  1.008  5.5595  14.8894  10.049900000000001 0.47928756745258455  -0.494378400335697  0.43034610459494665 
O  15.999  11.872900000000016  10.2723  7.179200000000002 0.06897961243984817  1.2926133715802186  -0.8087626102405334 
H  1.008  11.94420000000001  9.481  7.685600000000001 0.12915731032419714  -0.6070590531739267  0.9043171449347601 
H  1.008  7.801900000000003  11.3136  15.801000000000009 0.8528318326113246  -1.6091835333910796  -1.2002182084481223 
O  15.999  7.25800000000001  5.636999999999999  10.378599999999999 -1.7402126068152368  4.118271684474953  -2.019649868358428 
H  1.008  7.349300000000014  17.2321  10.720000000000006 0.5632160878811525  -4.063480447709308  1.1985937854720856 
H  1.008  7.2405000000000115  5.606000000000002  9.403399999999998 0.6299778667358008  -0.4598274018605819  0.4840194257069343 
O  15.999  6.776300000000006  7.6561  14.400799999999997 -1.288122168581578  1.1508257740963457  -0.32754722963911614 
H  1.008  6.975400000000008  7.0646  15.115200000000009 0.40410131198622046  -0.9218494973779302  0.9158372297502563 
H  1.008  7.230900000000005  7.3195  13.633900000000004 0.9407424776129945  -0.03757615845233081  -0.7374782609287014 
O  15.999  9.70020000000001  5.722900000000001  14.027999999999999 -1.291466145350545  0.0019818063151775317  -0.3120733023852702 
H  1.008  9.337900000000005  6.2966999999999995  13.3264 0.20281015986636328  -0.18306563026494352  0.2697992242402923 
H  1.008  10.631600000000006  5.8239  13.914400000000008 1.4956148215216327  -0.013494692041827702  -0.19350585175353963 
O  15.999  5.7423  11.62139  5.7395 -0.46048149050430426  -0.9692621822970567  0.12273418041166924 
H  1.008  5.382100000000008  12.50299  5.7378 -0.15145957334847446  0.7779499957590198  0.2160523695779491 
H  1.008  5.0  11.0133  5.5854 0.5561640661358633  0.4167557675155935  0.04770064847296662 
O  15.999  7.2202000000000055  6.02745  16.631700000000002 -0.8425325075758574  0.08228198596536127  0.3221278583999735 
H  1.008  14.622500000000016  16.1621  7.860500000000002 0.578443703452339  -0.602010435010353  -0.9744388413979628 
H  1.008  16.529500000000013  6.21238  7.535100000000007 0.029460214219729105  0.10684064912222783  0.4791569554120928 
O  15.999  11.100000000000009  13.080499999999999  13.374199999999995 0.21026841591081966  -1.1492352896820113  -1.3030232540515352 
H  1.008  10.965800000000016  12.4395  14.066600000000001 0.06951954410329819  0.3203080315838309  0.5431594263561955 
H  1.008  10.613000000000014  13.876299999999999  13.533800000000006 -0.370728907199322  0.29228352136824703  0.7213975533292639 
O  15.999  15.033800000000014  9.0906  14.652400000000007 -1.2116683592576858  0.9136404792109623  0.22528777212610387 
H  1.008  15.100700000000018  9.8682  14.048800000000007 0.10789428719690318  -0.5482394119783125  0.3537616832305628 
H  1.008  15.615600000000015  8.4138  14.293100000000003 0.7322496655439776  -0.5697353770518377  -0.4596957613788265 
O  15.999  9.59450000000001  15.0127  14.392900000000004 0.5360791224761542  -2.2406079027642947  0.40885271062458073 
H  1.008  9.65910000000001  15.9049  14.201 0.2555630260473266  2.9407645444534345  -0.5984674548568572 
H  1.008  8.698200000000014  14.821599999999998  14.579500000000003 -1.177325105917841  -0.04720956776954303  0.2660551838197403 
O  15.999  16.68470000000002  7.275599999999999  13.342300000000002 -3.264600643792437  -0.44934450005954163  -0.6029380890302234 
H  1.008  5.107100000000003  7.5967  13.620600000000003 2.331572504098564  -0.31577209139021883  1.1443234542065117 
H  1.008  16.552600000000012  6.328100000000001  13.555299999999995 1.1548732046896932  0.966913736671365  0.1257865940823734 
O  15.999  14.413900000000012  12.518299999999998  5.781700000000001 -0.15652258968974014  -0.28954066851792093  -1.3068290009479098 
H  1.008  14.162500000000009  12.835099999999999  6.641500000000001 -0.20413222111086804  0.1778709734419224  0.5274165617118882 
H  1.008  7.7094000000000165  17.006299999999996  7.034500000000001 0.49365540612730585  -0.7264759962894853  -0.40825827157415373 
O  15.999  16.78370000000001  13.685899999999998  15.5978 -1.2425848463068345  0.05045944216288034  -0.2990192974249441 
H  1.008  15.912600000000012  13.865799999999998  15.198600000000006 0.9590729004768069  -0.14628857067451875  0.2224780705936363 
H  1.008  16.637200000000007  13.685699999999999  16.5486 0.20189844668608048  0.10913972956726123  0.14744916664062035 
O  15.999  14.83110000000002  10.6471  8.469500000000004 -0.9440638286741598  -0.5346444469132727  0.203084753683775 
H  1.008  15.172900000000013  11.5126  8.654200000000003 0.5143661562959853  1.0071016217128985  0.08943890871954936 
H  1.008  15.634200000000021  10.1197  8.455400000000004 0.8050689634419033  -0.4247688676218238  -0.17943420416276817 
O  15.999  9.79870000000001  16.1809  6.090600000000002 -1.1793866164309565  -0.2246748211329301  -0.5730284459782511 
H  1.008  9.791200000000003  16.7628  5.2768000000000015 0.4207132094983663  0.170567497807655  0.6730279038142511 
H  1.008  9.677200000000013  15.3025  5.7151 0.34214389649501376  -0.4406793681921165  0.13416427661659042 
O  15.999  8.775500000000008  9.975800000000001  11.703700000000005 -1.4487590375468071  -0.19884603301537634  -0.5407261343262474 
H  1.008  8.241  10.4014  11.005900000000004 0.6111589342717239  -0.1117190602566568  0.46633434973610255 
H  1.008  9.688500000000005  10.208  11.506400000000006 1.3783858871946262  0.5768552759205322  -0.5259433196016174 
O  15.999  13.103700000000003  7.0077  11.686600000000006 -0.978016788554425  -0.6941844832707507  0.11281589286440814 
H  1.008  12.845200000000006  6.0624  11.797999999999995 0.5081970513755947  1.1686861993026407  -0.08050329679976732 
H  1.008  12.872500000000002  7.429  12.534100000000002 0.38727035648490343  -0.1518467814842629  -0.2945532912372646 
O  15.999  7.7409000000000106  12.112599999999999  16.284600000000005 -2.0971043510319145  1.0527186481855797  1.3269653666708048 
H  1.008  6.76730000000002  5.173400000000001  16.726099999999995 0.4450286462963644  0.4291202026085991  -0.06085132691208188 
H  1.008  6.99760000000002  11.94  16.925199999999997 1.2311434372480126  0.22208829135468855  -0.767811107560692 
O  15.999  11.905000000000015  12.449699999999998  16.571900000000007 -0.2817610245785538  -0.6416609594915956  -0.7387093051213673 
H  1.008  11.760300000000015  11.5435  16.1993 0.19299934443116035  0.6775185925922599  0.512087644676226 
H  1.008  11.090400000000017  12.6947  17.011500000000005 0.17226339745151995  -0.0995680267258719  0.04938472104229886 
O  15.999  12.83280000000002  6.291599999999999  8.496700000000004 -0.8632036627558837  0.33973065906970806  -1.275028054411967 
H  1.008  12.873500000000021  6.539299999999999  7.529200000000003 0.003409797009844891  -0.12960622493580845  1.6602178742203761 
H  1.008  12.32990000000001  6.9765999999999995  8.982200000000013 0.6290712957618365  -0.3289762487750472  -0.46691233372630997 
External_field: 1.0  0.0  0.0   
