192                                                         
# CELL(abcABC):   12.41850    12.41850    12.41850    90.00000    90.00000    90.00000  Step:           0  Bead:       0 x_centroid{angstrom}  cell{angstrom}   
       O -7.18242e+01 -8.71151e+00  6.09510e+01             
       H -7.11950e+01 -9.21486e+00  6.04723e+01             
       H -7.13827e+01 -8.01865e+00  6.14281e+01             
       O -6.23452e+01 -6.30112e+00  6.08515e+01             
       H -6.04035e+01 -1.68751e+01  5.45208e+01             
       H -6.16517e+01 -6.25884e+00  6.02510e+01             
       O -6.66782e+01 -2.42293e+01  4.56957e+01             
       H -6.58242e+01 -1.22388e+01  4.56579e+01             
       H -6.64351e+01 -2.33135e+01  4.58509e+01             
       O -6.19718e+01 -2.43093e+01  5.17575e+01             
       H -6.14147e+01 -2.40589e+01  5.10051e+01             
       H -6.13915e+01 -2.43785e+01  5.25194e+01             
       O -4.95829e+01 -2.01965e+01  5.31796e+01             
       H -4.88015e+01 -2.05820e+01  5.36740e+01             
       H -4.91871e+01 -1.96218e+01  5.24538e+01             
       O -5.31444e+01 -1.75428e+01  6.39375e+01             
       H -5.23275e+01 -1.71928e+01  6.35272e+01             
       H -5.29035e+01 -1.81693e+01  6.46942e+01             
       O -6.70009e+01 -1.96583e+01  4.17284e+01             
       H -6.60677e+01 -1.93138e+01  4.15728e+01             
       H -5.28959e+01  2.11153e+00  5.26079e+01             
       O -5.11379e+01 -1.66693e+01  6.77938e+01             
       H -5.17079e+01 -1.60872e+01  6.82557e+01             
       H -5.02750e+01 -2.85937e+01  6.76453e+01             
       O -7.06776e+01 -1.00063e+01  4.36699e+01             
       H -6.98883e+01 -9.48555e+00  4.38461e+01             
       H -7.04199e+01 -1.04712e+01  4.28458e+01             
       O -6.55180e+01 -2.48274e+01  4.89921e+01             
       H -6.51199e+01 -2.50180e+01  4.98581e+01             
       H -6.48293e+01 -2.43291e+01  4.84417e+01             
       O -7.05295e+01 -6.55465e+00  5.88086e+01             
       H -6.98078e+01 -6.62094e+00  5.94324e+01             
       H -7.01683e+01 -6.02754e+00  5.80458e+01             
       O -6.55291e+01 -9.12414e+00  4.63673e+01             
       H -6.51727e+01 -8.48923e+00  4.57822e+01             
       H -5.18612e+01 -1.29694e+01  4.26312e+01             
       O -6.07421e+01 -2.99296e+01  4.62206e+01             
       H -5.99188e+01 -3.04235e+01  4.63435e+01             
       H -5.89944e+01 -2.66556e+01  5.63335e+01             
       O -7.16791e+01 -1.49725e+01  5.04366e+01             
       H -7.13299e+01 -1.41138e+01  5.01517e+01             
       H -7.09942e+01 -1.55382e+01  5.08653e+01             
       O -5.06810e+01 -2.41178e+01  5.56909e+01             
       H -5.06345e+01 -2.32224e+01  5.60364e+01             
       H -4.97530e+01 -2.43326e+01  5.54929e+01             
       O -6.38606e+01 -1.06362e+01  6.01252e+01             
       H -6.37191e+01 -1.00820e+01  6.08822e+01             
       H -6.29746e+01 -1.09736e+01  5.97865e+01             
       O -6.58891e+01 -9.63224e+00  4.29472e+01             
       H -6.50553e+01 -2.18485e+01  4.33935e+01             
       H -6.57751e+01 -1.02633e+01  4.22487e+01             
       O -6.46434e+01 -2.61558e+01  3.91060e+01             
       H -6.38805e+01 -2.55367e+01  3.90600e+01             
       H -6.43418e+01 -2.69769e+01  3.86383e+01             
       O -7.28917e+01 -1.13867e+01  4.95410e+01             
       H -7.27638e+01 -1.04779e+01  4.92192e+01             
       H -7.20099e+01 -1.18338e+01  4.96409e+01             
       O -6.80558e+01  5.79788e+00  4.40943e+01             
       H -4.34865e+01 -1.75300e+01  4.82664e+01             
       H -6.75482e+01  5.81209e+00  4.32071e+01             
       O -5.85203e+01 -1.37031e+01  5.83379e+01             
       H -5.94636e+01 -2.11842e+01  5.58001e+01             
       H -6.99870e+01 -1.39378e+01  5.84878e+01             
       O -6.11155e+01 -3.09734e+01  5.09720e+01             
       H -6.10751e+01 -3.00910e+01  5.13205e+01             
       H -6.01683e+01 -3.11567e+01  5.06466e+01             
       O -6.97980e+01 -1.71193e+01  5.65761e+01             
       H -6.90973e+01 -1.77337e+01  5.64475e+01             
       H -6.94539e+01 -1.62456e+01  5.69326e+01             
       O -5.73321e+01 -4.14051e+01  5.19602e+01             
       H -5.64846e+01 -4.10069e+01  5.15403e+01             
       H -5.74438e+01 -4.23269e+01  6.40897e+01             
       O -6.31730e+01 -3.23951e+00  4.73444e+01             
       H -6.28865e+01 -4.05802e+00  4.69462e+01             
       H -6.22943e+01 -2.74406e+00  4.73445e+01             
       O -5.95891e+01 -2.34300e+01  5.79326e+01             
       H -5.89390e+01 -2.29662e+01  5.84825e+01             
       H -5.93816e+01 -2.31613e+01  5.70652e+01             
       O -6.35909e+01 -2.23014e+01  6.48450e+01             
       H -6.28865e+01 -2.16591e+01  6.50504e+01             
       H -6.30405e+01 -2.30912e+01  6.45723e+01             
       O -7.89114e+01 -2.05648e+01  4.87814e+01             
       H -7.86816e+01 -2.05184e+01  4.78150e+01             
       H -7.80244e+01 -2.08065e+01  4.91472e+01             
       O -5.55435e+01 -5.77911e-01  6.39000e+01             
       H -5.48514e+01 -1.88382e-01  6.33588e+01             
       H -5.54548e+01 -1.51563e+00  6.37000e+01             
       O -6.10444e+01 -1.22160e+01  4.17285e+01             
       H -6.05684e+01 -1.29710e+01  4.21025e+01             
       H -6.02731e+01 -1.16380e+01  2.90953e+01             
       O -5.73614e+01 -1.40360e+01  2.90341e+01             
       H -5.71324e+01 -1.49413e+01  2.87819e+01             
       H -6.89701e+01 -1.35266e+01  2.92633e+01             
       O -5.11290e+01 -1.59576e+01  2.52771e+01             
       H -5.07954e+01 -1.58498e+01  2.43278e+01             
       H -5.03640e+01 -1.60183e+01  2.58671e+01             
       O -5.74675e+01 -2.24545e+01  3.47618e+01             
       H -5.68966e+01 -2.19645e+01  3.41656e+01             
       H -5.70280e+01 -2.24410e+01  4.80702e+01             
       O -5.78596e+01 -1.25621e+01  3.74428e+01             
       H -6.28562e+01 -9.19879e+00  4.51623e+01             
       H -5.72495e+01 -1.26227e+01  3.81870e+01             
       O -5.85740e+01 -2.36503e+01  5.33451e+01             
       H -5.79660e+01 -2.44094e+01  5.32206e+01             
       H -5.81441e+01 -2.30313e+01  5.27646e+01             
       O -4.88702e+01 -1.58763e+01  3.94049e+01             
       H -4.89778e+01 -1.57229e+01  4.03504e+01             
       H -4.81935e+01 -1.53145e+01  3.88754e+01             
       O -5.34955e+01 -2.86976e+01  4.87969e+01             
       H -5.36884e+01 -2.96151e+01  4.90295e+01             
       H -5.26761e+01 -2.85691e+01  4.93554e+01             
       O -6.04665e+01 -2.67023e+00  5.97903e+01             
       H -5.97588e+01 -2.04191e+00  5.94374e+01             
       H -6.01491e+01 -2.88480e+00  6.06624e+01             
       O -5.34549e+01  9.53098e+00  7.05954e+01             
       H -5.30924e+01  9.19355e+00  7.14390e+01             
       H -5.29680e+01  1.03297e+01  7.05392e+01             
       O -5.94013e+01 -2.65557e+01  5.54700e+01             
       H -6.67867e+01 -2.05354e+01  4.20996e+01             
       H -5.85989e+01 -2.66287e+01  5.49399e+01             
       O -6.09774e+01 -1.60762e+01  5.45801e+01             
       H -5.73475e+01 -1.21642e+01  3.67762e+01             
       H -6.05330e+01 -1.54543e+01  5.51699e+01             
       O -5.24641e+01 -1.36791e+01  4.24865e+01             
       H -6.74093e+01 -6.48253e+00  4.47588e+01             
       H -5.22555e+01 -1.38675e+01  4.15602e+01             
       O -5.51542e+01 -2.81281e+01  5.08821e+01             
       H -6.69538e+01 -2.88098e+01  6.36494e+01             
       H -4.96220e+01 -6.04784e+00  6.17089e+01             
       O -8.89731e+01 -1.31788e+01  5.81051e+01             
       H -8.86089e+01 -1.26476e+01  5.73778e+01             
       H -8.81211e+01 -1.33910e+01  5.85241e+01             
       O -5.61835e+01 -3.08336e+01  4.83194e+01             
       H -5.53489e+01 -3.13237e+01  4.85075e+01             
       H -5.84707e+01 -1.27628e+01  5.82343e+01             
       O -6.30373e+01 -9.17511e+00  4.42216e+01             
       H -6.22823e+01 -8.72465e+00  4.38547e+01             
       H -7.60780e+01 -1.92593e+01  2.89267e+01             
       O -7.38842e+01 -2.11336e+01  4.66029e+01             
       H -7.33332e+01 -2.09610e+01  4.74018e+01             
       H -7.33472e+01 -2.17990e+01  4.61141e+01             
       O -5.65320e+01 -2.21753e+01  3.96862e+01             
       H -5.63061e+01 -2.21347e+01  3.87221e+01             
       H -5.56945e+01 -2.23242e+01  4.00662e+01             
       O -4.31789e+01 -2.54966e+01  4.81197e+01             
       H -4.22899e+01 -1.30363e+01  4.84455e+01             
       H -4.30351e+01 -2.51280e+01  4.72451e+01             
       O -5.71910e+01 -7.02770e+00  5.24474e+01             
       H -4.45915e+01 -7.95991e+00  5.22230e+01             
       H -5.63789e+01 -6.70902e+00  5.28710e+01             
       O -5.38592e+01  1.93393e+00  5.27508e+01             
       H -6.05671e+01 -2.90247e+01  4.64956e+01             
       H -6.48036e+01  2.70308e+00  4.66130e+01             
       O -6.94829e+01 -1.56708e+01  4.78702e+01             
       H -6.91845e+01 -1.47453e+01  4.78692e+01             
       H -6.96502e+01 -1.59038e+01  4.69412e+01             
       O -6.61919e+01 -5.81329e+00  3.37416e+01             
       H -6.51746e+01 -1.83799e+01  3.37196e+01             
       H -6.63547e+01 -4.93227e+00  3.40895e+01             
       O -7.17992e+01 -1.80488e+01  5.48170e+01             
       H -7.11038e+01 -1.75152e+01  5.52480e+01             
       H -7.14873e+01 -1.82707e+01  5.39252e+01             
       O -6.34187e+01 -1.84520e+01  5.80340e+01             
       H -6.32474e+01 -1.77332e+01  5.73904e+01             
       H -6.25416e+01 -1.89172e+01  5.81967e+01             
       O -7.27169e+01 -2.06673e+01  4.32193e+01             
       H -7.25543e+01 -1.97397e+01  5.58068e+01             
       H -6.72370e+01 -4.04800e+01  3.75719e+01             
       O -5.15160e+01 -2.11138e+01  6.21857e+01             
       H -5.08690e+01 -2.04095e+01  6.20629e+01             
       H -5.13736e+01 -2.14041e+01  6.30980e+01             
       O -5.84184e+01 -1.90643e+01  5.00207e+01             
       H -5.79385e+01 -1.93166e+01  5.08303e+01             
       H -5.78129e+01 -1.86319e+01  4.94743e+01             
       O -8.07342e+01 -2.15782e+01  5.68668e+01             
       H -8.04708e+01 -2.05956e+01  5.67172e+01             
       H -8.00177e+01 -2.21250e+01  5.65251e+01             
       O -5.56892e+01 -2.26169e+01  4.92031e+01             
       H -5.51691e+01 -2.18600e+01  4.89253e+01             
       H -5.50717e+01 -2.33276e+01  4.92359e+01             
       O -7.42355e+01 -1.21610e+01  2.18730e+01             
       H -7.34688e+01 -1.18295e+01  2.13717e+01             
       H -7.37283e+01 -1.26300e+01  2.24714e+01             
       O -6.43628e+01 -1.85838e+01  2.88397e+01             
       H -4.14439e+01 -1.14361e+01  4.03668e+01             
       H -6.40680e+01 -1.78680e+01  2.94899e+01             
       O -6.78299e+01 -1.29983e+01  5.55922e+01             
       H -6.76057e+01 -1.22606e+01  5.61565e+01             
       H -6.69303e+01 -1.31843e+01  5.52236e+01             
       O -6.85613e+01 -1.49130e+01  7.00591e+01             
       H -6.83037e+01 -1.42631e+01  6.94449e+01             
       H -6.77050e+01 -1.51360e+01  7.03865e+01             
192                                                         
# CELL(abcABC):   12.41850    12.41850    12.41850    90.00000    90.00000    90.00000  Step:      200000  Bead:       0 x_centroid{angstrom}  cell{angstrom}   
       O -8.37404e+01 -1.40142e+01  6.84843e+01             
       H -8.29827e+01 -1.46633e+01  6.83771e+01             
       H -8.34289e+01 -1.31592e+01  6.81163e+01             
       O -7.41247e+01 -7.01904e+00  6.70689e+01             
       H -6.93654e+01 -2.10468e+01  5.88311e+01             
       H -7.32900e+01 -6.57661e+00  6.73069e+01             
       O -7.62157e+01 -2.19704e+01  5.11953e+01             
       H -7.53082e+01 -9.84074e+00  5.15557e+01             
       H -7.58747e+01 -2.11374e+01  5.06640e+01             
       O -7.42521e+01 -3.09546e+01  5.84303e+01             
       H -7.34373e+01 -3.13389e+01  5.87650e+01             
       H -7.38276e+01 -3.04036e+01  5.76894e+01             
       O -6.03113e+01 -2.40884e+01  5.83875e+01             
       H -5.94306e+01 -2.42679e+01  5.88415e+01             
       H -6.03503e+01 -2.47651e+01  5.77215e+01             
       O -6.46971e+01 -2.18893e+01  7.06319e+01             
       H -6.39796e+01 -2.24821e+01  7.10280e+01             
       H -6.43770e+01 -2.11483e+01  7.00997e+01             
       O -7.36321e+01 -2.15599e+01  4.84449e+01             
       H -7.30488e+01 -2.08672e+01  4.79955e+01             
       H -6.21637e+01  2.47085e+00  5.99102e+01             
       O -5.90382e+01 -1.79908e+01  7.49998e+01             
       H -5.88145e+01 -1.71328e+01  7.45318e+01             
       H -5.82138e+01 -3.08628e+01  7.53409e+01             
       O -8.08537e+01 -1.32294e+01  4.84973e+01             
       H -8.03788e+01 -1.24286e+01  4.89141e+01             
       H -8.01726e+01 -1.37914e+01  4.81611e+01             
       O -7.56213e+01 -2.72039e+01  5.64591e+01             
       H -7.49754e+01 -2.79401e+01  5.65080e+01             
       H -7.57364e+01 -2.70338e+01  5.55358e+01             
       O -8.17646e+01 -7.44323e+00  6.30231e+01             
       H -8.13784e+01 -7.98322e+00  6.23446e+01             
       H -8.12220e+01 -6.59169e+00  6.30238e+01             
       O -7.37046e+01 -1.06219e+01  5.50658e+01             
       H -7.34497e+01 -9.98462e+00  5.58266e+01             
       H -6.25371e+01 -1.57218e+01  4.80060e+01             
       O -7.32419e+01 -3.38322e+01  5.28225e+01             
       H -7.34025e+01 -3.45427e+01  5.35159e+01             
       H -7.01910e+01 -2.74437e+01  6.12723e+01             
       O -8.10783e+01 -2.20289e+01  5.54852e+01             
       H -8.07987e+01 -2.13886e+01  5.48448e+01             
       H -8.03167e+01 -2.22774e+01  5.60438e+01             
       O -5.96655e+01 -2.74271e+01  5.85501e+01             
       H -5.90439e+01 -2.72580e+01  5.78119e+01             
       H -5.90687e+01 -2.76714e+01  5.92996e+01             
       O -7.68985e+01 -1.42109e+01  6.35836e+01             
       H -7.69557e+01 -1.32677e+01  6.33699e+01             
       H -7.62979e+01 -1.42385e+01  6.43548e+01             
       O -7.65176e+01 -1.17871e+01  4.92753e+01             
       H -7.61641e+01 -2.37927e+01  5.00883e+01             
       H -7.57723e+01 -1.16491e+01  4.86936e+01             
       O -7.61323e+01 -3.19916e+01  4.43687e+01             
       H -7.54490e+01 -3.17407e+01  4.49933e+01             
       H -7.56708e+01 -3.21727e+01  4.35051e+01             
       O -8.61122e+01 -1.66799e+01  5.66634e+01             
       H -8.55410e+01 -1.61435e+01  5.72864e+01             
       H -8.54140e+01 -1.71226e+01  5.62052e+01             
       O -7.80383e+01  4.23714e+00  4.79245e+01             
       H -5.42034e+01 -2.29626e+01  5.25914e+01             
       H -7.78441e+01  3.87646e+00  4.70203e+01             
       O -6.94463e+01 -1.42172e+01  6.35818e+01             
       H -7.00530e+01 -2.50652e+01  6.02362e+01             
       H -8.10574e+01 -1.44384e+01  6.40901e+01             
       O -7.09412e+01 -3.63432e+01  5.49670e+01             
       H -7.03570e+01 -3.56809e+01  5.53490e+01             
       H -7.05355e+01 -3.65205e+01  5.40918e+01             
       O -8.02795e+01 -2.14686e+01  6.13993e+01             
       H -7.98864e+01 -2.21938e+01  6.19513e+01             
       H -7.94104e+01 -2.09824e+01  6.10810e+01             
       O -6.60372e+01 -4.32048e+01  5.59906e+01             
       H -6.51373e+01 -4.34875e+01  5.63289e+01             
       H -6.60359e+01 -4.36454e+01  6.74943e+01             
       O -7.57762e+01 -2.52107e+00  5.35539e+01             
       H -7.56466e+01 -3.52812e+00  5.34498e+01             
       H -7.48103e+01 -2.17095e+00  5.36341e+01             
       O -7.19867e+01 -2.80576e+01  6.45322e+01             
       H -7.11987e+01 -2.75542e+01  6.42545e+01             
       H -7.14962e+01 -2.88397e+01  6.47801e+01             
       O -7.46345e+01 -2.64006e+01  7.27588e+01             
       H -7.46035e+01 -2.60403e+01  7.36860e+01             
       H -7.38987e+01 -2.60664e+01  7.22202e+01             
       O -8.87207e+01 -2.33740e+01  5.50727e+01             
       H -8.76694e+01 -2.33598e+01  5.48324e+01             
       H -8.87803e+01 -2.35350e+01  5.59695e+01             
       O -6.97364e+01 -4.59001e+00  6.61636e+01             
       H -6.90549e+01 -5.33936e+00  6.60152e+01             
       H -6.95072e+01 -3.96311e+00  6.68844e+01             
       O -6.88553e+01 -1.53648e+01  4.38132e+01             
       H -6.80975e+01 -1.48262e+01  4.35080e+01             
       H -6.87761e+01 -1.56503e+01  3.23537e+01             
       O -6.72951e+01 -1.87453e+01  3.35042e+01             
       H -6.69249e+01 -1.85994e+01  3.26454e+01             
       H -7.89742e+01 -1.88253e+01  3.41171e+01             
       O -6.50708e+01 -1.64893e+01  3.71661e+01             
       H -6.44170e+01 -1.69651e+01  3.67257e+01             
       H -6.46387e+01 -1.57744e+01  3.76077e+01             
       O -6.97176e+01 -2.41908e+01  4.02438e+01             
       H -6.98595e+01 -2.49371e+01  3.96313e+01             
       H -6.87095e+01 -2.39727e+01  5.26695e+01             
       O -7.19243e+01 -1.79993e+01  4.28520e+01             
       H -7.14660e+01 -1.03238e+01  5.01852e+01             
       H -7.12279e+01 -1.76184e+01  4.23085e+01             
       O -6.85450e+01 -2.86919e+01  5.90677e+01             
       H -6.80853e+01 -2.95981e+01  5.90115e+01             
       H -6.77770e+01 -2.82753e+01  5.94513e+01             
       O -5.82172e+01 -1.99257e+01  4.40417e+01             
       H -5.77178e+01 -1.99180e+01  4.49261e+01             
       H -5.76157e+01 -2.04634e+01  4.34945e+01             
       O -6.54288e+01 -3.42702e+01  5.32204e+01             
       H -6.48539e+01 -3.47336e+01  5.38813e+01             
       H -6.48652e+01 -3.42160e+01  5.24249e+01             
       O -7.55661e+01 -5.26524e+00  6.53725e+01             
       H -7.50440e+01 -5.16963e+00  6.45240e+01             
       H -7.50943e+01 -5.76589e+00  6.60342e+01             
       O -6.56294e+01  5.72187e+00  7.80537e+01             
       H -6.54735e+01  4.79320e+00  7.79086e+01             
       H -6.48673e+01  6.31375e+00  7.78578e+01             
       O -7.05909e+01 -2.82241e+01  6.08816e+01             
       H -7.31344e+01 -2.22874e+01  4.88969e+01             
       H -6.99200e+01 -2.87041e+01  6.03378e+01             
       O -6.95402e+01 -2.01036e+01  5.88472e+01             
       H -7.13064e+01 -1.86951e+01  4.33211e+01             
       H -6.87099e+01 -1.97196e+01  5.85639e+01             
       O -6.27308e+01 -1.66273e+01  4.81569e+01             
       H -7.71817e+01 -8.00298e+00  4.83867e+01             
       H -6.22015e+01 -1.71977e+01  4.75107e+01             
       O -6.65560e+01 -2.82218e+01  5.46715e+01             
       H -7.81372e+01 -2.77207e+01  6.71188e+01             
       H -6.14388e+01 -7.68152e+00  6.64342e+01             
       O -9.84855e+01 -1.30748e+01  6.27530e+01             
       H -9.86565e+01 -1.33878e+01  6.36174e+01             
       H -9.79670e+01 -1.22469e+01  6.26101e+01             
       O -6.70129e+01 -3.62044e+01  5.22775e+01             
       H -6.64517e+01 -3.68131e+01  5.28339e+01             
       H -6.92060e+01 -1.38792e+01  6.27088e+01             
       O -7.20394e+01 -1.09039e+01  4.96080e+01             
       H -7.14823e+01 -1.11720e+01  4.88102e+01             
       H -8.44153e+01 -1.90230e+01  3.61670e+01             
       O -8.31968e+01 -2.21291e+01  5.16134e+01             
       H -8.27637e+01 -2.29670e+01  5.18833e+01             
       H -8.24910e+01 -2.14417e+01  5.15766e+01             
       O -6.44029e+01 -2.61310e+01  4.60427e+01             
       H -6.38180e+01 -2.64429e+01  4.53199e+01             
       H -6.38004e+01 -2.61506e+01  4.68273e+01             
       O -5.45200e+01 -2.75759e+01  5.19289e+01             
       H -5.44430e+01 -1.54679e+01  5.28500e+01             
       H -5.36168e+01 -2.74101e+01  5.15606e+01             
       O -6.68417e+01 -1.06938e+01  5.72395e+01             
       H -5.43807e+01 -1.16779e+01  5.70388e+01             
       H -6.59593e+01 -1.04443e+01  5.76131e+01             
       O -6.26431e+01  1.87844e+00  5.93119e+01             
       H -7.22467e+01 -3.37646e+01  5.26122e+01             
       H -7.29564e+01  1.14238e+00  5.49563e+01             
       O -8.09024e+01 -1.94509e+01  5.34334e+01             
       H -8.11159e+01 -1.97459e+01  5.25412e+01             
       H -7.99836e+01 -1.93500e+01  5.34090e+01             
       O -7.41625e+01 -5.36986e+00  3.80860e+01             
       H -7.31332e+01 -1.77949e+01  3.80684e+01             
       H -7.44498e+01 -4.88534e+00  3.72602e+01             
       O -8.11447e+01 -2.25756e+01  5.91455e+01             
       H -8.07807e+01 -2.21239e+01  5.99888e+01             
       H -8.04217e+01 -2.27556e+01  5.84886e+01             
       O -7.55389e+01 -1.99108e+01  6.19336e+01             
       H -7.48227e+01 -2.04201e+01  6.16012e+01             
       H -7.51711e+01 -1.91163e+01  6.23685e+01             
       O -8.29738e+01 -2.42469e+01  4.75758e+01             
       H -8.22104e+01 -2.36724e+01  5.96950e+01             
       H -7.86572e+01 -4.14261e+01  4.27928e+01             
       O -6.07309e+01 -2.12176e+01  6.95277e+01             
       H -5.98899e+01 -2.09244e+01  6.91773e+01             
       H -6.05918e+01 -2.20619e+01  7.00748e+01             
       O -6.65603e+01 -2.57145e+01  5.68373e+01             
       H -6.58287e+01 -2.57939e+01  5.74116e+01             
       H -6.62124e+01 -2.54878e+01  5.59405e+01             
       O -9.16096e+01 -2.39220e+01  6.20438e+01             
       H -9.15801e+01 -2.39819e+01  6.30214e+01             
       H -9.07305e+01 -2.40352e+01  6.17039e+01             
       O -6.53984e+01 -2.52747e+01  5.40692e+01             
       H -6.49193e+01 -2.60127e+01  5.36422e+01             
       H -6.46803e+01 -2.47431e+01  5.45105e+01             
       O -8.57844e+01 -1.39050e+01  2.91996e+01             
       H -8.51276e+01 -1.44290e+01  2.86862e+01             
       H -8.54734e+01 -1.40152e+01  3.01078e+01             
       O -7.21151e+01 -1.93885e+01  3.52886e+01             
       H -4.95534e+01 -1.10208e+01  4.63824e+01             
       H -7.11907e+01 -1.96082e+01  3.50649e+01             
       O -7.88048e+01 -1.48600e+01  5.99370e+01             
       H -7.81731e+01 -1.45456e+01  5.92897e+01             
       H -7.83147e+01 -1.53337e+01  6.05572e+01             
       O -8.03691e+01 -1.73587e+01  7.54433e+01             
       H -7.95362e+01 -1.72284e+01  7.49592e+01             
       H -8.03056e+01 -1.66113e+01  7.61254e+01             
