192                                                         
# CELL(abcABC):   12.41850    12.41850    12.41850    90.00000    90.00000    90.00000  Step:           0  Bead:       0 x_centroid{angstrom}  cell{angstrom}   
       O -7.42925e+01 -8.77855e+00  6.29438e+01             
       H -7.41200e+01 -9.60995e+00  6.23991e+01             
       H -7.34207e+01 -8.66477e+00  6.34039e+01             
       O -6.59171e+01 -7.25515e+00  6.25400e+01             
       H -6.21341e+01 -1.70089e+01  5.63128e+01             
       H -6.54824e+01 -7.22383e+00  6.34370e+01             
       O -6.79556e+01 -2.70809e+01  4.65594e+01             
       H -6.75425e+01 -1.55648e+01  4.64811e+01             
       H -6.71776e+01 -2.65322e+01  4.63474e+01             
       O -6.55271e+01 -2.38677e+01  5.22078e+01             
       H -6.49183e+01 -2.31324e+01  5.20452e+01             
       H -6.50433e+01 -2.46403e+01  5.25759e+01             
       O -5.37616e+01 -2.15931e+01  5.43297e+01             
       H -5.32114e+01 -2.09458e+01  5.48660e+01             
       H -5.30570e+01 -2.19232e+01  5.37614e+01             
       O -5.52796e+01 -1.63044e+01  6.54943e+01             
       H -5.48904e+01 -1.57701e+01  6.47591e+01             
       H -5.46410e+01 -1.70091e+01  6.55087e+01             
       O -6.82931e+01 -1.99636e+01  4.18600e+01             
       H -6.80412e+01 -1.90089e+01  4.17632e+01             
       H -5.61085e+01  9.93761e-01  5.23313e+01             
       O -5.29388e+01 -1.61589e+01  6.84375e+01             
       H -5.27568e+01 -1.54582e+01  6.77528e+01             
       H -5.20727e+01 -2.88386e+01  6.88766e+01             
       O -7.54414e+01 -9.53073e+00  4.51635e+01             
       H -7.45976e+01 -9.39536e+00  4.56129e+01             
       H -7.54831e+01 -1.04541e+01  4.47457e+01             
       O -6.60419e+01 -2.72496e+01  5.15434e+01             
       H -6.51220e+01 -2.76359e+01  5.14774e+01             
       H -6.61531e+01 -2.65785e+01  5.08151e+01             
       O -7.15737e+01 -7.41746e+00  5.97852e+01             
       H -7.12950e+01 -7.39210e+00  6.07164e+01             
       H -7.07638e+01 -7.29911e+00  5.93089e+01             
       O -6.96689e+01 -1.22992e+01  4.91511e+01             
       H -6.94342e+01 -1.18183e+01  4.83540e+01             
       H -5.50588e+01 -1.58165e+01  4.35495e+01             
       O -6.23879e+01 -3.14948e+01  4.61307e+01             
       H -6.22504e+01 -3.05859e+01  4.58421e+01             
       H -6.10395e+01 -2.64913e+01  5.77648e+01             
       O -7.54677e+01 -1.43339e+01  5.22639e+01             
       H -7.46044e+01 -1.38900e+01  5.22470e+01             
       H -7.52421e+01 -1.53273e+01  5.22608e+01             
       O -5.42359e+01 -2.48732e+01  5.80704e+01             
       H -5.34231e+01 -2.47404e+01  5.85253e+01             
       H -5.41563e+01 -2.46556e+01  5.70866e+01             
       O -6.69398e+01 -1.26169e+01  6.25809e+01             
       H -6.65180e+01 -1.21436e+01  6.33128e+01             
       H -6.64542e+01 -1.23294e+01  6.17569e+01             
       O -6.84608e+01 -1.07851e+01  4.67847e+01             
       H -6.78051e+01 -2.37604e+01  4.62878e+01             
       H -6.83498e+01 -9.90034e+00  4.63780e+01             
       O -6.81088e+01 -2.55334e+01  4.05580e+01             
       H -6.78978e+01 -2.54832e+01  4.15279e+01             
       H -6.73919e+01 -2.60954e+01  4.02651e+01             
       O -7.58016e+01 -9.75917e+00  5.24637e+01             
       H -7.53166e+01 -1.03405e+01  5.30727e+01             
       H -7.51613e+01 -9.53020e+00  5.17537e+01             
       O -6.93819e+01  4.21825e+00  4.45980e+01             
       H -4.59555e+01 -1.59488e+01  4.85543e+01             
       H -6.90967e+01  4.37989e+00  4.36887e+01             
       O -6.06366e+01 -1.48130e+01  5.95847e+01             
       H -6.39614e+01 -2.07339e+01  5.66790e+01             
       H -7.29590e+01 -1.58003e+01  5.96877e+01             
       O -6.43901e+01 -3.19674e+01  5.22967e+01             
       H -6.37298e+01 -3.12952e+01  5.19771e+01             
       H -6.39591e+01 -3.28385e+01  5.24514e+01             
       O -7.23365e+01 -2.00321e+01  5.67111e+01             
       H -7.22041e+01 -2.08566e+01  5.62237e+01             
       H -7.14466e+01 -1.98281e+01  5.70715e+01             
       O -6.10543e+01 -4.26672e+01  4.84495e+01             
       H -6.02190e+01 -4.22755e+01  4.87516e+01             
       H -6.07499e+01 -4.31749e+01  6.01297e+01             
       O -6.32289e+01 -3.30645e+00  4.94167e+01             
       H -6.28458e+01 -2.46697e+00  4.97316e+01             
       H -6.25267e+01 -3.66741e+00  4.87969e+01             
       O -6.13206e+01 -2.31354e+01  6.10652e+01             
       H -6.06074e+01 -2.33882e+01  6.16649e+01             
       H -6.08844e+01 -2.27249e+01  6.03413e+01             
       O -6.66241e+01 -2.42068e+01  6.78114e+01             
       H -6.64899e+01 -2.32942e+01  6.74592e+01             
       H -6.57261e+01 -2.45419e+01  6.77457e+01             
       O -8.04618e+01 -1.78640e+01  4.97104e+01             
       H -8.00961e+01 -1.77425e+01  4.88164e+01             
       H -7.98310e+01 -1.84792e+01  5.00910e+01             
       O -5.81484e+01 -1.87751e+00  6.52142e+01             
       H -5.73573e+01 -1.34044e+00  6.51247e+01             
       H -5.80909e+01 -2.47382e+00  6.44542e+01             
       O -6.32576e+01 -1.21184e+01  4.38046e+01             
       H -6.26500e+01 -1.27363e+01  4.41796e+01             
       H -6.27367e+01 -1.17827e+01  3.06131e+01             
       O -6.04310e+01 -1.77656e+01  2.80586e+01             
       H -6.01830e+01 -1.87034e+01  2.77784e+01             
       H -7.20481e+01 -1.72197e+01  2.77989e+01             
       O -5.03510e+01 -1.72327e+01  2.69220e+01             
       H -5.04812e+01 -1.70157e+01  2.59970e+01             
       H -4.94493e+01 -1.74443e+01  2.71857e+01             
       O -5.92975e+01 -2.32876e+01  3.79944e+01             
       H -5.84619e+01 -2.36772e+01  3.75785e+01             
       H -5.89652e+01 -2.25587e+01  5.09299e+01             
       O -6.03806e+01 -1.29568e+01  4.00755e+01             
       H -6.41353e+01 -8.81976e+00  4.80325e+01             
       H -5.95145e+01 -1.34125e+01  4.02587e+01             
       O -6.16906e+01 -2.36359e+01  5.42182e+01             
       H -6.13711e+01 -2.43896e+01  5.37393e+01             
       H -6.07797e+01 -2.33299e+01  5.46564e+01             
       O -5.21760e+01 -1.36847e+01  4.21728e+01             
       H -5.15522e+01 -1.32046e+01  4.27288e+01             
       H -5.16249e+01 -1.38838e+01  4.13982e+01             
       O -5.45617e+01 -3.00465e+01  4.71071e+01             
       H -5.38816e+01 -2.94248e+01  4.73373e+01             
       H -5.42277e+01 -3.08196e+01  4.66589e+01             
       O -6.25593e+01 -6.45945e-01  6.06770e+01             
       H -6.19330e+01 -1.28619e+00  6.04115e+01             
       H -6.20604e+01  1.67800e-01  6.07143e+01             
       O -5.80811e+01  7.72878e+00  6.90410e+01             
       H -5.83055e+01  6.93268e+00  6.85898e+01             
       H -5.72024e+01  7.98524e+00  6.86846e+01             
       O -6.13256e+01 -2.63532e+01  5.68503e+01             
       H -6.75236e+01 -2.04633e+01  4.15408e+01             
       H -6.04907e+01 -2.63163e+01  5.63378e+01             
       O -6.27046e+01 -1.64790e+01  5.68834e+01             
       H -6.02144e+01 -1.23142e+01  3.93674e+01             
       H -6.23022e+01 -1.55820e+01  5.67802e+01             
       O -5.59508e+01 -1.57547e+01  4.32566e+01             
       H -6.86134e+01 -8.15667e+00  4.51449e+01             
       H -5.57764e+01 -1.60007e+01  4.23021e+01             
       O -5.81975e+01 -2.94221e+01  5.14619e+01             
       H -6.96796e+01 -2.96126e+01  6.41359e+01             
       H -5.27515e+01 -7.29220e+00  6.19531e+01             
       O -8.99107e+01 -1.57365e+01  5.96021e+01             
       H -8.92686e+01 -1.61408e+01  5.89108e+01             
       H -8.92630e+01 -1.56009e+01  6.03305e+01             
       O -5.86625e+01 -2.92775e+01  4.88709e+01             
       H -5.82689e+01 -2.98921e+01  4.82652e+01             
       H -5.97736e+01 -1.43898e+01  5.96384e+01             
       O -6.46354e+01 -9.46671e+00  4.74709e+01             
       H -6.41060e+01 -9.52953e+00  4.66664e+01             
       H -7.77684e+01 -1.86531e+01  2.87856e+01             
       O -7.58820e+01 -1.98616e+01  4.88387e+01             
       H -7.54701e+01 -1.93431e+01  4.81349e+01             
       H -7.52063e+01 -2.02292e+01  4.94170e+01             
       O -5.85832e+01 -2.39585e+01  4.52139e+01             
       H -5.76911e+01 -2.37429e+01  4.55391e+01             
       H -5.86416e+01 -2.49578e+01  4.52971e+01             
       O -4.57318e+01 -2.68388e+01  4.79189e+01             
       H -4.54709e+01 -1.36815e+01  4.85319e+01             
       H -4.49684e+01 -2.69608e+01  4.73489e+01             
       O -5.96165e+01 -1.01816e+01  5.55004e+01             
       H -4.67953e+01 -1.07588e+01  5.61969e+01             
       H -5.89829e+01 -1.00021e+01  5.47789e+01             
       O -5.64374e+01  1.64972e+00  5.17505e+01             
       H -6.16192e+01 -3.19896e+01  4.58674e+01             
       H -6.87543e+01 -7.93828e-03  4.95807e+01             
       O -6.97276e+01 -1.76209e+01  4.67616e+01             
       H -6.87461e+01 -1.76435e+01  4.66449e+01             
       H -7.01251e+01 -1.70939e+01  4.60566e+01             
       O -7.01260e+01 -7.35018e+00  3.75744e+01             
       H -6.94964e+01 -2.05246e+01  3.75224e+01             
       H -6.94681e+01 -6.60585e+00  3.76831e+01             
       O -7.40996e+01 -1.84058e+01  5.54755e+01             
       H -7.34181e+01 -1.89511e+01  5.59327e+01             
       H -7.36412e+01 -1.81239e+01  5.46238e+01             
       O -6.65170e+01 -2.03203e+01  5.83595e+01             
       H -6.60151e+01 -2.01019e+01  5.75882e+01             
       H -6.59395e+01 -2.08021e+01  5.89725e+01             
       O -7.68245e+01 -2.01598e+01  4.35545e+01             
       H -7.61166e+01 -1.95379e+01  5.58233e+01             
       H -7.06848e+01 -4.18785e+01  3.80934e+01             
       O -5.54565e+01 -2.16005e+01  6.19133e+01             
       H -5.46336e+01 -2.10500e+01  6.20690e+01             
       H -5.53043e+01 -2.20717e+01  6.11150e+01             
       O -5.96523e+01 -2.03759e+01  5.18974e+01             
       H -5.91037e+01 -2.08684e+01  5.25568e+01             
       H -5.89278e+01 -2.01023e+01  5.12850e+01             
       O -8.51968e+01 -2.23613e+01  5.87501e+01             
       H -8.47726e+01 -2.14789e+01  5.87215e+01             
       H -8.45836e+01 -2.30230e+01  5.83038e+01             
       O -5.79770e+01 -2.17074e+01  5.35617e+01             
       H -5.73372e+01 -2.10930e+01  5.39763e+01             
       H -5.74069e+01 -2.23330e+01  5.30694e+01             
       O -7.77435e+01 -1.21242e+01  2.31832e+01             
       H -7.74091e+01 -1.12316e+01  2.30850e+01             
       H -7.70151e+01 -1.26927e+01  2.33503e+01             
       O -6.62447e+01 -1.82894e+01  2.91066e+01             
       H -4.34030e+01 -1.02777e+01  3.87894e+01             
       H -6.61376e+01 -1.80923e+01  3.00660e+01             
       O -7.04891e+01 -1.41406e+01  5.76270e+01             
       H -7.03655e+01 -1.42392e+01  5.66457e+01             
       H -6.95450e+01 -1.42309e+01  5.77772e+01             
       O -7.17209e+01 -1.50786e+01  6.76715e+01             
       H -7.11807e+01 -1.49779e+01  6.69191e+01             
       H -7.13319e+01 -1.58580e+01  6.82066e+01             
192                                                         
# CELL(abcABC):   12.41850    12.41850    12.41850    90.00000    90.00000    90.00000  Step:      200000  Bead:       0 x_centroid{angstrom}  cell{angstrom}   
       O -8.58931e+01 -1.15995e+01  6.91203e+01             
       H -8.50516e+01 -1.15874e+01  6.86322e+01             
       H -8.56963e+01 -1.11185e+01  6.99636e+01             
       O -7.62783e+01 -1.15638e+01  6.84150e+01             
       H -7.42463e+01 -2.09888e+01  6.45690e+01             
       H -7.52860e+01 -1.15939e+01  6.81794e+01             
       O -8.11056e+01 -2.83402e+01  5.43029e+01             
       H -8.02916e+01 -1.53835e+01  5.44217e+01             
       H -8.08141e+01 -2.92347e+01  5.46822e+01             
       O -7.73008e+01 -2.63736e+01  5.66441e+01             
       H -7.68029e+01 -2.55613e+01  5.64337e+01             
       H -7.67029e+01 -2.70706e+01  5.62805e+01             
       O -6.34188e+01 -2.56288e+01  5.94562e+01             
       H -6.29598e+01 -2.56450e+01  6.03293e+01             
       H -6.28583e+01 -2.60990e+01  5.88051e+01             
       O -6.74143e+01 -1.99523e+01  7.21435e+01             
       H -6.69986e+01 -1.95547e+01  7.29145e+01             
       H -6.67320e+01 -2.04781e+01  7.16300e+01             
       O -7.80299e+01 -2.32734e+01  4.99121e+01             
       H -7.73574e+01 -2.25439e+01  4.98077e+01             
       H -6.82983e+01 -2.24937e+00  5.74190e+01             
       O -6.56326e+01 -1.87486e+01  7.39134e+01             
       H -6.49604e+01 -1.82859e+01  7.33370e+01             
       H -6.50403e+01 -3.17015e+01  7.44508e+01             
       O -8.82358e+01 -1.67437e+01  5.19842e+01             
       H -8.76144e+01 -1.66485e+01  5.27255e+01             
       H -8.76891e+01 -1.70447e+01  5.12763e+01             
       O -7.78380e+01 -3.10241e+01  5.50908e+01             
       H -7.75806e+01 -3.07938e+01  5.59807e+01             
       H -7.71854e+01 -3.17987e+01  5.48195e+01             
       O -8.43856e+01 -9.29162e+00  6.70823e+01             
       H -8.39089e+01 -9.92518e+00  6.76491e+01             
       H -8.37716e+01 -8.72741e+00  6.65380e+01             
       O -7.92646e+01 -1.34808e+01  5.49393e+01             
       H -7.83914e+01 -1.34703e+01  5.54431e+01             
       H -6.69681e+01 -1.75054e+01  5.17630e+01             
       O -7.34164e+01 -3.47178e+01  5.25192e+01             
       H -7.30130e+01 -3.52010e+01  5.17472e+01             
       H -7.27458e+01 -3.04513e+01  6.40969e+01             
       O -8.83773e+01 -1.89039e+01  5.78584e+01             
       H -8.80711e+01 -1.81856e+01  5.72815e+01             
       H -8.76129e+01 -1.93199e+01  5.82458e+01             
       O -6.76904e+01 -2.67680e+01  6.14281e+01             
       H -6.74777e+01 -2.64835e+01  6.23086e+01             
       H -6.67648e+01 -2.69897e+01  6.10800e+01             
       O -7.68211e+01 -1.29246e+01  6.36475e+01             
       H -7.62987e+01 -1.28294e+01  6.44286e+01             
       H -7.61138e+01 -1.32074e+01  6.28853e+01             
       O -7.47744e+01 -1.33601e+01  4.96346e+01             
       H -7.43257e+01 -2.66549e+01  4.95976e+01             
       H -7.41575e+01 -1.26495e+01  4.98992e+01             
       O -7.92374e+01 -2.82197e+01  4.54685e+01             
       H -7.86096e+01 -2.81365e+01  4.61836e+01             
       H -7.87473e+01 -2.78018e+01  4.47841e+01             
       O -8.65957e+01 -1.41227e+01  5.74704e+01             
       H -8.60910e+01 -1.33208e+01  5.71621e+01             
       H -8.59206e+01 -1.45854e+01  5.80336e+01             
       O -7.98873e+01  2.33289e+00  5.17692e+01             
       H -5.62297e+01 -1.85363e+01  5.61777e+01             
       H -7.92092e+01  2.10417e+00  5.11267e+01             
       O -7.18195e+01 -1.75900e+01  6.55718e+01             
       H -7.21311e+01 -2.46082e+01  6.33125e+01             
       H -8.35091e+01 -1.82446e+01  6.57125e+01             
       O -7.62777e+01 -3.35442e+01  6.19740e+01             
       H -7.56827e+01 -3.30106e+01  6.13613e+01             
       H -7.58339e+01 -3.34971e+01  6.28287e+01             
       O -8.12899e+01 -2.45708e+01  6.54575e+01             
       H -8.05919e+01 -2.52005e+01  6.51605e+01             
       H -8.09142e+01 -2.37948e+01  6.50544e+01             
       O -7.02672e+01 -4.45803e+01  5.35854e+01             
       H -6.94989e+01 -4.44157e+01  5.41831e+01             
       H -6.98409e+01 -4.49398e+01  6.52174e+01             
       O -7.56945e+01 -3.70125e+00  5.63596e+01             
       H -7.52220e+01 -3.99582e+00  5.55591e+01             
       H -7.50841e+01 -2.92747e+00  5.67118e+01             
       O -7.28249e+01 -2.59738e+01  6.70514e+01             
       H -7.21659e+01 -2.65404e+01  6.75609e+01             
       H -7.24015e+01 -2.54294e+01  6.63981e+01             
       O -7.78743e+01 -2.74401e+01  7.26005e+01             
       H -7.73090e+01 -2.66830e+01  7.22802e+01             
       H -7.72339e+01 -2.80615e+01  7.29216e+01             
       O -9.19452e+01 -2.15676e+01  5.58158e+01             
       H -9.13019e+01 -2.21100e+01  5.53346e+01             
       H -9.14471e+01 -2.11768e+01  5.65408e+01             
       O -6.86902e+01 -5.67631e+00  7.05444e+01             
       H -6.80472e+01 -4.93236e+00  7.05341e+01             
       H -6.81884e+01 -6.29334e+00  7.11367e+01             
       O -7.38909e+01 -1.61210e+01  4.89168e+01             
       H -7.34238e+01 -1.66292e+01  4.95921e+01             
       H -7.31640e+01 -1.55740e+01  3.59920e+01             
       O -7.30040e+01 -2.25129e+01  3.40715e+01             
       H -7.24543e+01 -2.19116e+01  3.35984e+01             
       H -8.47796e+01 -2.29652e+01  3.46555e+01             
       O -6.16234e+01 -2.00640e+01  3.51438e+01             
       H -6.08825e+01 -1.95517e+01  3.55958e+01             
       H -6.12402e+01 -2.09909e+01  3.50767e+01             
       O -7.11293e+01 -2.80318e+01  4.36067e+01             
       H -7.06266e+01 -2.82549e+01  4.28278e+01             
       H -7.04754e+01 -2.74079e+01  5.64709e+01             
       O -7.18700e+01 -1.85560e+01  4.46737e+01             
       H -7.57447e+01 -7.83039e+00  5.34683e+01             
       H -7.14924e+01 -1.77725e+01  4.42217e+01             
       O -7.22868e+01 -2.74429e+01  5.93912e+01             
       H -7.17699e+01 -2.83424e+01  5.93540e+01             
       H -7.15829e+01 -2.68153e+01  5.95622e+01             
       O -6.36866e+01 -1.71833e+01  4.78034e+01             
       H -6.28266e+01 -1.69219e+01  4.81644e+01             
       H -6.34799e+01 -1.76845e+01  4.70033e+01             
       O -6.53946e+01 -3.47508e+01  5.37572e+01             
       H -6.46599e+01 -3.53844e+01  5.34853e+01             
       H -6.48230e+01 -3.39445e+01  5.40370e+01             
       O -7.41443e+01 -3.93111e+00  6.64205e+01             
       H -7.32642e+01 -4.35346e+00  6.62923e+01             
       H -7.38213e+01 -3.01662e+00  6.64479e+01             
       O -6.98165e+01  4.00478e+00  7.36658e+01             
       H -6.94804e+01  4.17816e+00  7.45910e+01             
       H -6.90740e+01  4.23866e+00  7.30690e+01             
       O -7.32804e+01 -3.06791e+01  6.33026e+01             
       H -7.75648e+01 -2.40103e+01  5.03817e+01             
       H -7.26499e+01 -3.11163e+01  6.26511e+01             
       O -7.49725e+01 -2.03192e+01  6.43794e+01             
       H -7.14982e+01 -1.93190e+01  4.42901e+01             
       H -7.43952e+01 -1.95731e+01  6.40167e+01             
       O -6.74606e+01 -1.79677e+01  5.10354e+01             
       H -7.92876e+01 -1.00019e+01  5.25569e+01             
       H -6.67041e+01 -1.80648e+01  5.03630e+01             
       O -6.54217e+01 -3.35824e+01  5.81044e+01             
       H -7.72127e+01 -3.42093e+01  7.09798e+01             
       H -6.37364e+01 -1.11195e+01  6.93346e+01             
       O -1.03151e+02 -1.69830e+01  6.53609e+01             
       H -1.02176e+02 -1.69808e+01  6.50810e+01             
       H -1.03114e+02 -1.74319e+01  6.62111e+01             
       O -6.82238e+01 -3.08350e+01  5.53036e+01             
       H -6.72492e+01 -3.07953e+01  5.52744e+01             
       H -7.13987e+01 -1.68344e+01  6.51040e+01             
       O -7.61397e+01 -7.97296e+00  5.44020e+01             
       H -7.52776e+01 -7.92498e+00  5.49384e+01             
       H -8.74192e+01 -2.26955e+01  3.41131e+01             
       O -8.64560e+01 -2.03815e+01  5.60753e+01             
       H -8.57618e+01 -2.09632e+01  5.56829e+01             
       H -8.60226e+01 -1.95156e+01  5.61436e+01             
       O -6.95030e+01 -2.89669e+01  4.96162e+01             
       H -6.89999e+01 -2.82385e+01  4.92734e+01             
       H -6.87622e+01 -2.94715e+01  5.01744e+01             
       O -5.80206e+01 -2.81235e+01  5.21006e+01             
       H -5.76357e+01 -1.59027e+01  5.12402e+01             
       H -5.73078e+01 -2.80111e+01  5.27900e+01             
       O -6.98111e+01 -1.34337e+01  5.96161e+01             
       H -5.66277e+01 -1.36711e+01  6.02377e+01             
       H -6.94052e+01 -1.36177e+01  5.86598e+01             
       O -6.89456e+01 -1.60581e+00  5.70746e+01             
       H -7.28654e+01 -3.46364e+01  5.34033e+01             
       H -7.91095e+01 -6.72637e-01  5.40696e+01             
       O -8.13465e+01 -2.03779e+01  5.13810e+01             
       H -8.07266e+01 -2.11049e+01  5.15174e+01             
       H -8.06842e+01 -1.96179e+01  5.12910e+01             
       O -8.31149e+01 -1.14880e+01  4.33895e+01             
       H -8.26425e+01 -2.40767e+01  4.25250e+01             
       H -8.23422e+01 -1.13454e+01  4.40651e+01             
       O -8.35452e+01 -2.35081e+01  6.06685e+01             
       H -8.29018e+01 -2.42327e+01  6.03354e+01             
       H -8.29884e+01 -2.27291e+01  6.09003e+01             
       O -7.51292e+01 -2.44207e+01  6.55932e+01             
       H -7.45229e+01 -2.37175e+01  6.53106e+01             
       H -7.47254e+01 -2.49571e+01  6.62811e+01             
       O -8.51863e+01 -2.40108e+01  5.03822e+01             
       H -8.46211e+01 -2.37990e+01  6.20162e+01             
       H -7.73500e+01 -4.51698e+01  4.55360e+01             
       O -6.88566e+01 -2.27479e+01  6.98405e+01             
       H -6.84722e+01 -2.31607e+01  7.06167e+01             
       H -6.80851e+01 -2.24514e+01  6.91998e+01             
       O -7.09943e+01 -2.10235e+01  5.78695e+01             
       H -7.09098e+01 -2.02288e+01  5.83414e+01             
       H -7.00644e+01 -2.14793e+01  5.77170e+01             
       O -9.61833e+01 -2.54430e+01  6.46196e+01             
       H -9.52470e+01 -2.51075e+01  6.46823e+01             
       H -9.60048e+01 -2.64107e+01  6.45015e+01             
       O -6.73278e+01 -2.38362e+01  5.98857e+01             
       H -6.67462e+01 -2.34857e+01  6.06037e+01             
       H -6.74454e+01 -2.47588e+01  6.01295e+01             
       O -9.17169e+01 -1.39915e+01  2.72966e+01             
       H -9.07671e+01 -1.37877e+01  2.70020e+01             
       H -9.16836e+01 -1.47906e+01  2.78308e+01             
       O -7.59326e+01 -2.29607e+01  3.41524e+01             
       H -5.60288e+01 -1.34058e+01  4.41471e+01             
       H -7.59506e+01 -2.39631e+01  3.43370e+01             
       O -8.32124e+01 -1.71282e+01  5.96445e+01             
       H -8.28220e+01 -1.68013e+01  6.05003e+01             
       H -8.24542e+01 -1.74686e+01  5.90779e+01             
       O -8.43742e+01 -1.89973e+01  7.35734e+01             
       H -8.39036e+01 -1.82816e+01  7.30372e+01             
       H -8.38217e+01 -1.97907e+01  7.36502e+01             
