192                                                         
# CELL(abcABC):   12.41850    12.41850    12.41850    90.00000    90.00000    90.00000  Step:           0  Bead:       0 x_centroid{angstrom}  cell{angstrom}   
       O -7.40751e+01 -8.39223e+00  6.21003e+01             
       H -7.35971e+01 -9.16807e+00  6.17925e+01             
       H -7.33964e+01 -7.76186e+00  6.22932e+01             
       O -6.50307e+01 -6.69729e+00  6.20255e+01             
       H -6.15326e+01 -1.73318e+01  5.51042e+01             
       H -6.44398e+01 -6.34754e+00  6.27254e+01             
       O -6.62854e+01 -2.65186e+01  4.66990e+01             
       H -6.58697e+01 -1.49546e+01  4.65774e+01             
       H -6.54673e+01 -2.59845e+01  4.67890e+01             
       O -6.44969e+01 -2.39879e+01  5.13417e+01             
       H -6.40326e+01 -2.31772e+01  5.14687e+01             
       H -6.38057e+01 -2.46604e+01  5.16863e+01             
       O -5.17208e+01 -2.11907e+01  5.38395e+01             
       H -5.12060e+01 -2.09034e+01  5.46358e+01             
       H -5.10707e+01 -2.14565e+01  5.31895e+01             
       O -5.42115e+01 -1.73721e+01  6.40834e+01             
       H -5.37163e+01 -1.68080e+01  6.34282e+01             
       H -5.37050e+01 -1.75030e+01  6.48909e+01             
       O -6.79393e+01 -1.98216e+01  4.13358e+01             
       H -6.70943e+01 -1.94345e+01  4.10460e+01             
       H -5.42764e+01  1.45042e+00  5.36442e+01             
       O -5.21650e+01 -1.63236e+01  6.80983e+01             
       H -5.23360e+01 -1.54802e+01  6.76816e+01             
       H -5.12288e+01 -2.89665e+01  6.82325e+01             
       O -7.43549e+01 -1.00328e+01  4.46021e+01             
       H -7.35480e+01 -9.81140e+00  4.50720e+01             
       H -7.40829e+01 -1.06743e+01  4.39592e+01             
       O -6.52735e+01 -2.74959e+01  5.08021e+01             
       H -6.43525e+01 -2.78110e+01  5.05811e+01             
       H -6.53982e+01 -2.69992e+01  4.99821e+01             
       O -7.10786e+01 -6.77055e+00  5.88544e+01             
       H -7.02676e+01 -6.98229e+00  5.84097e+01             
       H -7.08983e+01 -6.51452e+00  5.97541e+01             
       O -6.71554e+01 -1.11776e+01  4.80181e+01             
       H -6.72246e+01 -1.12885e+01  4.70562e+01             
       H -5.39604e+01 -1.31492e+01  4.36624e+01             
       O -6.10656e+01 -3.04798e+01  4.61293e+01             
       H -6.12296e+01 -3.00692e+01  4.52732e+01             
       H -5.96495e+01 -2.68004e+01  5.70015e+01             
       O -7.27574e+01 -1.36558e+01  5.00565e+01             
       H -7.21551e+01 -1.28915e+01  5.00082e+01             
       H -7.22554e+01 -1.43260e+01  5.05627e+01             
       O -5.29489e+01 -2.43850e+01  5.67304e+01             
       H -5.23455e+01 -2.44553e+01  5.74891e+01             
       H -5.22817e+01 -2.44013e+01  5.59530e+01             
       O -6.53645e+01 -1.28994e+01  6.14392e+01             
       H -6.51574e+01 -1.22546e+01  6.21836e+01             
       H -6.45921e+01 -1.28367e+01  6.08608e+01             
       O -6.72130e+01 -1.00086e+01  4.33331e+01             
       H -6.67229e+01 -2.31267e+01  4.37652e+01             
       H -6.65473e+01 -9.32570e+00  4.36226e+01             
       O -6.50823e+01 -2.66166e+01  4.11908e+01             
       H -6.44966e+01 -2.58633e+01  4.15166e+01             
       H -6.50390e+01 -2.66463e+01  4.02469e+01             
       O -7.49387e+01 -9.63681e+00  5.18781e+01             
       H -7.40999e+01 -9.90730e+00  5.23025e+01             
       H -7.46028e+01 -9.02651e+00  5.11764e+01             
       O -6.82662e+01  5.53210e+00  4.40550e+01             
       H -4.51958e+01 -1.74210e+01  4.84635e+01             
       H -6.81210e+01  5.58738e+00  4.30680e+01             
       O -5.87464e+01 -1.41541e+01  5.82602e+01             
       H -6.21334e+01 -2.06805e+01  5.61122e+01             
       H -7.06317e+01 -1.48464e+01  5.86572e+01             
       O -6.29395e+01 -3.07469e+01  5.12389e+01             
       H -6.27088e+01 -2.98197e+01  5.09702e+01             
       H -6.21920e+01 -3.12970e+01  5.10307e+01             
       O -7.09002e+01 -1.85289e+01  5.33352e+01             
       H -7.05032e+01 -1.93195e+01  5.37214e+01             
       H -7.04306e+01 -1.77348e+01  5.37269e+01             
       O -5.89566e+01 -4.04913e+01  5.13904e+01             
       H -5.92153e+01 -4.14367e+01  5.12351e+01             
       H -5.79754e+01 -4.06120e+01  6.39167e+01             
       O -6.25658e+01 -3.56460e+00  4.75989e+01             
       H -6.19442e+01 -4.15903e+00  4.72703e+01             
       H -6.22521e+01 -2.72100e+00  4.71996e+01             
       O -5.99388e+01 -2.30162e+01  6.10775e+01             
       H -5.90104e+01 -2.28348e+01  6.13141e+01             
       H -6.00001e+01 -2.27780e+01  6.01647e+01             
       O -6.39183e+01 -2.43387e+01  6.70938e+01             
       H -6.39828e+01 -2.34463e+01  6.67139e+01             
       H -6.29307e+01 -2.44736e+01  6.72022e+01             
       O -8.06445e+01 -1.95752e+01  5.03517e+01             
       H -8.01641e+01 -2.03867e+01  5.00337e+01             
       H -7.99809e+01 -1.89313e+01  5.06407e+01             
       O -5.63928e+01 -1.02639e+00  6.48103e+01             
       H -5.56425e+01 -4.28548e-01  6.49365e+01             
       H -5.60267e+01 -1.87367e+00  6.46397e+01             
       O -6.13462e+01 -1.19878e+01  4.27772e+01             
       H -6.08439e+01 -1.28019e+01  4.30004e+01             
       H -6.08156e+01 -1.15249e+01  2.96347e+01             
       O -5.85757e+01 -1.38555e+01  2.91103e+01             
       H -5.88774e+01 -1.45693e+01  2.84757e+01             
       H -7.01123e+01 -1.37755e+01  2.87998e+01             
       O -5.01712e+01 -1.58659e+01  2.56372e+01             
       H -4.97007e+01 -1.56448e+01  2.47473e+01             
       H -5.00761e+01 -1.51494e+01  2.63286e+01             
       O -5.71745e+01 -2.24786e+01  3.69169e+01             
       H -5.63432e+01 -2.27986e+01  3.65312e+01             
       H -5.68251e+01 -2.20729e+01  5.01467e+01             
       O -5.86668e+01 -1.20063e+01  3.88581e+01             
       H -6.35710e+01 -8.66300e+00  4.69963e+01             
       H -5.80681e+01 -1.26057e+01  3.93623e+01             
       O -6.03103e+01 -2.30282e+01  5.30930e+01             
       H -5.98302e+01 -2.36337e+01  5.25548e+01             
       H -5.97243e+01 -2.22530e+01  5.31185e+01             
       O -4.97520e+01 -1.30491e+01  3.96039e+01             
       H -4.92520e+01 -1.26739e+01  4.03165e+01             
       H -4.90365e+01 -1.32755e+01  3.89117e+01             
       O -5.44055e+01 -3.01909e+01  4.81214e+01             
       H -5.39309e+01 -3.06039e+01  4.88233e+01             
       H -5.37294e+01 -2.99781e+01  4.74387e+01             
       O -6.12977e+01 -1.30954e+00  5.94399e+01             
       H -6.04831e+01 -1.27538e+00  5.88924e+01             
       H -6.09274e+01 -1.11307e+00  6.02959e+01             
       O -5.56877e+01  7.88864e+00  6.99013e+01             
       H -5.58459e+01  6.99138e+00  6.95097e+01             
       H -5.48223e+01  7.98860e+00  6.95193e+01             
       O -6.01523e+01 -2.66961e+01  5.61367e+01             
       H -6.76940e+01 -2.07705e+01  4.15434e+01             
       H -5.93622e+01 -2.68419e+01  5.55284e+01             
       O -6.18683e+01 -1.67163e+01  5.57731e+01             
       H -5.80859e+01 -1.14010e+01  3.84535e+01             
       H -6.12847e+01 -1.59455e+01  5.58999e+01             
       O -5.46804e+01 -1.36755e+01  4.31399e+01             
       H -6.76088e+01 -7.43733e+00  4.45087e+01             
       H -5.43094e+01 -1.39459e+01  4.23564e+01             
       O -5.61924e+01 -2.82465e+01  5.13575e+01             
       H -6.78005e+01 -2.88547e+01  6.38069e+01             
       H -5.19919e+01 -6.95463e+00  6.13082e+01             
       O -8.97847e+01 -1.64979e+01  5.90011e+01             
       H -8.97272e+01 -1.68702e+01  5.81563e+01             
       H -8.88562e+01 -1.64231e+01  5.93157e+01             
       O -5.78944e+01 -3.06383e+01  4.89613e+01             
       H -5.71132e+01 -3.11191e+01  4.92146e+01             
       H -5.81791e+01 -1.35438e+01  5.78735e+01             
       O -6.39363e+01 -9.47114e+00  4.66303e+01             
       H -6.34081e+01 -9.66702e+00  4.58709e+01             
       H -7.69414e+01 -1.86194e+01  2.87632e+01             
       O -7.54751e+01 -1.96131e+01  4.76172e+01             
       H -7.49939e+01 -1.90818e+01  4.69243e+01             
       H -7.48759e+01 -2.01759e+01  4.80863e+01             
       O -5.75304e+01 -2.29777e+01  4.44095e+01             
       H -5.66201e+01 -2.26494e+01  4.41237e+01             
       H -5.72607e+01 -2.37985e+01  4.48565e+01             
       O -4.33491e+01 -2.64402e+01  4.89205e+01             
       H -4.33621e+01 -1.31178e+01  4.93007e+01             
       H -4.27006e+01 -2.65008e+01  4.82377e+01             
       O -5.84573e+01 -8.69059e+00  5.38871e+01             
       H -4.59823e+01 -9.15601e+00  5.47159e+01             
       H -5.78456e+01 -9.13010e+00  5.32631e+01             
       O -5.43588e+01  1.24363e+00  5.26808e+01             
       H -6.01729e+01 -3.08438e+01  4.60482e+01             
       H -6.64775e+01  6.38812e-01  4.83199e+01             
       O -6.96266e+01 -1.59924e+01  4.72967e+01             
       H -6.92684e+01 -1.52934e+01  4.78407e+01             
       H -6.89349e+01 -1.63414e+01  4.66890e+01             
       O -6.85104e+01 -8.11575e+00  3.42357e+01             
       H -6.85808e+01 -2.12503e+01  3.48797e+01             
       H -6.80528e+01 -7.48059e+00  3.47836e+01             
       O -7.34317e+01 -1.88013e+01  5.40582e+01             
       H -7.24627e+01 -1.88111e+01  5.38160e+01             
       H -7.38975e+01 -1.87759e+01  5.32546e+01             
       O -6.53230e+01 -2.06345e+01  5.71378e+01             
       H -6.45303e+01 -2.04155e+01  5.66541e+01             
       H -6.50490e+01 -2.10111e+01  5.79724e+01             
       O -7.50830e+01 -2.00741e+01  4.32037e+01             
       H -7.44202e+01 -1.95344e+01  5.50996e+01             
       H -6.84598e+01 -4.02784e+01  3.80787e+01             
       O -5.40363e+01 -2.16342e+01  6.21990e+01             
       H -5.34114e+01 -2.09454e+01  6.23893e+01             
       H -5.38663e+01 -2.19732e+01  6.13612e+01             
       O -6.01593e+01 -1.87364e+01  5.02010e+01             
       H -5.97367e+01 -1.89535e+01  5.10505e+01             
       H -5.93702e+01 -1.85672e+01  4.95714e+01             
       O -8.45327e+01 -2.18573e+01  5.84383e+01             
       H -8.44541e+01 -2.09084e+01  5.84845e+01             
       H -8.37589e+01 -2.22051e+01  5.79183e+01             
       O -5.65956e+01 -2.18831e+01  5.19588e+01             
       H -5.62969e+01 -2.09329e+01  5.21352e+01             
       H -5.58439e+01 -2.24461e+01  5.23016e+01             
       O -7.60249e+01 -1.23144e+01  2.20078e+01             
       H -7.56834e+01 -1.14275e+01  2.20120e+01             
       H -7.52358e+01 -1.28773e+01  2.18601e+01             
       O -6.54080e+01 -1.83358e+01  2.90160e+01             
       H -4.10533e+01 -1.14130e+01  3.98882e+01             
       H -6.52554e+01 -1.77641e+01  2.97394e+01             
       O -6.86703e+01 -1.30994e+01  5.76664e+01             
       H -6.78364e+01 -1.34032e+01  5.80565e+01             
       H -6.82666e+01 -1.32559e+01  5.67648e+01             
       O -6.98262e+01 -1.58441e+01  6.81204e+01             
       H -6.94386e+01 -1.50775e+01  6.77535e+01             
       H -6.91399e+01 -1.61689e+01  6.87909e+01             
192                                                         
# CELL(abcABC):   12.41850    12.41850    12.41850    90.00000    90.00000    90.00000  Step:      200000  Bead:       0 x_centroid{angstrom}  cell{angstrom}   
       O -8.77212e+01 -1.28464e+01  6.69664e+01             
       H -8.67951e+01 -1.29090e+01  6.72584e+01             
       H -8.78143e+01 -1.19468e+01  6.66291e+01             
       O -7.62100e+01 -1.05089e+01  6.55394e+01             
       H -7.24768e+01 -1.88463e+01  5.91690e+01             
       H -7.56862e+01 -9.79683e+00  6.59060e+01             
       O -7.83105e+01 -2.88574e+01  5.29524e+01             
       H -7.79240e+01 -1.72481e+01  5.33810e+01             
       H -7.76194e+01 -2.81823e+01  5.30073e+01             
       O -7.50045e+01 -2.67112e+01  5.75560e+01             
       H -7.41413e+01 -2.63478e+01  5.79031e+01             
       H -7.47349e+01 -2.71922e+01  5.67785e+01             
       O -6.40428e+01 -2.52930e+01  5.99321e+01             
       H -6.38381e+01 -2.44417e+01  6.02589e+01             
       H -6.30775e+01 -2.55019e+01  5.98878e+01             
       O -6.77269e+01 -2.09957e+01  7.03865e+01             
       H -6.78324e+01 -2.03165e+01  6.97409e+01             
       H -6.68149e+01 -2.12308e+01  7.02701e+01             
       O -7.86417e+01 -2.24422e+01  4.83110e+01             
       H -7.77759e+01 -2.25225e+01  4.86183e+01             
       H -6.47683e+01 -1.23477e+00  6.16051e+01             
       O -6.56640e+01 -1.97610e+01  7.25821e+01             
       H -6.55502e+01 -1.90436e+01  7.19796e+01             
       H -6.51935e+01 -3.19942e+01  7.34029e+01             
       O -8.68883e+01 -1.11798e+01  5.11097e+01             
       H -8.61476e+01 -1.04215e+01  5.11878e+01             
       H -8.63573e+01 -1.20049e+01  5.10399e+01             
       O -7.61166e+01 -3.08094e+01  5.59332e+01             
       H -7.54976e+01 -3.15507e+01  5.62484e+01             
       H -7.55722e+01 -3.00264e+01  5.59470e+01             
       O -8.48758e+01 -9.43053e+00  6.37982e+01             
       H -8.41720e+01 -9.64977e+00  6.31535e+01             
       H -8.44994e+01 -9.66334e+00  6.46756e+01             
       O -7.84910e+01 -9.53927e+00  5.14718e+01             
       H -7.79479e+01 -1.01389e+01  5.20582e+01             
       H -6.66115e+01 -1.66751e+01  4.67975e+01             
       O -7.25213e+01 -3.13787e+01  5.02632e+01             
       H -7.18476e+01 -3.06701e+01  5.04564e+01             
       H -7.05948e+01 -2.87130e+01  6.27140e+01             
       O -8.49739e+01 -2.03282e+01  5.53346e+01             
       H -8.43688e+01 -1.98887e+01  5.58992e+01             
       H -8.43942e+01 -2.08850e+01  5.47391e+01             
       O -6.36497e+01 -2.89719e+01  6.21350e+01             
       H -6.30584e+01 -2.88015e+01  6.28773e+01             
       H -6.31121e+01 -2.91122e+01  6.13236e+01             
       O -7.81631e+01 -1.50019e+01  6.97539e+01             
       H -7.73860e+01 -1.44791e+01  6.94465e+01             
       H -7.77545e+01 -1.57750e+01  7.02345e+01             
       O -7.82715e+01 -1.28356e+01  5.23008e+01             
       H -7.82837e+01 -2.51753e+01  5.13357e+01             
       H -7.73928e+01 -1.33672e+01  5.24254e+01             
       O -7.74617e+01 -2.97221e+01  4.58978e+01             
       H -7.65946e+01 -2.95342e+01  4.63867e+01             
       H -7.72705e+01 -3.02443e+01  4.51014e+01             
       O -8.61172e+01 -1.28839e+01  5.98338e+01             
       H -8.56445e+01 -1.36111e+01  6.03650e+01             
       H -8.55419e+01 -1.20997e+01  5.99846e+01             
       O -8.06420e+01  1.68131e+00  5.01322e+01             
       H -5.69758e+01 -2.23776e+01  5.71061e+01             
       H -8.00593e+01  1.99564e+00  4.94384e+01             
       O -7.05246e+01 -1.78071e+01  6.63291e+01             
       H -7.53951e+01 -2.31399e+01  6.20098e+01             
       H -8.25204e+01 -1.86504e+01  6.60947e+01             
       O -7.49453e+01 -3.32662e+01  5.67617e+01             
       H -7.46944e+01 -3.33029e+01  5.77208e+01             
       H -7.40836e+01 -3.33154e+01  5.62345e+01             
       O -8.31031e+01 -2.21530e+01  6.17555e+01             
       H -8.22938e+01 -2.26009e+01  6.21398e+01             
       H -8.27459e+01 -2.13012e+01  6.13695e+01             
       O -6.93545e+01 -4.51871e+01  6.01879e+01             
       H -6.89017e+01 -4.43292e+01  6.05500e+01             
       H -6.86759e+01 -4.55581e+01  7.19650e+01             
       O -7.48266e+01 -7.43933e+00  5.18857e+01             
       H -7.40349e+01 -7.02461e+00  5.13890e+01             
       H -7.45566e+01 -8.36774e+00  5.19305e+01             
       O -7.29052e+01 -2.57532e+01  6.79142e+01             
       H -7.21863e+01 -2.58816e+01  6.72833e+01             
       H -7.24644e+01 -2.54347e+01  6.87079e+01             
       O -7.51276e+01 -2.91649e+01  7.16697e+01             
       H -7.49230e+01 -2.83290e+01  7.11560e+01             
       H -7.43701e+01 -2.97754e+01  7.16243e+01             
       O -9.19936e+01 -2.42473e+01  5.89746e+01             
       H -9.12141e+01 -2.45531e+01  5.85107e+01             
       H -9.17102e+01 -2.35629e+01  5.96471e+01             
       O -6.99171e+01 -4.49710e+00  7.00206e+01             
       H -6.93363e+01 -4.22503e+00  7.07863e+01             
       H -6.92719e+01 -4.67825e+00  6.93325e+01             
       O -7.25276e+01 -1.34733e+01  5.09379e+01             
       H -7.22762e+01 -1.37015e+01  5.18627e+01             
       H -7.17034e+01 -1.33877e+01  3.79973e+01             
       O -7.12417e+01 -1.93014e+01  3.31420e+01             
       H -7.06561e+01 -1.98427e+01  3.36348e+01             
       H -8.32278e+01 -1.84350e+01  3.29642e+01             
       O -6.18069e+01 -1.61967e+01  3.02861e+01             
       H -6.13887e+01 -1.62764e+01  2.94506e+01             
       H -6.11085e+01 -1.61164e+01  3.09646e+01             
       O -6.77217e+01 -2.68468e+01  4.30654e+01             
       H -6.72658e+01 -2.71674e+01  4.38870e+01             
       H -6.71466e+01 -2.61262e+01  5.50670e+01             
       O -7.10013e+01 -1.31168e+01  4.50924e+01             
       H -7.58346e+01 -1.40273e+01  5.36035e+01             
       H -7.04055e+01 -1.37238e+01  4.46631e+01             
       O -7.20934e+01 -2.77057e+01  6.00853e+01             
       H -7.12473e+01 -2.71787e+01  6.01173e+01             
       H -7.18648e+01 -2.82903e+01  6.07739e+01             
       O -6.00965e+01 -1.60687e+01  4.49770e+01             
       H -5.91970e+01 -1.62905e+01  4.46603e+01             
       H -5.98216e+01 -1.57387e+01  4.58096e+01             
       O -6.67653e+01 -3.62635e+01  5.43847e+01             
       H -6.61786e+01 -3.58135e+01  5.50573e+01             
       H -6.61320e+01 -3.67293e+01  5.38054e+01             
       O -7.29215e+01 -5.20547e+00  6.55287e+01             
       H -7.31962e+01 -6.07158e+00  6.58192e+01             
       H -7.20260e+01 -5.19103e+00  6.60004e+01             
       O -6.69153e+01  6.20374e+00  7.60692e+01             
       H -6.61720e+01  5.59183e+00  7.59232e+01             
       H -6.65816e+01  6.86797e+00  7.67075e+01             
       O -7.08328e+01 -2.93956e+01  6.20302e+01             
       H -7.87752e+01 -2.14866e+01  4.81611e+01             
       H -6.99485e+01 -2.97957e+01  6.19295e+01             
       O -7.32293e+01 -1.84684e+01  5.97494e+01             
       H -7.04840e+01 -1.23374e+01  4.51208e+01             
       H -7.27791e+01 -1.83667e+01  6.05616e+01             
       O -6.75483e+01 -1.66139e+01  4.70220e+01             
       H -8.00872e+01 -1.06170e+01  5.09106e+01             
       H -6.76759e+01 -1.57431e+01  4.75950e+01             
       O -6.89523e+01 -3.24906e+01  5.28456e+01             
       H -8.06761e+01 -3.28339e+01  6.59280e+01             
       H -6.32604e+01 -1.08584e+01  6.48161e+01             
       O -1.02143e+02 -1.90218e+01  6.61130e+01             
       H -1.01532e+02 -1.92008e+01  6.54164e+01             
       H -1.01574e+02 -1.88138e+01  6.69453e+01             
       O -6.95536e+01 -3.56665e+01  5.74541e+01             
       H -6.86999e+01 -3.58740e+01  5.78885e+01             
       H -6.97743e+01 -1.71984e+01  6.64034e+01             
       O -7.61404e+01 -1.45188e+01  5.27913e+01             
       H -7.53875e+01 -1.49898e+01  5.23382e+01             
       H -8.92335e+01 -2.17922e+01  3.14511e+01             
       O -9.18013e+01 -2.05008e+01  5.48036e+01             
       H -9.09315e+01 -2.03274e+01  5.43513e+01             
       H -9.15732e+01 -2.12718e+01  5.53077e+01             
       O -7.00978e+01 -2.79090e+01  5.16716e+01             
       H -6.93030e+01 -2.80171e+01  5.23167e+01             
       H -6.98218e+01 -2.71507e+01  5.11066e+01             
       O -5.51649e+01 -3.05792e+01  5.65181e+01             
       H -5.48502e+01 -1.85335e+01  5.56857e+01             
       H -5.45798e+01 -2.98331e+01  5.66431e+01             
       O -6.98489e+01 -1.31973e+01  6.24200e+01             
       H -5.67773e+01 -1.34457e+01  6.16868e+01             
       H -6.94497e+01 -1.24707e+01  6.28944e+01             
       O -6.54971e+01 -1.64303e+00  6.20841e+01             
       H -7.21082e+01 -3.22979e+01  5.04091e+01             
       H -7.77506e+01  3.17994e+00  5.09580e+01             
       O -8.34175e+01 -2.17225e+01  5.35406e+01             
       H -8.27638e+01 -2.10676e+01  5.31341e+01             
       H -8.28357e+01 -2.23789e+01  5.39495e+01             
       O -8.19628e+01 -1.13305e+01  4.22094e+01             
       H -8.22114e+01 -2.37651e+01  4.31735e+01             
       H -8.09814e+01 -1.14136e+01  4.22121e+01             
       O -8.66388e+01 -2.12977e+01  5.96174e+01             
       H -8.58845e+01 -2.19018e+01  5.93945e+01             
       H -8.61856e+01 -2.04528e+01  5.99382e+01             
       O -7.68070e+01 -1.93581e+01  6.24900e+01             
       H -7.65203e+01 -1.84292e+01  6.26011e+01             
       H -7.60012e+01 -1.97445e+01  6.30236e+01             
       O -8.84136e+01 -2.26525e+01  4.89201e+01             
       H -8.77660e+01 -2.20905e+01  6.08167e+01             
       H -8.07915e+01 -4.47838e+01  3.96311e+01             
       O -6.45225e+01 -2.48323e+01  6.95364e+01             
       H -6.40976e+01 -2.51823e+01  7.03263e+01             
       H -6.39212e+01 -2.51731e+01  6.88239e+01             
       O -7.21460e+01 -2.30984e+01  5.96497e+01             
       H -7.16392e+01 -2.35444e+01  5.89625e+01             
       H -7.14821e+01 -2.28905e+01  6.03745e+01             
       O -9.59372e+01 -2.57860e+01  6.60361e+01             
       H -9.51425e+01 -2.52019e+01  6.62640e+01             
       H -9.55162e+01 -2.65514e+01  6.55800e+01             
       O -6.80090e+01 -2.66786e+01  6.06655e+01             
       H -6.79725e+01 -2.61088e+01  5.98391e+01             
       H -6.70863e+01 -2.64943e+01  6.10159e+01             
       O -8.65284e+01 -1.59338e+01  2.66374e+01             
       H -8.59139e+01 -1.52932e+01  2.62176e+01             
       H -8.59827e+01 -1.64447e+01  2.72472e+01             
       O -7.76112e+01 -2.23446e+01  3.15021e+01             
       H -5.27162e+01 -1.49181e+01  4.97847e+01             
       H -7.71479e+01 -2.31622e+01  3.19007e+01             
       O -8.09816e+01 -1.61111e+01  6.60407e+01             
       H -8.07478e+01 -1.54745e+01  6.67383e+01             
       H -8.00346e+01 -1.62537e+01  6.57212e+01             
       O -8.08063e+01 -1.80529e+01  7.38195e+01             
       H -8.02972e+01 -1.75112e+01  7.31797e+01             
       H -8.01649e+01 -1.82020e+01  7.45384e+01             
