192                                                         
# CELL(abcABC):   12.41850    12.41850    12.41850    90.00000    90.00000    90.00000  Step:           0  Bead:       0 x_centroid{angstrom}  cell{angstrom}   
       O -7.46189e+01 -8.55810e+00  6.26363e+01             
       H -7.44518e+01 -9.46920e+00  6.23374e+01             
       H -7.37487e+01 -8.16449e+00  6.27373e+01             
       O -6.56759e+01 -7.10332e+00  6.33954e+01             
       H -6.22603e+01 -1.71041e+01  5.60284e+01             
       H -6.52396e+01 -7.07069e+00  6.42572e+01             
       O -6.81833e+01 -2.71108e+01  4.68951e+01             
       H -6.74396e+01 -1.48194e+01  4.74419e+01             
       H -6.80184e+01 -2.62935e+01  4.63922e+01             
       O -6.53490e+01 -2.36115e+01  5.21401e+01             
       H -6.47194e+01 -2.28557e+01  5.22648e+01             
       H -6.49799e+01 -2.43643e+01  5.26546e+01             
       O -5.35184e+01 -2.24423e+01  5.46952e+01             
       H -5.26987e+01 -2.20432e+01  5.50950e+01             
       H -5.33665e+01 -2.25268e+01  5.37533e+01             
       O -5.49221e+01 -1.65745e+01  6.49607e+01             
       H -5.43786e+01 -1.58785e+01  6.44994e+01             
       H -5.44858e+01 -1.69655e+01  6.56884e+01             
       O -6.79922e+01 -2.04541e+01  4.22344e+01             
       H -6.73858e+01 -1.96737e+01  4.22097e+01             
       H -5.60500e+01  7.94409e-01  5.23517e+01             
       O -5.28779e+01 -1.58179e+01  6.78145e+01             
       H -5.25351e+01 -1.51411e+01  6.71925e+01             
       H -5.20909e+01 -2.83835e+01  6.83652e+01             
       O -7.56040e+01 -1.01048e+01  4.56173e+01             
       H -7.46997e+01 -1.00538e+01  4.60295e+01             
       H -7.55488e+01 -1.08983e+01  4.51253e+01             
       O -6.58292e+01 -2.67449e+01  5.13845e+01             
       H -6.48483e+01 -2.69005e+01  5.14538e+01             
       H -6.59641e+01 -2.59602e+01  5.08606e+01             
       O -7.20362e+01 -7.22239e+00  5.97076e+01             
       H -7.14762e+01 -7.67012e+00  6.03532e+01             
       H -7.13886e+01 -6.66543e+00  5.93242e+01             
       O -6.91704e+01 -1.18827e+01  4.88165e+01             
       H -6.91516e+01 -1.13624e+01  4.80078e+01             
       H -5.48198e+01 -1.54666e+01  4.32813e+01             
       O -6.25485e+01 -3.11710e+01  4.63008e+01             
       H -6.25714e+01 -3.04607e+01  4.55980e+01             
       H -6.11611e+01 -2.69403e+01  5.79909e+01             
       O -7.56247e+01 -1.46767e+01  5.21433e+01             
       H -7.47982e+01 -1.41716e+01  5.19795e+01             
       H -7.54455e+01 -1.55800e+01  5.21549e+01             
       O -5.46919e+01 -2.49087e+01  5.85355e+01             
       H -5.39797e+01 -2.49217e+01  5.92225e+01             
       H -5.42915e+01 -2.49830e+01  5.75818e+01             
       O -6.64591e+01 -1.21002e+01  6.22719e+01             
       H -6.61625e+01 -1.13834e+01  6.28753e+01             
       H -6.58714e+01 -1.22003e+01  6.14909e+01             
       O -6.87151e+01 -1.01858e+01  4.65131e+01             
       H -6.80404e+01 -2.33356e+01  4.62286e+01             
       H -6.86658e+01 -9.40154e+00  4.60315e+01             
       O -6.77130e+01 -2.58022e+01  4.10401e+01             
       H -6.73438e+01 -2.52083e+01  4.17535e+01             
       H -6.70323e+01 -2.61241e+01  4.04685e+01             
       O -7.57197e+01 -9.39713e+00  5.25259e+01             
       H -7.50907e+01 -9.95256e+00  5.30578e+01             
       H -7.51120e+01 -9.20058e+00  5.17271e+01             
       O -6.92621e+01  5.03937e+00  4.47195e+01             
       H -4.54949e+01 -1.57558e+01  4.91844e+01             
       H -6.86661e+01  4.74965e+00  4.40145e+01             
       O -6.05863e+01 -1.46691e+01  5.95365e+01             
       H -6.38103e+01 -2.10752e+01  5.69973e+01             
       H -7.31018e+01 -1.54461e+01  6.00980e+01             
       O -6.38246e+01 -3.17432e+01  5.34855e+01             
       H -6.32208e+01 -3.11352e+01  5.30369e+01             
       H -6.34032e+01 -3.26257e+01  5.32780e+01             
       O -7.22793e+01 -1.98215e+01  5.68571e+01             
       H -7.23367e+01 -2.04917e+01  5.61769e+01             
       H -7.13291e+01 -1.97113e+01  5.69635e+01             
       O -6.08773e+01 -4.21409e+01  4.88264e+01             
       H -6.00802e+01 -4.19024e+01  4.93295e+01             
       H -6.06045e+01 -4.27392e+01  6.05932e+01             
       O -6.33939e+01 -3.94689e+00  4.93282e+01             
       H -6.32650e+01 -3.04349e+00  4.90105e+01             
       H -6.25353e+01 -4.42062e+00  4.92080e+01             
       O -6.14914e+01 -2.30405e+01  6.11062e+01             
       H -6.07747e+01 -2.34066e+01  6.15994e+01             
       H -6.10079e+01 -2.25881e+01  6.04024e+01             
       O -6.66494e+01 -2.49974e+01  6.82573e+01             
       H -6.62063e+01 -2.41411e+01  6.80626e+01             
       H -6.60483e+01 -2.56683e+01  6.79685e+01             
       O -8.07856e+01 -1.86473e+01  4.95896e+01             
       H -8.02488e+01 -1.84662e+01  4.87604e+01             
       H -8.00881e+01 -1.88855e+01  5.02417e+01             
       O -5.84915e+01 -1.81696e+00  6.54025e+01             
       H -5.77562e+01 -1.29664e+00  6.57008e+01             
       H -5.80823e+01 -2.60102e+00  6.49410e+01             
       O -6.29010e+01 -1.21181e+01  4.35583e+01             
       H -6.24436e+01 -1.28736e+01  4.39324e+01             
       H -6.22814e+01 -1.17089e+01  3.05192e+01             
       O -5.99105e+01 -1.80752e+01  2.73168e+01             
       H -5.96117e+01 -1.89608e+01  2.70722e+01             
       H -7.15782e+01 -1.75381e+01  2.73068e+01             
       O -5.00926e+01 -1.73672e+01  2.71015e+01             
       H -5.05443e+01 -1.73471e+01  2.62462e+01             
       H -4.91586e+01 -1.76450e+01  2.69618e+01             
       O -5.92795e+01 -2.35705e+01  3.77386e+01             
       H -5.84452e+01 -2.38870e+01  3.74419e+01             
       H -5.91923e+01 -2.26762e+01  5.05241e+01             
       O -6.07154e+01 -1.29844e+01  3.97300e+01             
       H -6.45038e+01 -8.61582e+00  4.78931e+01             
       H -5.98750e+01 -1.33708e+01  4.00643e+01             
       O -6.15459e+01 -2.34523e+01  5.38918e+01             
       H -6.12181e+01 -2.42166e+01  5.33279e+01             
       H -6.07146e+01 -2.30511e+01  5.43102e+01             
       O -5.21080e+01 -1.31728e+01  4.17319e+01             
       H -5.15769e+01 -1.26894e+01  4.24376e+01             
       H -5.14769e+01 -1.35459e+01  4.10909e+01             
       O -5.46158e+01 -3.04660e+01  4.72854e+01             
       H -5.39321e+01 -2.97732e+01  4.73548e+01             
       H -5.42960e+01 -3.10930e+01  4.66617e+01             
       O -6.25474e+01 -6.64742e-01  6.04457e+01             
       H -6.18211e+01 -1.27506e+00  6.01017e+01             
       H -6.22055e+01  1.86959e-01  6.07181e+01             
       O -5.78378e+01  7.57261e+00  6.81688e+01             
       H -5.75271e+01  6.92103e+00  6.87961e+01             
       H -5.70627e+01  8.13955e+00  6.80154e+01             
       O -6.16113e+01 -2.67676e+01  5.71245e+01             
       H -6.73247e+01 -2.11773e+01  4.22329e+01             
       H -6.10082e+01 -2.68446e+01  5.63963e+01             
       O -6.29765e+01 -1.68505e+01  5.67061e+01             
       H -6.04165e+01 -1.24791e+01  3.89601e+01             
       H -6.26176e+01 -1.59948e+01  5.70378e+01             
       O -5.57550e+01 -1.54516e+01  4.30142e+01             
       H -6.85796e+01 -7.07445e+00  4.52937e+01             
       H -5.58413e+01 -1.48163e+01  4.22758e+01             
       O -5.75213e+01 -2.87012e+01  5.21867e+01             
       H -6.89805e+01 -2.89165e+01  6.47192e+01             
       H -5.26703e+01 -6.79853e+00  6.27103e+01             
       O -8.96132e+01 -1.64699e+01  5.92872e+01             
       H -8.93821e+01 -1.71011e+01  5.86518e+01             
       H -8.89939e+01 -1.63818e+01  5.99903e+01             
       O -5.81823e+01 -2.89798e+01  4.96869e+01             
       H -5.76247e+01 -2.96963e+01  4.93424e+01             
       H -5.96871e+01 -1.45514e+01  5.98431e+01             
       O -6.50404e+01 -9.19019e+00  4.72471e+01             
       H -6.43518e+01 -9.37519e+00  4.65624e+01             
       H -7.77369e+01 -1.89388e+01  2.95804e+01             
       O -7.62412e+01 -1.96249e+01  4.85824e+01             
       H -7.56746e+01 -1.91249e+01  4.79379e+01             
       H -7.55499e+01 -2.01004e+01  4.91043e+01             
       O -5.85667e+01 -2.35380e+01  4.50474e+01             
       H -5.78503e+01 -2.31030e+01  4.55866e+01             
       H -5.82022e+01 -2.44761e+01  4.48155e+01             
       O -4.55772e+01 -2.66964e+01  4.83439e+01             
       H -4.51556e+01 -1.35043e+01  4.87511e+01             
       H -4.48911e+01 -2.68473e+01  4.76572e+01             
       O -5.95408e+01 -9.75941e+00  5.51450e+01             
       H -4.67698e+01 -1.04371e+01  5.58112e+01             
       H -5.88206e+01 -9.46525e+00  5.45380e+01             
       O -5.64305e+01  1.63525e+00  5.20834e+01             
       H -6.15934e+01 -3.13073e+01  4.64519e+01             
       H -6.82526e+01  4.36346e-01  4.91078e+01             
       O -6.99703e+01 -1.75982e+01  4.69037e+01             
       H -6.90717e+01 -1.76630e+01  4.71148e+01             
       H -6.99180e+01 -1.68004e+01  4.63902e+01             
       O -6.98054e+01 -8.21386e+00  3.64115e+01             
       H -6.92914e+01 -2.14009e+01  3.65982e+01             
       H -6.91293e+01 -7.53873e+00  3.66150e+01             
       O -7.29285e+01 -1.78315e+01  5.50739e+01             
       H -7.24522e+01 -1.84256e+01  5.56693e+01             
       H -7.24656e+01 -1.77970e+01  5.42480e+01             
       O -6.65670e+01 -2.03458e+01  5.81586e+01             
       H -6.58449e+01 -2.02716e+01  5.74997e+01             
       H -6.60643e+01 -2.09231e+01  5.87848e+01             
       O -7.66367e+01 -2.06695e+01  4.38014e+01             
       H -7.60425e+01 -2.00548e+01  5.57555e+01             
       H -7.02076e+01 -4.11452e+01  3.87866e+01             
       O -5.47893e+01 -2.16067e+01  6.20414e+01             
       H -5.40876e+01 -2.11625e+01  6.25838e+01             
       H -5.44689e+01 -2.16458e+01  6.11046e+01             
       O -5.91690e+01 -2.06990e+01  5.09598e+01             
       H -5.86412e+01 -2.07395e+01  5.17997e+01             
       H -5.85136e+01 -2.05081e+01  5.02492e+01             
       O -8.54315e+01 -2.23072e+01  5.87594e+01             
       H -8.51246e+01 -2.15077e+01  5.83936e+01             
       H -8.50564e+01 -2.30312e+01  5.81765e+01             
       O -5.77872e+01 -2.10675e+01  5.33027e+01             
       H -5.70220e+01 -2.07504e+01  5.38578e+01             
       H -5.73703e+01 -2.18517e+01  5.29314e+01             
       O -7.73696e+01 -1.21532e+01  2.27310e+01             
       H -7.71833e+01 -1.12147e+01  2.26217e+01             
       H -7.64978e+01 -1.26349e+01  2.28565e+01             
       O -6.61106e+01 -1.83485e+01  2.97612e+01             
       H -4.34222e+01 -1.03020e+01  3.90611e+01             
       H -6.57050e+01 -1.75445e+01  3.00727e+01             
       O -7.04429e+01 -1.38253e+01  5.67851e+01             
       H -7.11373e+01 -1.43133e+01  5.63387e+01             
       H -6.96100e+01 -1.42670e+01  5.65420e+01             
       O -7.24175e+01 -1.51751e+01  6.72663e+01             
       H -7.16842e+01 -1.49689e+01  6.66317e+01             
       H -7.23506e+01 -1.61305e+01  6.74629e+01             
192                                                         
# CELL(abcABC):   12.41850    12.41850    12.41850    90.00000    90.00000    90.00000  Step:      200000  Bead:       0 x_centroid{angstrom}  cell{angstrom}   
       O -8.78472e+01 -1.13613e+01  6.79292e+01             
       H -8.73923e+01 -1.20783e+01  6.74345e+01             
       H -8.71822e+01 -1.09600e+01  6.85268e+01             
       O -7.98492e+01 -9.87338e+00  7.00703e+01             
       H -7.48950e+01 -1.97980e+01  6.29343e+01             
       H -7.97249e+01 -9.24516e+00  7.08126e+01             
       O -8.21192e+01 -2.99845e+01  5.21153e+01             
       H -8.14976e+01 -1.83653e+01  5.21008e+01             
       H -8.15267e+01 -2.92113e+01  5.20593e+01             
       O -7.48937e+01 -2.75555e+01  5.94436e+01             
       H -7.42728e+01 -2.72616e+01  5.86631e+01             
       H -7.43073e+01 -2.73561e+01  6.02511e+01             
       O -6.53677e+01 -2.24916e+01  6.15863e+01             
       H -6.46933e+01 -2.22413e+01  6.22565e+01             
       H -6.50616e+01 -2.33294e+01  6.12628e+01             
       O -6.81769e+01 -1.90846e+01  7.13756e+01             
       H -6.77489e+01 -1.85921e+01  7.06765e+01             
       H -6.75660e+01 -1.96493e+01  7.18772e+01             
       O -8.23542e+01 -2.16228e+01  4.79440e+01             
       H -8.19919e+01 -2.08071e+01  4.75794e+01             
       H -6.71505e+01 -1.54231e+00  6.05089e+01             
       O -6.57356e+01 -1.93109e+01  7.46793e+01             
       H -6.54970e+01 -1.83762e+01  7.45870e+01             
       H -6.60481e+01 -3.21845e+01  7.38669e+01             
       O -8.81349e+01 -1.49322e+01  5.28620e+01             
       H -8.74646e+01 -1.44681e+01  5.34214e+01             
       H -8.77334e+01 -1.55397e+01  5.21759e+01             
       O -7.94100e+01 -2.99020e+01  5.71217e+01             
       H -7.89622e+01 -3.04236e+01  5.63805e+01             
       H -7.87227e+01 -2.93353e+01  5.75050e+01             
       O -8.44844e+01 -1.24849e+01  6.56517e+01             
       H -8.38077e+01 -1.22572e+01  6.62797e+01             
       H -8.38703e+01 -1.26371e+01  6.49135e+01             
       O -8.04268e+01 -1.37211e+01  5.54167e+01             
       H -7.97912e+01 -1.37195e+01  5.46881e+01             
       H -6.72372e+01 -1.92276e+01  5.11460e+01             
       O -7.39467e+01 -3.49823e+01  5.31010e+01             
       H -7.33137e+01 -3.45705e+01  5.23606e+01             
       H -7.31044e+01 -3.07243e+01  6.46952e+01             
       O -8.89777e+01 -1.91252e+01  5.93911e+01             
       H -8.84429e+01 -1.94617e+01  5.85395e+01             
       H -8.84061e+01 -1.93320e+01  6.01983e+01             
       O -6.77447e+01 -2.80528e+01  6.44226e+01             
       H -6.71838e+01 -2.81049e+01  6.51955e+01             
       H -6.71206e+01 -2.77729e+01  6.37596e+01             
       O -7.71407e+01 -1.56376e+01  7.01727e+01             
       H -7.66233e+01 -1.57975e+01  7.09481e+01             
       H -7.64993e+01 -1.57483e+01  6.94587e+01             
       O -8.19408e+01 -1.34377e+01  5.15669e+01             
       H -8.12074e+01 -2.64936e+01  5.16825e+01             
       H -8.14682e+01 -1.26235e+01  5.12124e+01             
       O -8.18068e+01 -2.84926e+01  4.70697e+01             
       H -8.11006e+01 -2.78605e+01  4.70484e+01             
       H -8.13992e+01 -2.93057e+01  4.68573e+01             
       O -8.87228e+01 -1.23362e+01  5.95495e+01             
       H -8.80055e+01 -1.19389e+01  6.00021e+01             
       H -8.84157e+01 -1.32469e+01  5.93365e+01             
       O -8.05463e+01  1.03328e+00  5.05779e+01             
       H -5.86977e+01 -1.95440e+01  5.52134e+01             
       H -8.01400e+01  1.03919e+00  4.96829e+01             
       O -7.35867e+01 -1.72869e+01  6.64494e+01             
       H -7.66073e+01 -2.61365e+01  6.44336e+01             
       H -8.50553e+01 -1.76365e+01  6.66877e+01             
       O -7.74884e+01 -3.60277e+01  5.73322e+01             
       H -7.68744e+01 -3.59734e+01  5.65588e+01             
       H -7.69517e+01 -3.62253e+01  5.81149e+01             
       O -8.78386e+01 -2.35914e+01  6.33884e+01             
       H -8.70789e+01 -2.36115e+01  6.27655e+01             
       H -8.73883e+01 -2.31562e+01  6.41381e+01             
       O -7.42092e+01 -4.55162e+01  5.49639e+01             
       H -7.32497e+01 -4.56118e+01  5.51562e+01             
       H -7.42770e+01 -4.63007e+01  6.68888e+01             
       O -7.58437e+01 -7.33155e+00  5.68813e+01             
       H -7.56116e+01 -6.34233e+00  5.66325e+01             
       H -7.52094e+01 -7.87705e+00  5.62583e+01             
       O -7.34273e+01 -2.65358e+01  6.99732e+01             
       H -7.30177e+01 -2.74432e+01  6.97672e+01             
       H -7.26506e+01 -2.60221e+01  6.99131e+01             
       O -7.85929e+01 -2.73376e+01  7.44234e+01             
       H -7.80023e+01 -2.66455e+01  7.48666e+01             
       H -7.79398e+01 -2.80025e+01  7.42214e+01             
       O -9.37174e+01 -2.18803e+01  5.55037e+01             
       H -9.30432e+01 -2.14687e+01  5.48952e+01             
       H -9.32507e+01 -2.20140e+01  5.63507e+01             
       O -7.21458e+01 -6.10829e+00  7.30003e+01             
       H -7.14520e+01 -5.70315e+00  7.35942e+01             
       H -7.16446e+01 -6.48851e+00  7.22228e+01             
       O -7.49279e+01 -1.67318e+01  5.06126e+01             
       H -7.42623e+01 -1.74177e+01  5.07106e+01             
       H -7.43437e+01 -1.59945e+01  3.78172e+01             
       O -7.28128e+01 -2.19005e+01  3.49800e+01             
       H -7.18716e+01 -2.17545e+01  3.52677e+01             
       H -8.52663e+01 -2.20894e+01  3.40566e+01             
       O -6.07591e+01 -2.28195e+01  3.23662e+01             
       H -6.02184e+01 -2.20549e+01  3.20053e+01             
       H -6.01202e+01 -2.35635e+01  3.23985e+01             
       O -6.95606e+01 -2.85831e+01  4.35041e+01             
       H -6.92350e+01 -2.77417e+01  4.30804e+01             
       H -6.87276e+01 -2.90154e+01  5.63269e+01             
       O -7.19815e+01 -1.66259e+01  4.45494e+01             
       H -7.82299e+01 -1.23052e+01  5.22768e+01             
       H -7.18433e+01 -1.72204e+01  4.52872e+01             
       O -7.30389e+01 -2.76565e+01  6.15910e+01             
       H -7.26151e+01 -2.85321e+01  6.15030e+01             
       H -7.23157e+01 -2.69984e+01  6.14884e+01             
       O -6.45205e+01 -1.69467e+01  4.88435e+01             
       H -6.36603e+01 -1.69135e+01  4.93555e+01             
       H -6.42655e+01 -1.71188e+01  4.79703e+01             
       O -6.69526e+01 -3.31893e+01  5.38306e+01             
       H -6.66062e+01 -3.24173e+01  5.43673e+01             
       H -6.61745e+01 -3.37442e+01  5.36216e+01             
       O -7.49634e+01 -4.85405e+00  6.87977e+01             
       H -7.45071e+01 -4.71575e+00  6.79471e+01             
       H -7.42102e+01 -4.74269e+00  6.93430e+01             
       O -6.97432e+01  3.33949e+00  7.56347e+01             
       H -6.91727e+01  2.57697e+00  7.56115e+01             
       H -6.92119e+01  4.14097e+00  7.58152e+01             
       O -7.28931e+01 -3.08974e+01  6.37687e+01             
       H -8.22153e+01 -2.15632e+01  4.88774e+01             
       H -7.20355e+01 -3.04005e+01  6.36490e+01             
       O -7.57011e+01 -1.98621e+01  6.35655e+01             
       H -7.10682e+01 -1.63531e+01  4.43739e+01             
       H -7.65320e+01 -1.98397e+01  6.30375e+01             
       O -6.79774e+01 -1.96055e+01  5.16134e+01             
       H -7.97629e+01 -1.12836e+01  5.11619e+01             
       H -6.75058e+01 -2.00765e+01  5.23034e+01             
       O -7.07915e+01 -3.13335e+01  5.82349e+01             
       H -8.22276e+01 -3.12639e+01  7.09521e+01             
       H -6.65231e+01 -1.01768e+01  6.98241e+01             
       O -1.00969e+02 -1.81312e+01  6.57625e+01             
       H -1.00852e+02 -1.86091e+01  6.48825e+01             
       H -1.00087e+02 -1.81077e+01  6.60924e+01             
       O -7.12025e+01 -3.27678e+01  5.57181e+01             
       H -7.03132e+01 -3.32065e+01  5.55737e+01             
       H -7.35124e+01 -1.63999e+01  6.60099e+01             
       O -7.88139e+01 -1.17896e+01  5.27881e+01             
       H -7.82710e+01 -1.10082e+01  5.30105e+01             
       H -9.02227e+01 -1.99527e+01  3.46888e+01             
       O -9.02067e+01 -1.89156e+01  5.51093e+01             
       H -8.96983e+01 -1.93845e+01  5.57884e+01             
       H -8.96150e+01 -1.85907e+01  5.43634e+01             
       O -7.22222e+01 -2.78498e+01  5.21483e+01             
       H -7.12391e+01 -2.78185e+01  5.21900e+01             
       H -7.24027e+01 -2.75429e+01  5.12467e+01             
       O -5.86334e+01 -3.03425e+01  5.42764e+01             
       H -5.82665e+01 -1.73767e+01  5.49601e+01             
       H -5.80507e+01 -3.03213e+01  5.34756e+01             
       O -7.12924e+01 -1.33517e+01  6.16687e+01             
       H -5.83369e+01 -1.35513e+01  6.25391e+01             
       H -7.06615e+01 -1.30406e+01  6.09184e+01             
       O -6.77128e+01 -1.47016e+00  5.96832e+01             
       H -7.34518e+01 -3.57761e+01  5.33840e+01             
       H -7.98161e+01 -1.31089e+00  5.62542e+01             
       O -8.49138e+01 -2.13671e+01  5.12309e+01             
       H -8.50039e+01 -2.03651e+01  5.13833e+01             
       H -8.39980e+01 -2.15184e+01  5.11172e+01             
       O -8.25866e+01 -1.20890e+01  4.27294e+01             
       H -8.18483e+01 -2.52128e+01  4.27262e+01             
       H -8.20890e+01 -1.12602e+01  4.28815e+01             
       O -8.59688e+01 -2.40360e+01  6.12115e+01             
       H -8.52789e+01 -2.47220e+01  6.14794e+01             
       H -8.55125e+01 -2.32509e+01  6.07919e+01             
       O -7.67183e+01 -2.19336e+01  6.57251e+01             
       H -7.63543e+01 -2.12798e+01  6.51078e+01             
       H -7.59122e+01 -2.23455e+01  6.61314e+01             
       O -8.95318e+01 -2.55765e+01  5.13306e+01             
       H -8.88273e+01 -2.48930e+01  6.35677e+01             
       H -8.33167e+01 -4.43261e+01  4.50609e+01             
       O -6.62304e+01 -2.60825e+01  6.99051e+01             
       H -6.58134e+01 -2.52378e+01  6.97012e+01             
       H -6.55029e+01 -2.67394e+01  7.00020e+01             
       O -7.14493e+01 -2.48668e+01  5.75984e+01             
       H -7.09042e+01 -2.47827e+01  5.83579e+01             
       H -7.07663e+01 -2.48888e+01  5.68565e+01             
       O -9.88943e+01 -2.60488e+01  6.69678e+01             
       H -9.80843e+01 -2.57502e+01  6.65619e+01             
       H -9.86022e+01 -2.62501e+01  6.79170e+01             
       O -6.97425e+01 -2.45221e+01  5.96785e+01             
       H -6.94911e+01 -2.35829e+01  5.97431e+01             
       H -6.89659e+01 -2.51271e+01  5.96524e+01             
       O -9.03804e+01 -1.54147e+01  2.91728e+01             
       H -8.95162e+01 -1.51661e+01  2.87115e+01             
       H -9.02509e+01 -1.63001e+01  2.94982e+01             
       O -7.86025e+01 -2.06415e+01  3.49360e+01             
       H -5.46499e+01 -1.36828e+01  4.65557e+01             
       H -7.80233e+01 -2.13507e+01  3.53962e+01             
       O -8.28769e+01 -1.68855e+01  6.19235e+01             
       H -8.23955e+01 -1.64898e+01  6.11742e+01             
       H -8.22361e+01 -1.72787e+01  6.25465e+01             
       O -8.68024e+01 -1.95554e+01  7.35244e+01             
       H -8.64371e+01 -2.03994e+01  7.31378e+01             
       H -8.59521e+01 -1.90438e+01  7.33997e+01             
