192                                                         
# CELL(abcABC):   12.41850    12.41850    12.41850    90.00000    90.00000    90.00000  Step:           0  Bead:       0 x_centroid{angstrom}  cell{angstrom}   
       O -7.49085e+01 -8.39251e+00  6.37376e+01             
       H -7.46215e+01 -9.09500e+00  6.31480e+01             
       H -7.41031e+01 -7.96668e+00  6.39845e+01             
       O -6.65648e+01 -7.59525e+00  6.32418e+01             
       H -6.33621e+01 -1.76821e+01  5.65335e+01             
       H -6.59105e+01 -7.18877e+00  6.38921e+01             
       O -6.83543e+01 -2.74188e+01  4.66344e+01             
       H -6.76339e+01 -1.56421e+01  4.66199e+01             
       H -6.80747e+01 -2.65861e+01  4.61499e+01             
       O -6.58452e+01 -2.43694e+01  5.20786e+01             
       H -6.53499e+01 -2.35679e+01  5.22899e+01             
       H -6.51114e+01 -2.50126e+01  5.21610e+01             
       O -5.35363e+01 -2.16658e+01  5.47869e+01             
       H -5.27349e+01 -2.14988e+01  5.53729e+01             
       H -5.31326e+01 -2.19191e+01  5.39518e+01             
       O -5.63346e+01 -1.66580e+01  6.52857e+01             
       H -5.56740e+01 -1.66805e+01  6.45906e+01             
       H -5.61386e+01 -1.74945e+01  6.57573e+01             
       O -6.84617e+01 -2.03691e+01  4.30715e+01             
       H -6.81296e+01 -1.95190e+01  4.27569e+01             
       H -5.69217e+01  1.03765e+00  5.29908e+01             
       O -5.36182e+01 -1.64424e+01  6.84912e+01             
       H -5.32653e+01 -1.55789e+01  6.80528e+01             
       H -5.28379e+01 -2.93301e+01  6.89522e+01             
       O -7.63374e+01 -1.08293e+01  4.59587e+01             
       H -7.54397e+01 -1.06556e+01  4.63452e+01             
       H -7.61711e+01 -1.17740e+01  4.56236e+01             
       O -6.71216e+01 -2.91657e+01  5.03377e+01             
       H -6.61632e+01 -2.93951e+01  5.04713e+01             
       H -6.70432e+01 -2.82373e+01  5.01628e+01             
       O -7.20240e+01 -8.01259e+00  6.00029e+01             
       H -7.15972e+01 -8.18839e+00  6.08759e+01             
       H -7.12431e+01 -7.79418e+00  5.94523e+01             
       O -6.99786e+01 -1.07385e+01  4.92968e+01             
       H -6.96694e+01 -1.08812e+01  4.84217e+01             
       H -5.59796e+01 -1.62637e+01  4.40321e+01             
       O -6.31427e+01 -3.19281e+01  4.68540e+01             
       H -6.33689e+01 -3.11695e+01  4.63077e+01             
       H -6.13420e+01 -2.78097e+01  5.86166e+01             
       O -7.61350e+01 -1.38394e+01  5.26503e+01             
       H -7.51715e+01 -1.36382e+01  5.26569e+01             
       H -7.61596e+01 -1.46580e+01  5.21842e+01             
       O -5.47811e+01 -2.49975e+01  5.83605e+01             
       H -5.38590e+01 -2.50225e+01  5.87347e+01             
       H -5.45849e+01 -2.47360e+01  5.74326e+01             
       O -6.70385e+01 -1.36403e+01  6.24147e+01             
       H -6.67783e+01 -1.30699e+01  6.31350e+01             
       H -6.64663e+01 -1.34141e+01  6.16694e+01             
       O -6.92283e+01 -1.09635e+01  4.64849e+01             
       H -6.83976e+01 -2.39388e+01  4.64547e+01             
       H -6.89139e+01 -1.00502e+01  4.61775e+01             
       O -6.80320e+01 -2.49674e+01  4.10197e+01             
       H -6.77433e+01 -2.48522e+01  4.19300e+01             
       H -6.71978e+01 -2.48457e+01  4.05384e+01             
       O -7.63914e+01 -9.94827e+00  5.30994e+01             
       H -7.58349e+01 -1.03602e+01  5.37181e+01             
       H -7.58290e+01 -9.49044e+00  5.23994e+01             
       O -7.04601e+01  5.40511e+00  4.48854e+01             
       H -4.57175e+01 -1.53746e+01  4.91430e+01             
       H -6.95178e+01  5.06434e+00  4.48353e+01             
       O -6.00273e+01 -1.35374e+01  6.02644e+01             
       H -6.38277e+01 -2.18125e+01  5.70458e+01             
       H -7.16034e+01 -1.37652e+01  6.06483e+01             
       O -6.49830e+01 -3.13317e+01  5.28537e+01             
       H -6.44575e+01 -3.06588e+01  5.23418e+01             
       H -6.43267e+01 -3.18968e+01  5.33258e+01             
       O -7.35112e+01 -1.99237e+01  5.74243e+01             
       H -7.32333e+01 -2.08468e+01  5.71355e+01             
       H -7.25731e+01 -1.95468e+01  5.74784e+01             
       O -6.07820e+01 -4.19717e+01  4.78349e+01             
       H -5.99440e+01 -4.16724e+01  4.82019e+01             
       H -6.06987e+01 -4.29639e+01  6.04029e+01             
       O -6.34079e+01 -3.45320e+00  4.89219e+01             
       H -6.30348e+01 -2.57386e+00  4.89349e+01             
       H -6.26389e+01 -3.88333e+00  4.85541e+01             
       O -6.16379e+01 -2.27009e+01  6.20470e+01             
       H -6.06839e+01 -2.28561e+01  6.22417e+01             
       H -6.16176e+01 -2.26894e+01  6.10848e+01             
       O -6.66028e+01 -2.43442e+01  6.81742e+01             
       H -6.63889e+01 -2.34164e+01  6.80218e+01             
       H -6.58716e+01 -2.49705e+01  6.78632e+01             
       O -8.14483e+01 -1.84662e+01  4.92591e+01             
       H -8.09402e+01 -1.87915e+01  4.84524e+01             
       H -8.07825e+01 -1.79388e+01  4.97632e+01             
       O -5.80998e+01 -1.18791e+00  6.56133e+01             
       H -5.71714e+01 -1.08772e+00  6.53559e+01             
       H -5.83613e+01 -2.05104e+00  6.52836e+01             
       O -6.35973e+01 -1.33356e+01  4.47061e+01             
       H -6.29526e+01 -1.38625e+01  4.52535e+01             
       H -6.29287e+01 -1.28186e+01  3.18184e+01             
       O -6.13262e+01 -1.73826e+01  2.81126e+01             
       H -6.09153e+01 -1.82643e+01  2.81977e+01             
       H -7.29960e+01 -1.68426e+01  2.77592e+01             
       O -5.11525e+01 -1.68643e+01  2.67695e+01             
       H -5.10368e+01 -1.66072e+01  2.58632e+01             
       H -5.03783e+01 -1.71438e+01  2.72630e+01             
       O -5.94277e+01 -2.44256e+01  3.84294e+01             
       H -5.88618e+01 -2.42763e+01  3.76639e+01             
       H -5.89505e+01 -2.41294e+01  5.16717e+01             
       O -6.12092e+01 -1.33293e+01  4.01848e+01             
       H -6.51272e+01 -9.44690e+00  4.84976e+01             
       H -6.05004e+01 -1.38907e+01  4.05747e+01             
       O -6.23014e+01 -2.41290e+01  5.49921e+01             
       H -6.17713e+01 -2.46822e+01  5.44490e+01             
       H -6.17775e+01 -2.35060e+01  5.55268e+01             
       O -5.28044e+01 -1.39952e+01  4.26637e+01             
       H -5.22141e+01 -1.38818e+01  4.34992e+01             
       H -5.21578e+01 -1.38605e+01  4.19506e+01             
       O -5.53024e+01 -3.08625e+01  4.66482e+01             
       H -5.45657e+01 -3.02675e+01  4.67267e+01             
       H -5.49951e+01 -3.16605e+01  4.62291e+01             
       O -6.26582e+01 -4.25103e-01  6.09841e+01             
       H -6.17297e+01 -7.24576e-01  6.08473e+01             
       H -6.24955e+01  4.05491e-01  6.15150e+01             
       O -5.91377e+01  7.17534e+00  6.72283e+01             
       H -5.89019e+01  6.30909e+00  6.75075e+01             
       H -5.84645e+01  7.76276e+00  6.76157e+01             
       O -6.18647e+01 -2.75397e+01  5.78625e+01             
       H -6.77724e+01 -2.10380e+01  4.27986e+01             
       H -6.12992e+01 -2.77010e+01  5.70091e+01             
       O -6.38056e+01 -1.72822e+01  5.72426e+01             
       H -6.07190e+01 -1.30985e+01  3.93925e+01             
       H -6.30680e+01 -1.67313e+01  5.74782e+01             
       O -5.65914e+01 -1.59826e+01  4.33677e+01             
       H -7.03784e+01 -6.23577e+00  4.54755e+01             
       H -5.60188e+01 -1.57540e+01  4.26468e+01             
       O -5.90895e+01 -2.83677e+01  5.19520e+01             
       H -7.06389e+01 -2.87220e+01  6.45512e+01             
       H -5.35313e+01 -7.82196e+00  6.25139e+01             
       O -9.07568e+01 -1.62826e+01  5.93466e+01             
       H -9.01437e+01 -1.66549e+01  5.86450e+01             
       H -9.02331e+01 -1.57573e+01  5.99224e+01             
       O -5.86235e+01 -2.86657e+01  4.93575e+01             
       H -5.79081e+01 -2.91817e+01  4.89440e+01             
       H -5.97569e+01 -1.30695e+01  5.94774e+01             
       O -6.56613e+01 -1.00466e+01  4.79755e+01             
       H -6.50541e+01 -1.02585e+01  4.72251e+01             
       H -7.88754e+01 -1.82382e+01  2.89004e+01             
       O -7.68053e+01 -2.02042e+01  4.92889e+01             
       H -7.64685e+01 -2.00421e+01  4.83770e+01             
       H -7.59721e+01 -2.01999e+01  4.98250e+01             
       O -5.92032e+01 -2.43721e+01  4.55028e+01             
       H -5.83035e+01 -2.41101e+01  4.57298e+01             
       H -5.91286e+01 -2.51307e+01  4.49818e+01             
       O -4.48075e+01 -2.63329e+01  4.86571e+01             
       H -4.41343e+01 -1.36755e+01  4.93059e+01             
       H -4.43055e+01 -2.66591e+01  4.78908e+01             
       O -6.03600e+01 -1.00374e+01  5.63523e+01             
       H -4.74712e+01 -1.06306e+01  5.69597e+01             
       H -5.96391e+01 -9.67314e+00  5.57775e+01             
       O -5.75463e+01  1.75484e+00  5.27733e+01             
       H -6.23640e+01 -3.22969e+01  4.64336e+01             
       H -6.91819e+01  1.88322e+00  4.97827e+01             
       O -7.02576e+01 -1.69869e+01  4.66481e+01             
       H -6.96423e+01 -1.76725e+01  4.68237e+01             
       H -6.98533e+01 -1.62362e+01  4.62568e+01             
       O -7.05952e+01 -8.05493e+00  3.75740e+01             
       H -7.02739e+01 -2.13492e+01  3.73609e+01             
       H -6.98765e+01 -7.47071e+00  3.72446e+01             
       O -7.47897e+01 -1.87741e+01  5.54030e+01             
       H -7.41288e+01 -1.92630e+01  5.58608e+01             
       H -7.42792e+01 -1.83134e+01  5.47528e+01             
       O -6.70082e+01 -2.10502e+01  5.82997e+01             
       H -6.63670e+01 -2.10001e+01  5.75965e+01             
       H -6.65821e+01 -2.14687e+01  5.91013e+01             
       O -7.65886e+01 -2.10276e+01  4.42467e+01             
       H -7.58872e+01 -2.05642e+01  5.63064e+01             
       H -7.15771e+01 -4.08239e+01  3.86129e+01             
       O -5.54623e+01 -2.23333e+01  6.33839e+01             
       H -5.49921e+01 -2.13940e+01  6.34439e+01             
       H -5.47498e+01 -2.30037e+01  6.35216e+01             
       O -5.99897e+01 -1.99917e+01  5.21873e+01             
       H -5.95037e+01 -2.04872e+01  5.28721e+01             
       H -5.94231e+01 -1.99357e+01  5.14012e+01             
       O -8.60558e+01 -2.25398e+01  5.92502e+01             
       H -8.54253e+01 -2.17818e+01  5.93649e+01             
       H -8.55050e+01 -2.33313e+01  5.90371e+01             
       O -5.84900e+01 -2.13463e+01  5.46283e+01             
       H -5.76293e+01 -2.09413e+01  5.49992e+01             
       H -5.82393e+01 -2.21849e+01  5.41194e+01             
       O -7.78855e+01 -1.28916e+01  2.29738e+01             
       H -7.78379e+01 -1.19095e+01  2.31233e+01             
       H -7.69303e+01 -1.31177e+01  2.30740e+01             
       O -6.70833e+01 -1.82222e+01  2.96053e+01             
       H -4.45063e+01 -9.93512e+00  4.00822e+01             
       H -6.66633e+01 -1.76233e+01  3.02349e+01             
       O -7.08729e+01 -1.37731e+01  5.60265e+01             
       H -7.08184e+01 -1.36364e+01  5.51316e+01             
       H -7.01674e+01 -1.44141e+01  5.61948e+01             
       O -7.31792e+01 -1.51403e+01  6.81272e+01             
       H -7.23673e+01 -1.46197e+01  6.82451e+01             
       H -7.29523e+01 -1.58924e+01  6.75299e+01             
192                                                         
# CELL(abcABC):   12.41850    12.41850    12.41850    90.00000    90.00000    90.00000  Step:      200000  Bead:       0 x_centroid{angstrom}  cell{angstrom}   
       O -8.49965e+01 -1.19202e+01  6.87803e+01             
       H -8.43550e+01 -1.20684e+01  6.80653e+01             
       H -8.45065e+01 -1.15424e+01  6.95477e+01             
       O -7.67049e+01 -1.01101e+01  6.86108e+01             
       H -7.54247e+01 -2.17566e+01  6.35476e+01             
       H -7.65161e+01 -9.53698e+00  6.93893e+01             
       O -7.77589e+01 -2.96749e+01  5.15715e+01             
       H -7.74206e+01 -1.80425e+01  5.21175e+01             
       H -7.70250e+01 -2.89833e+01  5.14277e+01             
       O -7.61952e+01 -2.66853e+01  5.63230e+01             
       H -7.56874e+01 -2.65495e+01  5.55254e+01             
       H -7.53908e+01 -2.65855e+01  5.69058e+01             
       O -6.82031e+01 -2.41376e+01  6.15708e+01             
       H -6.74928e+01 -2.48089e+01  6.18554e+01             
       H -6.77779e+01 -2.37413e+01  6.06934e+01             
       O -6.70548e+01 -1.90486e+01  7.07902e+01             
       H -6.61537e+01 -1.89013e+01  7.05070e+01             
       H -6.68976e+01 -1.95999e+01  7.15900e+01             
       O -8.06356e+01 -2.12861e+01  4.97556e+01             
       H -7.97884e+01 -2.08983e+01  4.99268e+01             
       H -6.77133e+01 -2.99109e+00  5.62658e+01             
       O -6.59773e+01 -1.99790e+01  7.51023e+01             
       H -6.57350e+01 -1.90819e+01  7.50899e+01             
       H -6.52307e+01 -3.28427e+01  7.55748e+01             
       O -8.49118e+01 -1.15044e+01  5.10098e+01             
       H -8.40839e+01 -1.15193e+01  5.16405e+01             
       H -8.47435e+01 -1.20983e+01  5.02338e+01             
       O -7.71641e+01 -3.00899e+01  5.74394e+01             
       H -7.63224e+01 -3.04666e+01  5.71757e+01             
       H -7.71540e+01 -2.93166e+01  5.80175e+01             
       O -8.10100e+01 -1.03613e+01  6.61483e+01             
       H -8.04765e+01 -1.08361e+01  6.68274e+01             
       H -8.03737e+01 -1.00141e+01  6.55180e+01             
       O -7.99300e+01 -1.24788e+01  5.51717e+01             
       H -7.93999e+01 -1.29059e+01  5.44601e+01             
       H -6.84681e+01 -1.89659e+01  5.46223e+01             
       O -7.31802e+01 -3.30947e+01  5.41650e+01             
       H -7.23034e+01 -3.31626e+01  5.36522e+01             
       H -7.21797e+01 -3.33383e+01  6.22858e+01             
       O -8.64288e+01 -1.39252e+01  5.77670e+01             
       H -8.58949e+01 -1.31975e+01  5.73402e+01             
       H -8.59371e+01 -1.46940e+01  5.75660e+01             
       O -6.63203e+01 -2.82274e+01  6.12354e+01             
       H -6.62700e+01 -2.86827e+01  6.20967e+01             
       H -6.54320e+01 -2.84937e+01  6.08354e+01             
       O -7.83441e+01 -1.60178e+01  6.80995e+01             
       H -7.76682e+01 -1.53145e+01  6.80578e+01             
       H -7.78836e+01 -1.67771e+01  6.85524e+01             
       O -8.10300e+01 -1.41999e+01  5.16965e+01             
       H -8.06691e+01 -2.72738e+01  5.23220e+01             
       H -8.03375e+01 -1.39143e+01  5.10482e+01             
       O -8.07657e+01 -2.94912e+01  4.73960e+01             
       H -8.00250e+01 -2.91436e+01  4.78657e+01             
       H -8.03707e+01 -3.02459e+01  4.68999e+01             
       O -8.74481e+01 -1.40301e+01  6.05522e+01             
       H -8.66957e+01 -1.38117e+01  6.11248e+01             
       H -8.70806e+01 -1.38987e+01  5.96283e+01             
       O -8.29278e+01  4.10150e+00  5.31718e+01             
       H -5.51913e+01 -1.99467e+01  5.68186e+01             
       H -8.24470e+01  4.89565e+00  5.35313e+01             
       O -7.22213e+01 -1.72512e+01  6.47093e+01             
       H -7.86926e+01 -2.65444e+01  6.18635e+01             
       H -8.41593e+01 -1.65128e+01  6.41796e+01             
       O -7.93137e+01 -3.54495e+01  5.94226e+01             
       H -7.87146e+01 -3.60389e+01  5.89376e+01             
       H -7.87250e+01 -3.47159e+01  5.96996e+01             
       O -8.85928e+01 -2.37798e+01  6.06063e+01             
       H -8.83598e+01 -2.47153e+01  6.05086e+01             
       H -8.77901e+01 -2.31687e+01  6.03589e+01             
       O -7.43702e+01 -4.35179e+01  5.65037e+01             
       H -7.36113e+01 -4.30812e+01  5.69713e+01             
       H -7.43299e+01 -4.30055e+01  6.80696e+01             
       O -7.44501e+01 -4.82480e+00  5.38805e+01             
       H -7.36349e+01 -4.95999e+00  5.33277e+01             
       H -7.46511e+01 -3.88214e+00  5.37723e+01             
       O -7.18568e+01 -2.61371e+01  6.68465e+01             
       H -7.14435e+01 -2.70354e+01  6.67990e+01             
       H -7.13668e+01 -2.56028e+01  6.61580e+01             
       O -7.64510e+01 -2.88820e+01  7.25906e+01             
       H -7.57730e+01 -2.81714e+01  7.28975e+01             
       H -7.61267e+01 -2.97403e+01  7.28518e+01             
       O -9.05780e+01 -2.08831e+01  5.42804e+01             
       H -8.99283e+01 -2.02335e+01  5.37450e+01             
       H -8.99628e+01 -2.14505e+01  5.47911e+01             
       O -7.22767e+01 -3.74675e+00  6.98033e+01             
       H -7.18570e+01 -3.64446e+00  6.89068e+01             
       H -7.16041e+01 -3.58759e+00  7.04624e+01             
       O -7.42280e+01 -1.70564e+01  5.00871e+01             
       H -7.34583e+01 -1.71344e+01  5.06153e+01             
       H -7.38062e+01 -1.67526e+01  3.67754e+01             
       O -7.39161e+01 -2.25259e+01  3.50981e+01             
       H -7.31896e+01 -2.29909e+01  3.46433e+01             
       H -8.60581e+01 -2.20324e+01  3.58959e+01             
       O -6.30932e+01 -2.05815e+01  3.30602e+01             
       H -6.26836e+01 -1.98424e+01  3.25127e+01             
       H -6.23327e+01 -2.10350e+01  3.34784e+01             
       O -7.03779e+01 -2.87161e+01  4.24466e+01             
       H -6.99313e+01 -2.94945e+01  4.21131e+01             
       H -6.97356e+01 -2.81746e+01  5.53226e+01             
       O -7.28858e+01 -1.67890e+01  4.78290e+01             
       H -7.45431e+01 -1.15294e+01  5.34062e+01             
       H -7.23306e+01 -1.60035e+01  4.77380e+01             
       O -7.24366e+01 -2.61036e+01  6.14803e+01             
       H -7.17948e+01 -2.66555e+01  6.20273e+01             
       H -7.18535e+01 -2.58150e+01  6.08015e+01             
       O -6.25425e+01 -1.90199e+01  4.85682e+01             
       H -6.21874e+01 -1.85072e+01  4.93133e+01             
       H -6.17620e+01 -1.92687e+01  4.80543e+01             
       O -6.62973e+01 -3.50303e+01  5.21837e+01             
       H -6.58762e+01 -3.43897e+01  5.28432e+01             
       H -6.55812e+01 -3.53602e+01  5.15738e+01             
       O -7.46518e+01 -1.86581e+00  6.60129e+01             
       H -7.37862e+01 -1.54159e+00  6.63250e+01             
       H -7.48400e+01 -1.07174e+00  6.54554e+01             
       O -6.98869e+01  4.23423e+00  7.26323e+01             
       H -6.94813e+01  3.91413e+00  7.17411e+01             
       H -6.92762e+01  3.92876e+00  7.33582e+01             
       O -7.30221e+01 -3.37392e+01  6.21263e+01             
       H -8.05806e+01 -2.22450e+01  4.99423e+01             
       H -7.28158e+01 -3.45321e+01  6.26975e+01             
       O -7.55618e+01 -2.08440e+01  6.34357e+01             
       H -7.22064e+01 -1.74863e+01  4.79990e+01             
       H -7.48762e+01 -2.07025e+01  6.27354e+01             
       O -6.90740e+01 -1.85640e+01  5.40120e+01             
       H -8.24703e+01 -9.05729e+00  5.35930e+01             
       H -6.85082e+01 -1.81155e+01  5.33049e+01             
       O -7.24920e+01 -3.19973e+01  5.96320e+01             
       H -8.47205e+01 -3.15680e+01  7.11983e+01             
       H -6.34692e+01 -1.03281e+01  6.82030e+01             
       O -1.01076e+02 -1.90983e+01  6.53769e+01             
       H -1.00705e+02 -1.96370e+01  6.46551e+01             
       H -1.00319e+02 -1.84784e+01  6.56287e+01             
       O -6.79396e+01 -3.27402e+01  5.60108e+01             
       H -6.72067e+01 -3.29434e+01  5.53903e+01             
       H -7.14230e+01 -1.77620e+01  6.50953e+01             
       O -7.47307e+01 -1.18167e+01  5.24692e+01             
       H -7.39326e+01 -1.16695e+01  5.19166e+01             
       H -8.93501e+01 -2.05309e+01  3.47785e+01             
       O -8.68428e+01 -2.29701e+01  5.48620e+01             
       H -8.65766e+01 -2.19861e+01  5.47590e+01             
       H -8.61696e+01 -2.34462e+01  5.53853e+01             
       O -7.08064e+01 -2.78709e+01  5.07715e+01             
       H -6.99193e+01 -2.74366e+01  5.10958e+01             
       H -7.05662e+01 -2.85830e+01  5.01692e+01             
       O -5.51770e+01 -2.89054e+01  5.28819e+01             
       H -5.47073e+01 -1.63078e+01  5.37115e+01             
       H -5.45358e+01 -2.90668e+01  5.21485e+01             
       O -7.01848e+01 -1.26363e+01  6.01989e+01             
       H -5.70374e+01 -1.22714e+01  6.08630e+01             
       H -6.98461e+01 -1.33748e+01  5.96615e+01             
       O -6.85149e+01 -2.46287e+00  5.61785e+01             
       H -7.29473e+01 -3.25903e+01  5.49379e+01             
       H -7.91938e+01 -1.45734e-01  5.58930e+01             
       O -8.33918e+01 -1.89616e+01  5.66082e+01             
       H -8.29007e+01 -1.81689e+01  5.62755e+01             
       H -8.27684e+01 -1.93463e+01  5.72643e+01             
       O -8.13560e+01 -9.65120e+00  4.54759e+01             
       H -8.05040e+01 -2.25554e+01  4.58608e+01             
       H -8.10481e+01 -9.14480e+00  4.47107e+01             
       O -8.94138e+01 -2.42188e+01  6.30615e+01             
       H -8.87520e+01 -2.42235e+01  6.37504e+01             
       H -8.90367e+01 -2.39136e+01  6.20804e+01             
       O -7.78035e+01 -2.62531e+01  6.59277e+01             
       H -7.69938e+01 -2.63907e+01  6.63853e+01             
       H -7.76178e+01 -2.57847e+01  6.50989e+01             
       O -9.13911e+01 -2.58656e+01  5.00968e+01             
       H -9.06033e+01 -2.53316e+01  6.28536e+01             
       H -8.40926e+01 -4.47896e+01  4.76202e+01             
       O -6.56997e+01 -2.47269e+01  6.94535e+01             
       H -6.51675e+01 -2.39676e+01  6.91761e+01             
       H -6.50561e+01 -2.54583e+01  6.96186e+01             
       O -7.15414e+01 -2.31906e+01  5.85123e+01             
       H -7.09653e+01 -2.37073e+01  5.90654e+01             
       H -7.08869e+01 -2.24551e+01  5.84253e+01             
       O -9.51862e+01 -2.43917e+01  6.49270e+01             
       H -9.46003e+01 -2.37804e+01  6.54576e+01             
       H -9.45857e+01 -2.49230e+01  6.44772e+01             
       O -6.99448e+01 -2.76723e+01  5.88375e+01             
       H -6.94567e+01 -2.83853e+01  5.92619e+01             
       H -6.94704e+01 -2.76250e+01  5.79500e+01             
       O -8.84127e+01 -1.55495e+01  2.62643e+01             
       H -8.77444e+01 -1.59410e+01  2.56027e+01             
       H -8.79383e+01 -1.53277e+01  2.70795e+01             
       O -7.77995e+01 -2.06833e+01  3.51625e+01             
       H -5.57444e+01 -1.40522e+01  4.33204e+01             
       H -7.76241e+01 -2.02745e+01  3.60636e+01             
       O -8.32663e+01 -1.79528e+01  6.14692e+01             
       H -8.25669e+01 -1.77854e+01  6.08497e+01             
       H -8.30317e+01 -1.86910e+01  6.19754e+01             
       O -8.27940e+01 -2.02112e+01  7.54850e+01             
       H -8.18666e+01 -2.04600e+01  7.52243e+01             
       H -8.28634e+01 -2.04168e+01  7.64544e+01             
