192                                                         
# CELL(abcABC):   12.41850    12.41850    12.41850    90.00000    90.00000    90.00000  Step:           0  Bead:       0 x_centroid{angstrom}  cell{angstrom}   
       O -7.55908e+01 -9.47660e+00  6.40254e+01             
       H -7.54148e+01 -1.02858e+01  6.34869e+01             
       H -7.47630e+01 -9.03691e+00  6.43155e+01             
       O -6.70176e+01 -7.22273e+00  6.37992e+01             
       H -6.40559e+01 -1.83314e+01  5.73918e+01             
       H -6.65839e+01 -7.14211e+00  6.46735e+01             
       O -6.86205e+01 -2.72996e+01  4.72864e+01             
       H -6.78123e+01 -1.54456e+01  4.74735e+01             
       H -6.83365e+01 -2.65166e+01  4.67124e+01             
       O -6.64676e+01 -2.51068e+01  5.24029e+01             
       H -6.60620e+01 -2.43751e+01  5.29244e+01             
       H -6.56583e+01 -2.57149e+01  5.23912e+01             
       O -5.51124e+01 -2.25342e+01  5.57210e+01             
       H -5.42959e+01 -2.20776e+01  5.58667e+01             
       H -5.53952e+01 -2.24291e+01  5.47896e+01             
       O -5.59760e+01 -1.62352e+01  6.56246e+01             
       H -5.57131e+01 -1.63759e+01  6.46970e+01             
       H -5.55948e+01 -1.69608e+01  6.61193e+01             
       O -6.96293e+01 -2.03944e+01  4.35238e+01             
       H -6.89277e+01 -1.96618e+01  4.32127e+01             
       H -5.62441e+01  1.35401e+00  5.33571e+01             
       O -5.40525e+01 -1.70251e+01  6.91647e+01             
       H -5.35822e+01 -1.65449e+01  6.84556e+01             
       H -5.33044e+01 -2.96702e+01  6.97654e+01             
       O -7.65725e+01 -1.04084e+01  4.65550e+01             
       H -7.58112e+01 -1.00177e+01  4.70125e+01             
       H -7.62094e+01 -1.12724e+01  4.61961e+01             
       O -6.71847e+01 -2.86145e+01  5.06114e+01             
       H -6.63105e+01 -2.87624e+01  5.09880e+01             
       H -6.72427e+01 -2.76662e+01  5.03811e+01             
       O -7.26145e+01 -7.84983e+00  5.98966e+01             
       H -7.19441e+01 -7.76321e+00  6.05895e+01             
       H -7.21617e+01 -7.73570e+00  5.90984e+01             
       O -7.01426e+01 -1.07127e+01  4.97124e+01             
       H -6.98616e+01 -1.03636e+01  4.88956e+01             
       H -5.59372e+01 -1.55482e+01  4.45980e+01             
       O -6.30519e+01 -3.14586e+01  4.80031e+01             
       H -6.33789e+01 -3.15285e+01  4.71066e+01             
       H -6.17038e+01 -2.82148e+01  5.85359e+01             
       O -7.67095e+01 -1.46125e+01  5.27738e+01             
       H -7.58034e+01 -1.43370e+01  5.29165e+01             
       H -7.66825e+01 -1.53839e+01  5.21515e+01             
       O -5.50690e+01 -2.49138e+01  5.87844e+01             
       H -5.43684e+01 -2.48765e+01  5.94055e+01             
       H -5.48550e+01 -2.49522e+01  5.78298e+01             
       O -6.75533e+01 -1.34127e+01  6.26102e+01             
       H -6.71635e+01 -1.31229e+01  6.33977e+01             
       H -6.67985e+01 -1.36008e+01  6.20080e+01             
       O -6.94762e+01 -1.06480e+01  4.68077e+01             
       H -6.87973e+01 -2.37786e+01  4.67163e+01             
       H -6.89483e+01 -9.93490e+00  4.64276e+01             
       O -6.88449e+01 -2.53388e+01  4.15207e+01             
       H -6.81718e+01 -2.52811e+01  4.22066e+01             
       H -6.84205e+01 -2.58520e+01  4.08303e+01             
       O -7.74925e+01 -1.04965e+01  5.34896e+01             
       H -7.68297e+01 -1.09526e+01  5.41192e+01             
       H -7.67889e+01 -1.01392e+01  5.28381e+01             
       O -7.18595e+01  5.67554e+00  4.47207e+01             
       H -4.62673e+01 -1.54930e+01  4.95746e+01             
       H -7.11952e+01  5.01963e+00  4.43875e+01             
       O -6.01905e+01 -1.24591e+01  5.96844e+01             
       H -6.46470e+01 -2.18377e+01  5.74399e+01             
       H -7.17607e+01 -1.26332e+01  6.01326e+01             
       O -6.58205e+01 -3.25765e+01  5.38865e+01             
       H -6.51481e+01 -3.20477e+01  5.42820e+01             
       H -6.54559e+01 -3.34611e+01  5.39859e+01             
       O -7.45275e+01 -2.01450e+01  5.69718e+01             
       H -7.43078e+01 -2.10122e+01  5.65786e+01             
       H -7.36810e+01 -1.97306e+01  5.72948e+01             
       O -6.04894e+01 -4.12906e+01  4.75876e+01             
       H -6.01970e+01 -4.10655e+01  4.84873e+01             
       H -5.96684e+01 -4.16303e+01  5.96578e+01             
       O -6.39305e+01 -4.04329e+00  4.86239e+01             
       H -6.33133e+01 -3.30031e+00  4.87870e+01             
       H -6.34199e+01 -4.87561e+00  4.84246e+01             
       O -6.27250e+01 -2.42638e+01  6.22814e+01             
       H -6.18192e+01 -2.43195e+01  6.26797e+01             
       H -6.24332e+01 -2.36520e+01  6.16021e+01             
       O -6.72819e+01 -2.52309e+01  6.85458e+01             
       H -6.71427e+01 -2.42724e+01  6.84898e+01             
       H -6.64079e+01 -2.56103e+01  6.83848e+01             
       O -8.17077e+01 -1.88024e+01  4.99182e+01             
       H -8.12806e+01 -1.86427e+01  4.90948e+01             
       H -8.09769e+01 -1.89929e+01  5.04967e+01             
       O -5.93222e+01 -1.00690e+00  6.50540e+01             
       H -5.85553e+01 -4.82897e-01  6.51050e+01             
       H -5.90948e+01 -1.92288e+00  6.53011e+01             
       O -6.37242e+01 -1.26630e+01  4.50357e+01             
       H -6.33122e+01 -1.35040e+01  4.52953e+01             
       H -6.32108e+01 -1.22743e+01  3.18733e+01             
       O -6.25150e+01 -1.81675e+01  2.80025e+01             
       H -6.21180e+01 -1.90716e+01  2.78087e+01             
       H -7.41740e+01 -1.76137e+01  2.82047e+01             
       O -5.18731e+01 -1.68518e+01  2.64900e+01             
       H -5.15476e+01 -1.67753e+01  2.55967e+01             
       H -5.12272e+01 -1.73809e+01  2.70250e+01             
       O -6.02590e+01 -2.40034e+01  3.84772e+01             
       H -5.95317e+01 -2.35585e+01  3.79743e+01             
       H -5.97942e+01 -2.47322e+01  5.13531e+01             
       O -6.18120e+01 -1.35521e+01  4.13132e+01             
       H -6.54716e+01 -8.91015e+00  4.85962e+01             
       H -6.13891e+01 -1.42044e+01  4.19217e+01             
       O -6.29099e+01 -2.40002e+01  5.51569e+01             
       H -6.26245e+01 -2.47873e+01  5.46128e+01             
       H -6.20712e+01 -2.35566e+01  5.53547e+01             
       O -5.29014e+01 -1.45255e+01  4.32445e+01             
       H -5.21534e+01 -1.42546e+01  4.37736e+01             
       H -5.26484e+01 -1.45744e+01  4.23326e+01             
       O -5.62034e+01 -3.11572e+01  4.71641e+01             
       H -5.53724e+01 -3.06864e+01  4.73780e+01             
       H -5.59415e+01 -3.20233e+01  4.68286e+01             
       O -6.25463e+01 -1.62200e+00  6.05644e+01             
       H -6.16951e+01 -1.61507e+00  6.01277e+01             
       H -6.23930e+01 -9.75659e-01  6.12420e+01             
       O -6.01347e+01  7.18423e+00  6.68999e+01             
       H -5.96198e+01  6.47835e+00  6.72923e+01             
       H -5.95227e+01  7.57687e+00  6.62140e+01             
       O -6.21528e+01 -2.77468e+01  5.78296e+01             
       H -6.91465e+01 -2.12527e+01  4.36256e+01             
       H -6.15756e+01 -2.78434e+01  5.70593e+01             
       O -6.42335e+01 -1.77893e+01  5.80997e+01             
       H -6.10387e+01 -1.34207e+01  4.07242e+01             
       H -6.35559e+01 -1.71190e+01  5.79999e+01             
       O -5.67309e+01 -1.58712e+01  4.40874e+01             
       H -7.13463e+01 -6.00038e+00  4.51778e+01             
       H -5.64415e+01 -1.66004e+01  4.35827e+01             
       O -5.85774e+01 -2.84611e+01  5.29461e+01             
       H -7.00289e+01 -2.84833e+01  6.56367e+01             
       H -5.38608e+01 -7.12510e+00  6.31954e+01             
       O -9.13066e+01 -1.70209e+01  6.03977e+01             
       H -9.04993e+01 -1.69202e+01  5.99008e+01             
       H -9.10314e+01 -1.68363e+01  6.12891e+01             
       O -5.88478e+01 -2.87401e+01  5.00587e+01             
       H -5.80002e+01 -2.92441e+01  4.99712e+01             
       H -5.98672e+01 -1.21706e+01  5.88215e+01             
       O -6.60393e+01 -9.60883e+00  4.82355e+01             
       H -6.54311e+01 -1.00550e+01  4.75875e+01             
       H -7.96547e+01 -1.92271e+01  2.99442e+01             
       O -7.69884e+01 -2.00602e+01  5.01266e+01             
       H -7.62558e+01 -1.95895e+01  4.97076e+01             
       H -7.66479e+01 -2.06066e+01  5.08245e+01             
       O -5.86902e+01 -2.39256e+01  4.47300e+01             
       H -5.79124e+01 -2.37891e+01  4.53110e+01             
       H -5.85283e+01 -2.47554e+01  4.42422e+01             
       O -4.56765e+01 -2.64252e+01  4.88676e+01             
       H -4.53086e+01 -1.33816e+01  4.94971e+01             
       H -4.49432e+01 -2.67788e+01  4.82876e+01             
       O -6.06600e+01 -9.93714e+00  5.57985e+01             
       H -4.75999e+01 -1.03934e+01  5.63883e+01             
       H -6.01934e+01 -9.70795e+00  5.49603e+01             
       O -5.62150e+01  2.26758e+00  5.32252e+01             
       H -6.20958e+01 -3.16096e+01  4.78676e+01             
       H -6.93293e+01  1.81259e+00  5.02061e+01             
       O -7.07507e+01 -1.72406e+01  4.61963e+01             
       H -6.99675e+01 -1.78197e+01  4.65007e+01             
       H -7.03269e+01 -1.65358e+01  4.56606e+01             
       O -7.15382e+01 -8.14660e+00  3.75736e+01             
       H -7.11391e+01 -2.14809e+01  3.75665e+01             
       H -7.07721e+01 -7.51047e+00  3.76451e+01             
       O -7.60165e+01 -1.88294e+01  5.52149e+01             
       H -7.53297e+01 -1.92271e+01  5.58008e+01             
       H -7.55721e+01 -1.84846e+01  5.44340e+01             
       O -6.75809e+01 -2.09737e+01  5.88041e+01             
       H -6.70077e+01 -2.09150e+01  5.80347e+01             
       H -6.70476e+01 -2.13970e+01  5.95260e+01             
       O -7.77635e+01 -2.12778e+01  4.45595e+01             
       H -7.73718e+01 -2.03628e+01  5.69970e+01             
       H -7.10218e+01 -4.10111e+01  3.94977e+01             
       O -5.53835e+01 -2.22031e+01  6.32396e+01             
       H -5.52215e+01 -2.12748e+01  6.34842e+01             
       H -5.47079e+01 -2.25031e+01  6.26406e+01             
       O -6.09105e+01 -2.04340e+01  5.22420e+01             
       H -6.02738e+01 -2.10654e+01  5.26126e+01             
       H -6.03370e+01 -2.01199e+01  5.14965e+01             
       O -8.65723e+01 -2.27836e+01  6.02294e+01             
       H -8.60186e+01 -2.20139e+01  6.03015e+01             
       H -8.58532e+01 -2.34540e+01  6.00951e+01             
       O -5.89074e+01 -2.15069e+01  5.36784e+01             
       H -5.86203e+01 -2.07152e+01  5.41498e+01             
       H -5.81369e+01 -2.20842e+01  5.35432e+01             
       O -7.78276e+01 -1.26913e+01  2.35365e+01             
       H -7.71996e+01 -1.20545e+01  2.39416e+01             
       H -7.71602e+01 -1.33158e+01  2.31578e+01             
       O -6.78068e+01 -1.85374e+01  3.03431e+01             
       H -4.32498e+01 -9.95152e+00  4.00089e+01             
       H -6.71791e+01 -1.81614e+01  3.10206e+01             
       O -7.08980e+01 -1.39647e+01  5.56866e+01             
       H -7.03664e+01 -1.36286e+01  5.49510e+01             
       H -7.03021e+01 -1.46311e+01  5.60904e+01             
       O -7.32051e+01 -1.53214e+01  6.77299e+01             
       H -7.22832e+01 -1.49620e+01  6.76563e+01             
       H -7.31620e+01 -1.62666e+01  6.75762e+01             
192                                                         
# CELL(abcABC):   12.41850    12.41850    12.41850    90.00000    90.00000    90.00000  Step:      200000  Bead:       0 x_centroid{angstrom}  cell{angstrom}   
       O -8.82918e+01 -1.16151e+01  6.86684e+01             
       H -8.80535e+01 -1.25577e+01  6.88115e+01             
       H -8.75344e+01 -1.12206e+01  6.81844e+01             
       O -8.10666e+01 -1.08594e+01  7.17156e+01             
       H -7.64821e+01 -2.66051e+01  6.38411e+01             
       H -8.02709e+01 -1.14593e+01  7.18193e+01             
       O -7.97280e+01 -3.46020e+01  5.66920e+01             
       H -7.91303e+01 -2.28028e+01  5.61146e+01             
       H -7.91413e+01 -3.39481e+01  5.69704e+01             
       O -7.85255e+01 -2.76423e+01  5.89451e+01             
       H -7.80250e+01 -2.78387e+01  5.97762e+01             
       H -7.78263e+01 -2.77720e+01  5.82259e+01             
       O -7.24370e+01 -2.75125e+01  6.22072e+01             
       H -7.22157e+01 -2.73735e+01  6.31632e+01             
       H -7.16586e+01 -2.70182e+01  6.16909e+01             
       O -7.04306e+01 -1.93995e+01  7.40036e+01             
       H -6.95785e+01 -1.90607e+01  7.42293e+01             
       H -7.02787e+01 -2.03197e+01  7.37446e+01             
       O -8.38473e+01 -2.37692e+01  5.02695e+01             
       H -8.30413e+01 -2.38369e+01  5.07454e+01             
       H -7.15694e+01  3.32299e-01  5.91893e+01             
       O -6.89549e+01 -2.42903e+01  7.63412e+01             
       H -6.83182e+01 -2.34716e+01  7.62712e+01             
       H -6.84088e+01 -3.74659e+01  7.59962e+01             
       O -9.12335e+01 -1.59958e+01  5.46700e+01             
       H -9.09120e+01 -1.62669e+01  5.55907e+01             
       H -9.03617e+01 -1.59498e+01  5.42243e+01             
       O -7.85253e+01 -3.19448e+01  5.85198e+01             
       H -7.76106e+01 -3.17436e+01  5.86993e+01             
       H -7.88344e+01 -3.25101e+01  5.92086e+01             
       O -8.75019e+01 -1.11717e+01  6.48770e+01             
       H -8.69776e+01 -1.09594e+01  6.56567e+01             
       H -8.67593e+01 -1.06756e+01  6.43581e+01             
       O -8.10911e+01 -1.41740e+01  5.72343e+01             
       H -8.06929e+01 -1.37312e+01  5.64190e+01             
       H -7.25026e+01 -1.79321e+01  5.35819e+01             
       O -7.76581e+01 -3.48524e+01  5.28530e+01             
       H -7.74290e+01 -3.40088e+01  5.32703e+01             
       H -7.68988e+01 -3.26405e+01  6.75502e+01             
       O -9.29772e+01 -1.69415e+01  5.99985e+01             
       H -9.23088e+01 -1.65580e+01  5.94231e+01             
       H -9.27730e+01 -1.78615e+01  6.01716e+01             
       O -7.07831e+01 -2.95005e+01  6.61757e+01             
       H -7.06088e+01 -2.93692e+01  6.71021e+01             
       H -6.99146e+01 -2.96059e+01  6.57409e+01             
       O -8.07288e+01 -1.87516e+01  6.90936e+01             
       H -8.01616e+01 -1.90804e+01  6.98350e+01             
       H -8.02917e+01 -1.87929e+01  6.81788e+01             
       O -8.42923e+01 -1.48489e+01  5.28848e+01             
       H -8.39189e+01 -2.81749e+01  5.29881e+01             
       H -8.35238e+01 -1.43120e+01  5.31555e+01             
       O -8.10110e+01 -2.76611e+01  4.96441e+01             
       H -8.07954e+01 -2.82106e+01  4.88953e+01             
       H -8.02082e+01 -2.70762e+01  4.98806e+01             
       O -9.14603e+01 -1.26373e+01  5.94446e+01             
       H -9.06150e+01 -1.22353e+01  5.92505e+01             
       H -9.14336e+01 -1.36129e+01  5.91900e+01             
       O -8.56462e+01  2.84751e+00  5.12414e+01             
       H -5.91604e+01 -2.16631e+01  5.96123e+01             
       H -8.50345e+01  2.22609e+00  5.07880e+01             
       O -7.35211e+01 -1.98317e+01  6.81247e+01             
       H -7.88653e+01 -2.53714e+01  6.15327e+01             
       H -8.57085e+01 -1.96692e+01  6.71893e+01             
       O -7.92748e+01 -3.36325e+01  6.10147e+01             
       H -7.84132e+01 -3.42268e+01  6.11305e+01             
       H -7.98544e+01 -3.42039e+01  6.05149e+01             
       O -9.23678e+01 -2.21029e+01  6.38286e+01             
       H -9.24000e+01 -2.16595e+01  6.29175e+01             
       H -9.14312e+01 -2.22178e+01  6.40527e+01             
       O -7.38524e+01 -4.75447e+01  5.50129e+01             
       H -7.29572e+01 -4.80380e+01  5.51383e+01             
       H -7.38111e+01 -4.66989e+01  6.78507e+01             
       O -7.47519e+01 -5.07782e+00  5.68523e+01             
       H -7.43703e+01 -5.85744e+00  5.63619e+01             
       H -7.39066e+01 -4.65509e+00  5.71724e+01             
       O -7.22526e+01 -2.92082e+01  7.04598e+01             
       H -7.20627e+01 -2.95725e+01  7.13433e+01             
       H -7.14265e+01 -2.92537e+01  6.99748e+01             
       O -8.09086e+01 -2.91860e+01  7.69822e+01             
       H -8.10812e+01 -2.88960e+01  7.60030e+01             
       H -7.99800e+01 -2.93458e+01  7.69956e+01             
       O -9.61394e+01 -2.36720e+01  5.52058e+01             
       H -9.58720e+01 -2.44632e+01  5.47457e+01             
       H -9.54428e+01 -2.29326e+01  5.51238e+01             
       O -7.04549e+01 -1.28274e+00  7.34219e+01             
       H -6.97057e+01 -1.67862e+00  7.39126e+01             
       H -7.04343e+01 -1.33675e+00  7.24508e+01             
       O -7.81889e+01 -1.74223e+01  5.11527e+01             
       H -7.75430e+01 -1.79583e+01  5.16540e+01             
       H -7.77165e+01 -1.68514e+01  3.80491e+01             
       O -7.71133e+01 -2.25260e+01  3.65517e+01             
       H -7.67432e+01 -2.27973e+01  3.57362e+01             
       H -8.88876e+01 -2.20458e+01  3.70798e+01             
       O -6.36636e+01 -1.85403e+01  3.42499e+01             
       H -6.31984e+01 -1.80081e+01  3.35991e+01             
       H -6.29078e+01 -1.89403e+01  3.47938e+01             
       O -6.99896e+01 -2.88866e+01  4.40287e+01             
       H -6.93320e+01 -2.96242e+01  4.40810e+01             
       H -6.96124e+01 -2.79982e+01  5.66475e+01             
       O -7.38970e+01 -1.95024e+01  4.80739e+01             
       H -7.93632e+01 -1.29702e+01  5.47167e+01             
       H -7.33596e+01 -2.00949e+01  4.75768e+01             
       O -7.68451e+01 -2.87546e+01  6.09277e+01             
       H -7.65493e+01 -2.96127e+01  6.05009e+01             
       H -7.61368e+01 -2.83620e+01  6.14790e+01             
       O -6.91523e+01 -2.03359e+01  5.28125e+01             
       H -6.85701e+01 -2.09125e+01  5.22884e+01             
       H -6.86527e+01 -1.95166e+01  5.29347e+01             
       O -6.95326e+01 -3.40373e+01  5.53069e+01             
       H -6.87012e+01 -3.41779e+01  5.59024e+01             
       H -6.93343e+01 -3.34957e+01  5.45268e+01             
       O -7.71043e+01 -3.63215e+00  6.91821e+01             
       H -7.66268e+01 -2.86185e+00  6.89430e+01             
       H -7.64669e+01 -4.34495e+00  6.92532e+01             
       O -7.52100e+01  4.49942e+00  7.52346e+01             
       H -7.44514e+01  3.92641e+00  7.54583e+01             
       H -7.49962e+01  4.87779e+00  7.43514e+01             
       O -7.71935e+01 -3.25711e+01  6.65972e+01             
       H -8.39964e+01 -2.43022e+01  4.94826e+01             
       H -7.65030e+01 -3.19635e+01  6.62286e+01             
       O -7.70699e+01 -2.58939e+01  6.41673e+01             
       H -7.32532e+01 -1.87742e+01  4.83004e+01             
       H -7.65653e+01 -2.51378e+01  6.44203e+01             
       O -7.30680e+01 -1.86622e+01  5.32921e+01             
       H -8.50216e+01 -8.91059e+00  5.16945e+01             
       H -7.25359e+01 -1.90926e+01  5.25179e+01             
       O -7.21016e+01 -2.99848e+01  6.06639e+01             
       H -8.46337e+01 -2.91970e+01  7.36917e+01             
       H -6.85743e+01 -1.05383e+01  7.07570e+01             
       O -1.00842e+02 -2.03842e+01  6.91096e+01             
       H -9.99340e+01 -2.01394e+01  6.88175e+01             
       H -1.01067e+02 -1.98646e+01  6.98658e+01             
       O -7.23011e+01 -3.40735e+01  5.89954e+01             
       H -7.20392e+01 -3.36668e+01  5.81580e+01             
       H -7.26142e+01 -1.99331e+01  6.85277e+01             
       O -8.00969e+01 -1.36227e+01  5.48055e+01             
       H -7.96340e+01 -1.44921e+01  5.46355e+01             
       H -9.56307e+01 -2.26019e+01  3.67470e+01             
       O -9.07688e+01 -2.39531e+01  5.51648e+01             
       H -9.05659e+01 -2.33824e+01  5.43578e+01             
       H -8.98767e+01 -2.41708e+01  5.55059e+01             
       O -7.41823e+01 -2.62410e+01  5.33754e+01             
       H -7.42212e+01 -2.55041e+01  5.27249e+01             
       H -7.32722e+01 -2.67176e+01  5.32091e+01             
       O -5.86975e+01 -3.26849e+01  5.67988e+01             
       H -5.81803e+01 -1.94890e+01  5.70184e+01             
       H -5.80977e+01 -3.32961e+01  5.62911e+01             
       O -7.52296e+01 -1.46012e+01  6.20199e+01             
       H -6.18464e+01 -1.49012e+01  6.20065e+01             
       H -7.53301e+01 -1.40561e+01  6.11850e+01             
       O -7.21659e+01  6.66659e-01  5.98622e+01             
       H -7.68103e+01 -3.53646e+01  5.27739e+01             
       H -8.03251e+01 -2.03101e+00  5.77524e+01             
       O -8.39832e+01 -2.00531e+01  5.15522e+01             
       H -8.31054e+01 -2.00534e+01  5.20022e+01             
       H -8.36850e+01 -1.98586e+01  5.06754e+01             
       O -8.56752e+01 -1.44322e+01  4.53688e+01             
       H -8.53029e+01 -2.77381e+01  4.53905e+01             
       H -8.49213e+01 -1.37976e+01  4.52591e+01             
       O -9.26750e+01 -1.88599e+01  6.20236e+01             
       H -9.19543e+01 -1.82321e+01  6.23620e+01             
       H -9.22140e+01 -1.96921e+01  6.16447e+01             
       O -8.23411e+01 -2.54561e+01  6.62190e+01             
       H -8.19458e+01 -2.50426e+01  6.54361e+01             
       H -8.15388e+01 -2.58420e+01  6.66946e+01             
       O -9.15780e+01 -2.56637e+01  4.99888e+01             
       H -9.07039e+01 -2.58982e+01  6.28854e+01             
       H -8.37943e+01 -4.29221e+01  4.86957e+01             
       O -7.11243e+01 -2.53263e+01  6.99639e+01             
       H -7.02139e+01 -2.56793e+01  6.98670e+01             
       H -7.12799e+01 -2.47333e+01  6.92060e+01             
       O -7.67631e+01 -2.36921e+01  5.88597e+01             
       H -7.59653e+01 -2.42326e+01  5.90085e+01             
       H -7.67723e+01 -2.32942e+01  5.79737e+01             
       O -1.00098e+02 -2.65279e+01  6.84734e+01             
       H -9.93078e+01 -2.67089e+01  6.90549e+01             
       H -9.97454e+01 -2.63661e+01  6.76171e+01             
       O -7.47469e+01 -2.55103e+01  5.97248e+01             
       H -7.39682e+01 -2.50589e+01  6.00991e+01             
       H -7.43196e+01 -2.61377e+01  5.91034e+01             
       O -9.19950e+01 -1.85662e+01  2.94232e+01             
       H -9.16612e+01 -1.76074e+01  2.95942e+01             
       H -9.12467e+01 -1.91632e+01  2.93403e+01             
       O -8.26979e+01 -2.19259e+01  3.61903e+01             
       H -6.00559e+01 -1.09711e+01  4.69844e+01             
       H -8.20971e+01 -2.25189e+01  3.57042e+01             
       O -8.84295e+01 -1.59724e+01  6.63266e+01             
       H -8.79478e+01 -1.52765e+01  6.59349e+01             
       H -8.79459e+01 -1.62998e+01  6.70887e+01             
       O -8.81972e+01 -1.85933e+01  7.74378e+01             
       H -8.72622e+01 -1.84057e+01  7.77122e+01             
       H -8.80462e+01 -1.92227e+01  7.66980e+01             
