192                                                         
# CELL(abcABC):   12.41850    12.41850    12.41850    90.00000    90.00000    90.00000  Step:           0  Bead:       0 x_centroid{angstrom}  cell{angstrom}   
       O -7.36509e+01 -8.27636e+00  6.21980e+01             
       H -7.36101e+01 -9.22715e+00  6.19827e+01             
       H -7.27435e+01 -7.93552e+00  6.24156e+01             
       O -6.49927e+01 -6.20599e+00  6.20557e+01             
       H -6.19308e+01 -1.68376e+01  5.55076e+01             
       H -6.45737e+01 -5.61862e+00  6.26626e+01             
       O -6.73372e+01 -2.80584e+01  4.55567e+01             
       H -6.65352e+01 -1.62359e+01  4.55967e+01             
       H -6.69675e+01 -2.71678e+01  4.56229e+01             
       O -6.49914e+01 -2.27701e+01  5.22151e+01             
       H -6.43786e+01 -2.20467e+01  5.21265e+01             
       H -6.44964e+01 -2.35673e+01  5.23432e+01             
       O -5.34696e+01 -2.20826e+01  5.49887e+01             
       H -5.27350e+01 -2.14625e+01  5.53638e+01             
       H -5.32585e+01 -2.21486e+01  5.40226e+01             
       O -5.52512e+01 -1.66351e+01  6.44894e+01             
       H -5.45160e+01 -1.60282e+01  6.42188e+01             
       H -5.50164e+01 -1.71644e+01  6.52570e+01             
       O -6.76984e+01 -2.00513e+01  4.24755e+01             
       H -6.70786e+01 -1.93299e+01  4.21755e+01             
       H -5.52626e+01  4.85176e-01  5.23735e+01             
       O -5.26013e+01 -1.59256e+01  6.78271e+01             
       H -5.30839e+01 -1.59807e+01  6.86720e+01             
       H -5.16886e+01 -2.81645e+01  6.80985e+01             
       O -7.47691e+01 -9.79327e+00  4.46195e+01             
       H -7.39840e+01 -9.57885e+00  4.51840e+01             
       H -7.45591e+01 -1.06112e+01  4.41090e+01             
       O -6.57776e+01 -2.74304e+01  5.13836e+01             
       H -6.48835e+01 -2.78371e+01  5.13231e+01             
       H -6.57406e+01 -2.68328e+01  5.05886e+01             
       O -7.16873e+01 -7.12319e+00  6.00185e+01             
       H -7.09847e+01 -6.48700e+00  5.97411e+01             
       H -7.22720e+01 -6.50822e+00  6.04968e+01             
       O -6.85429e+01 -1.21291e+01  4.88144e+01             
       H -6.83161e+01 -1.14949e+01  4.80640e+01             
       H -5.54865e+01 -1.55868e+01  4.36622e+01             
       O -6.17989e+01 -3.12392e+01  4.54574e+01             
       H -6.18126e+01 -3.02981e+01  4.52323e+01             
       H -6.04092e+01 -2.62698e+01  5.79350e+01             
       O -7.43718e+01 -1.42281e+01  5.07942e+01             
       H -7.35125e+01 -1.37876e+01  5.09214e+01             
       H -7.44158e+01 -1.41498e+01  4.97799e+01             
       O -5.37668e+01 -2.55715e+01  5.82291e+01             
       H -5.30489e+01 -2.54084e+01  5.88542e+01             
       H -5.35894e+01 -2.51827e+01  5.73309e+01             
       O -6.59269e+01 -1.25156e+01  6.21673e+01             
       H -6.56059e+01 -1.18699e+01  6.27648e+01             
       H -6.53468e+01 -1.25452e+01  6.13990e+01             
       O -6.78957e+01 -1.09742e+01  4.65770e+01             
       H -6.72831e+01 -2.41055e+01  4.61894e+01             
       H -6.74410e+01 -1.01439e+01  4.64022e+01             
       O -6.67493e+01 -2.58648e+01  4.14526e+01             
       H -6.61740e+01 -2.54190e+01  4.21608e+01             
       H -6.60645e+01 -2.62206e+01  4.08589e+01             
       O -7.52538e+01 -8.82804e+00  5.21737e+01             
       H -7.46218e+01 -9.27346e+00  5.28236e+01             
       H -7.46389e+01 -8.71900e+00  5.13854e+01             
       O -6.96024e+01  4.99125e+00  4.46812e+01             
       H -4.56002e+01 -1.56493e+01  4.87024e+01             
       H -6.88625e+01  4.87250e+00  4.40587e+01             
       O -5.95201e+01 -1.45796e+01  5.94077e+01             
       H -6.34668e+01 -2.07057e+01  5.66454e+01             
       H -7.17688e+01 -1.54790e+01  5.91733e+01             
       O -6.34899e+01 -3.10185e+01  5.36733e+01             
       H -6.25911e+01 -3.06955e+01  5.39230e+01             
       H -6.33057e+01 -3.18948e+01  5.32309e+01             
       O -7.19812e+01 -1.96118e+01  5.59198e+01             
       H -7.19259e+01 -2.05277e+01  5.55343e+01             
       H -7.11263e+01 -1.95661e+01  5.65227e+01             
       O -6.09851e+01 -4.23433e+01  4.89245e+01             
       H -6.02686e+01 -4.18116e+01  4.85450e+01             
       H -6.09547e+01 -4.20867e+01  6.22662e+01             
       O -6.35236e+01 -4.16526e+00  4.80460e+01             
       H -6.27035e+01 -4.63642e+00  4.83524e+01             
       H -6.30807e+01 -3.59008e+00  4.74642e+01             
       O -6.04239e+01 -2.34355e+01  6.12890e+01             
       H -5.95795e+01 -2.35701e+01  6.18039e+01             
       H -5.99947e+01 -2.31304e+01  6.04622e+01             
       O -6.53956e+01 -2.46646e+01  6.81616e+01             
       H -6.54484e+01 -2.36949e+01  6.80353e+01             
       H -6.43762e+01 -2.47656e+01  6.82338e+01             
       O -8.06286e+01 -1.75654e+01  4.94454e+01             
       H -8.00411e+01 -1.79615e+01  4.88038e+01             
       H -8.01403e+01 -1.74294e+01  5.02550e+01             
       O -5.73766e+01 -9.56034e-01  6.62879e+01             
       H -5.67241e+01 -5.74552e-01  6.68737e+01             
       H -5.68410e+01 -1.46514e+00  6.56734e+01             
       O -6.25043e+01 -1.21164e+01  4.31923e+01             
       H -6.18952e+01 -1.27261e+01  4.36983e+01             
       H -6.20430e+01 -1.17584e+01  3.00042e+01             
       O -5.99546e+01 -1.71611e+01  2.69550e+01             
       H -5.95821e+01 -1.79057e+01  2.65040e+01             
       H -7.16495e+01 -1.65091e+01  2.70242e+01             
       O -5.07389e+01 -1.65208e+01  2.67023e+01             
       H -5.01543e+01 -1.58321e+01  2.64485e+01             
       H -5.03984e+01 -1.68082e+01  2.75083e+01             
       O -5.80346e+01 -2.32861e+01  3.79137e+01             
       H -5.74458e+01 -2.39300e+01  3.75016e+01             
       H -5.76701e+01 -2.23740e+01  5.01013e+01             
       O -5.95182e+01 -1.28358e+01  3.97328e+01             
       H -6.36135e+01 -9.05046e+00  4.76279e+01             
       H -5.88498e+01 -1.32801e+01  4.02418e+01             
       O -6.11849e+01 -2.31234e+01  5.36134e+01             
       H -6.08189e+01 -2.38588e+01  5.32052e+01             
       H -6.03685e+01 -2.27437e+01  5.41232e+01             
       O -5.14618e+01 -1.30958e+01  4.02116e+01             
       H -5.10696e+01 -1.32376e+01  4.10997e+01             
       H -5.08910e+01 -1.35899e+01  3.95754e+01             
       O -5.56413e+01 -3.14329e+01  4.67383e+01             
       H -5.49493e+01 -3.07717e+01  4.65663e+01             
       H -5.51464e+01 -3.21845e+01  4.64304e+01             
       O -6.18669e+01 -8.72912e-01  6.05680e+01             
       H -6.11715e+01 -1.31963e+00  6.00125e+01             
       H -6.14477e+01 -1.49656e-02  6.08217e+01             
       O -5.78072e+01  7.54900e+00  6.79486e+01             
       H -5.74870e+01  6.73363e+00  6.75073e+01             
       H -5.71289e+01  8.22728e+00  6.77197e+01             
       O -6.07647e+01 -2.61190e+01  5.70811e+01             
       H -6.71105e+01 -2.08714e+01  4.24830e+01             
       H -6.00271e+01 -2.62750e+01  5.64883e+01             
       O -6.22406e+01 -1.63820e+01  5.63349e+01             
       H -5.89378e+01 -1.21999e+01  3.93796e+01             
       H -6.17039e+01 -1.55591e+01  5.63616e+01             
       O -5.57596e+01 -1.56597e+01  4.27323e+01             
       H -6.92285e+01 -6.89487e+00  4.53699e+01             
       H -5.52842e+01 -1.50067e+01  4.22071e+01             
       O -5.76750e+01 -2.78678e+01  5.18998e+01             
       H -6.92675e+01 -2.83283e+01  6.45517e+01             
       H -5.19656e+01 -6.53713e+00  6.13934e+01             
       O -9.02397e+01 -1.75688e+01  5.85419e+01             
       H -8.96845e+01 -1.81819e+01  5.79473e+01             
       H -8.96550e+01 -1.73420e+01  5.92872e+01             
       O -5.81921e+01 -2.89344e+01  4.90172e+01             
       H -5.73132e+01 -2.94261e+01  4.92882e+01             
       H -5.85817e+01 -1.43780e+01  5.96771e+01             
       O -6.38545e+01 -9.74271e+00  4.70260e+01             
       H -6.31743e+01 -9.97689e+00  4.64411e+01             
       H -7.78614e+01 -1.84172e+01  2.88764e+01             
       O -7.54926e+01 -1.95125e+01  4.78820e+01             
       H -7.50309e+01 -1.92491e+01  4.70896e+01             
       H -7.47822e+01 -1.96565e+01  4.84910e+01             
       O -5.78279e+01 -2.32781e+01  4.49382e+01             
       H -5.70015e+01 -2.32622e+01  4.54132e+01             
       H -5.79223e+01 -2.42355e+01  4.46649e+01             
       O -4.44864e+01 -2.66997e+01  4.75023e+01             
       H -4.40628e+01 -1.35237e+01  4.79890e+01             
       H -4.37362e+01 -2.72613e+01  4.71593e+01             
       O -5.89069e+01 -9.88624e+00  5.47755e+01             
       H -4.61133e+01 -1.04378e+01  5.54301e+01             
       H -5.81914e+01 -9.48787e+00  5.42220e+01             
       O -5.55170e+01  1.35853e+00  5.20175e+01             
       H -6.10376e+01 -3.16539e+01  4.50396e+01             
       H -6.77176e+01  2.57476e-01  4.93633e+01             
       O -7.03752e+01 -1.68042e+01  4.57432e+01             
       H -6.94272e+01 -1.66900e+01  4.58532e+01             
       H -7.04422e+01 -1.72302e+01  4.48806e+01             
       O -6.89877e+01 -8.37409e+00  3.70979e+01             
       H -6.80297e+01 -2.08670e+01  3.74099e+01             
       H -6.88394e+01 -7.91794e+00  3.62941e+01             
       O -7.33783e+01 -1.77449e+01  5.43643e+01             
       H -7.28191e+01 -1.83744e+01  5.48490e+01             
       H -7.27959e+01 -1.73495e+01  5.36572e+01             
       O -6.62327e+01 -2.10728e+01  5.82240e+01             
       H -6.60794e+01 -2.09491e+01  5.73088e+01             
       H -6.53664e+01 -2.12039e+01  5.86358e+01             
       O -7.66334e+01 -2.01433e+01  4.38576e+01             
       H -7.62332e+01 -1.95265e+01  5.56618e+01             
       H -7.01561e+01 -4.03283e+01  3.85095e+01             
       O -5.41336e+01 -2.04616e+01  6.29389e+01             
       H -5.36249e+01 -1.97437e+01  6.25741e+01             
       H -5.36010e+01 -2.12497e+01  6.29264e+01             
       O -5.84993e+01 -1.95953e+01  5.09514e+01             
       H -5.82532e+01 -1.98767e+01  5.18447e+01             
       H -5.77753e+01 -1.99327e+01  5.03386e+01             
       O -8.45605e+01 -2.21287e+01  5.88629e+01             
       H -8.41659e+01 -2.12894e+01  5.91363e+01             
       H -8.38440e+01 -2.26007e+01  5.83938e+01             
       O -5.71715e+01 -2.08651e+01  5.32205e+01             
       H -5.65038e+01 -2.04400e+01  5.38604e+01             
       H -5.67657e+01 -2.15765e+01  5.27827e+01             
       O -7.66287e+01 -1.22942e+01  2.28759e+01             
       H -7.65504e+01 -1.13339e+01  2.28721e+01             
       H -7.56970e+01 -1.27038e+01  2.28969e+01             
       O -6.62455e+01 -1.79895e+01  2.92992e+01             
       H -4.22382e+01 -1.06468e+01  3.97090e+01             
       H -6.58059e+01 -1.73458e+01  2.99446e+01             
       O -6.97029e+01 -1.36248e+01  5.69638e+01             
       H -6.93124e+01 -1.36891e+01  5.78209e+01             
       H -7.02221e+01 -1.44164e+01  5.68357e+01             
       O -7.16447e+01 -1.48775e+01  6.73705e+01             
       H -7.08479e+01 -1.44126e+01  6.70353e+01             
       H -7.13573e+01 -1.58184e+01  6.74103e+01             
192                                                         
# CELL(abcABC):   12.41850    12.41850    12.41850    90.00000    90.00000    90.00000  Step:      200000  Bead:       0 x_centroid{angstrom}  cell{angstrom}   
       O -8.29980e+01 -1.12949e+01  6.73120e+01             
       H -8.26112e+01 -1.19294e+01  6.66241e+01             
       H -8.22964e+01 -1.07518e+01  6.77176e+01             
       O -7.45674e+01 -8.93342e+00  6.97499e+01             
       H -7.23272e+01 -1.98233e+01  6.07964e+01             
       H -7.40874e+01 -9.70322e+00  7.00534e+01             
       O -7.80365e+01 -2.92688e+01  5.26710e+01             
       H -7.71411e+01 -1.69238e+01  5.21607e+01             
       H -7.80368e+01 -2.99602e+01  5.34254e+01             
       O -7.41298e+01 -2.69513e+01  5.61955e+01             
       H -7.33115e+01 -2.64266e+01  5.63853e+01             
       H -7.37352e+01 -2.78633e+01  5.60702e+01             
       O -6.30708e+01 -2.18535e+01  6.04364e+01             
       H -6.26240e+01 -2.16591e+01  5.95689e+01             
       H -6.23362e+01 -2.24067e+01  6.08405e+01             
       O -6.47691e+01 -1.78889e+01  6.90388e+01             
       H -6.38174e+01 -1.80463e+01  6.87500e+01             
       H -6.48429e+01 -1.86244e+01  6.96800e+01             
       O -7.78205e+01 -2.31369e+01  4.78932e+01             
       H -7.69615e+01 -2.26415e+01  4.79865e+01             
       H -6.51307e+01 -4.09559e-01  5.68326e+01             
       O -6.30825e+01 -1.88835e+01  7.26671e+01             
       H -6.27525e+01 -1.82005e+01  7.20267e+01             
       H -6.22378e+01 -3.15268e+01  7.31181e+01             
       O -8.48860e+01 -1.33540e+01  4.99672e+01             
       H -8.38777e+01 -1.31140e+01  5.00034e+01             
       H -8.50018e+01 -1.38939e+01  4.91642e+01             
       O -7.46454e+01 -3.11003e+01  5.57816e+01             
       H -7.39754e+01 -3.04796e+01  5.56257e+01             
       H -7.43649e+01 -3.18694e+01  5.52837e+01             
       O -7.88230e+01 -1.21963e+01  6.36989e+01             
       H -7.86450e+01 -1.29030e+01  6.43774e+01             
       H -7.79205e+01 -1.18175e+01  6.35174e+01             
       O -7.78243e+01 -1.41395e+01  5.29908e+01             
       H -7.69194e+01 -1.41327e+01  5.34240e+01             
       H -6.44233e+01 -1.82144e+01  4.87657e+01             
       O -7.15130e+01 -3.46169e+01  5.07242e+01             
       H -7.09086e+01 -3.38076e+01  5.09428e+01             
       H -7.10212e+01 -2.96766e+01  6.22959e+01             
       O -8.33909e+01 -1.76284e+01  5.79240e+01             
       H -8.25002e+01 -1.73227e+01  5.81344e+01             
       H -8.32901e+01 -1.85703e+01  5.82668e+01             
       O -6.31100e+01 -2.94100e+01  6.37232e+01             
       H -6.23457e+01 -2.87986e+01  6.37422e+01             
       H -6.26167e+01 -3.02584e+01  6.35402e+01             
       O -7.48898e+01 -1.37395e+01  6.60485e+01             
       H -7.45857e+01 -1.39376e+01  6.69606e+01             
       H -7.42435e+01 -1.41844e+01  6.53718e+01             
       O -7.70557e+01 -1.30195e+01  4.91063e+01             
       H -7.61383e+01 -2.55314e+01  4.87421e+01             
       H -7.70957e+01 -1.32121e+01  5.00700e+01             
       O -7.65125e+01 -2.64411e+01  4.52118e+01             
       H -7.60779e+01 -2.62831e+01  4.60469e+01             
       H -7.58201e+01 -2.66669e+01  4.45644e+01             
       O -8.45174e+01 -1.30567e+01  5.66483e+01             
       H -8.38345e+01 -1.35180e+01  5.72713e+01             
       H -8.39906e+01 -1.25365e+01  5.60429e+01             
       O -7.94903e+01  3.15743e+00  5.24131e+01             
       H -5.68581e+01 -1.70411e+01  5.51621e+01             
       H -7.94749e+01  2.28424e+00  5.19455e+01             
       O -7.02010e+01 -1.73327e+01  6.38596e+01             
       H -7.32857e+01 -2.42329e+01  6.22138e+01             
       H -8.23623e+01 -1.82555e+01  6.39102e+01             
       O -7.31997e+01 -3.57823e+01  5.83971e+01             
       H -7.26532e+01 -3.53422e+01  5.90476e+01             
       H -7.28201e+01 -3.64773e+01  5.78741e+01             
       O -8.16321e+01 -2.30856e+01  6.18030e+01             
       H -8.16333e+01 -2.35994e+01  6.09869e+01             
       H -8.08966e+01 -2.24615e+01  6.18343e+01             
       O -7.02823e+01 -4.50225e+01  5.42694e+01             
       H -6.98173e+01 -4.42004e+01  5.46349e+01             
       H -6.98959e+01 -4.58548e+01  6.69581e+01             
       O -7.32104e+01 -7.96128e+00  5.42136e+01             
       H -7.29652e+01 -8.89273e+00  5.39122e+01             
       H -7.23359e+01 -7.58379e+00  5.43798e+01             
       O -6.98912e+01 -2.58269e+01  6.58094e+01             
       H -6.90110e+01 -2.60767e+01  6.61599e+01             
       H -6.97612e+01 -2.56495e+01  6.48524e+01             
       O -7.48949e+01 -2.59126e+01  7.23018e+01             
       H -7.43135e+01 -2.51390e+01  7.20823e+01             
       H -7.43528e+01 -2.66828e+01  7.23920e+01             
       O -9.11399e+01 -1.84730e+01  5.45639e+01             
       H -9.09818e+01 -1.94512e+01  5.45424e+01             
       H -9.05709e+01 -1.80931e+01  5.52847e+01             
       O -6.60881e+01 -3.52498e+00  7.02064e+01             
       H -6.53823e+01 -2.84395e+00  7.02396e+01             
       H -6.56077e+01 -4.24989e+00  6.97606e+01             
       O -7.24642e+01 -1.53540e+01  4.77351e+01             
       H -7.20843e+01 -1.60509e+01  4.83266e+01             
       H -7.16822e+01 -1.50982e+01  3.47926e+01             
       O -6.99831e+01 -2.05611e+01  3.31806e+01             
       H -6.98021e+01 -2.10454e+01  3.23586e+01             
       H -8.14597e+01 -2.03677e+01  3.35501e+01             
       O -6.00877e+01 -1.70857e+01  3.07703e+01             
       H -5.93669e+01 -1.72662e+01  3.14085e+01             
       H -5.96921e+01 -1.64070e+01  3.01951e+01             
       O -6.74324e+01 -2.62194e+01  4.22240e+01             
       H -6.66434e+01 -2.63827e+01  4.16520e+01             
       H -6.71324e+01 -2.55868e+01  5.53235e+01             
       O -6.86352e+01 -1.55326e+01  4.43862e+01             
       H -7.51585e+01 -1.21109e+01  5.35106e+01             
       H -6.83067e+01 -1.51024e+01  4.36164e+01             
       O -7.03685e+01 -2.68652e+01  5.83593e+01             
       H -6.96869e+01 -2.73956e+01  5.78842e+01             
       H -6.99925e+01 -2.61983e+01  5.89200e+01             
       O -6.16511e+01 -1.70990e+01  4.60979e+01             
       H -6.10478e+01 -1.75190e+01  4.54946e+01             
       H -6.10758e+01 -1.65300e+01  4.66141e+01             
       O -6.48812e+01 -3.32460e+01  5.11894e+01             
       H -6.42990e+01 -3.39830e+01  5.09627e+01             
       H -6.42145e+01 -3.25207e+01  5.11932e+01             
       O -7.13678e+01 -3.50122e+00  6.58495e+01             
       H -7.08394e+01 -4.13619e+00  6.52871e+01             
       H -7.11270e+01 -2.56613e+00  6.57579e+01             
       O -6.68499e+01  3.67931e+00  7.39050e+01             
       H -6.62588e+01  2.87107e+00  7.37425e+01             
       H -6.63070e+01  4.35730e+00  7.43315e+01             
       O -7.11657e+01 -2.96262e+01  6.13098e+01             
       H -7.75594e+01 -2.40227e+01  4.82531e+01             
       H -7.02616e+01 -2.97393e+01  6.09232e+01             
       O -7.28526e+01 -1.91680e+01  6.12863e+01             
       H -6.78128e+01 -1.58663e+01  4.48135e+01             
       H -7.22698e+01 -1.83731e+01  6.12217e+01             
       O -6.49023e+01 -1.76710e+01  4.93735e+01             
       H -7.86131e+01 -8.79106e+00  5.20944e+01             
       H -6.41361e+01 -1.72677e+01  4.99225e+01             
       O -6.77851e+01 -3.24559e+01  5.91961e+01             
       H -8.01666e+01 -3.26833e+01  7.25876e+01             
       H -6.15293e+01 -8.22274e+00  6.94976e+01             
       O -9.95624e+01 -1.97155e+01  6.37523e+01             
       H -9.88522e+01 -1.97204e+01  6.30829e+01             
       H -9.90361e+01 -1.96133e+01  6.45753e+01             
       O -6.89631e+01 -3.02723e+01  5.47444e+01             
       H -6.79954e+01 -3.04007e+01  5.48251e+01             
       H -6.93248e+01 -1.68851e+01  6.38894e+01             
       O -7.53275e+01 -1.11717e+01  5.35956e+01             
       H -7.44514e+01 -1.08585e+01  5.34134e+01             
       H -8.92064e+01 -2.05787e+01  3.32898e+01             
       O -8.50657e+01 -2.29228e+01  5.32579e+01             
       H -8.47432e+01 -2.25704e+01  5.24122e+01             
       H -8.42845e+01 -2.31707e+01  5.37827e+01             
       O -6.76478e+01 -2.63643e+01  4.94167e+01             
       H -6.70451e+01 -2.56907e+01  4.97224e+01             
       H -6.71454e+01 -2.69712e+01  4.88346e+01             
       O -5.53125e+01 -2.88205e+01  5.14161e+01             
       H -5.50552e+01 -1.55664e+01  5.09987e+01             
       H -5.45547e+01 -2.91727e+01  5.19511e+01             
       O -6.92207e+01 -1.25006e+01  5.99079e+01             
       H -5.61682e+01 -1.30712e+01  6.04668e+01             
       H -6.85597e+01 -1.18780e+01  5.94397e+01             
       O -6.58552e+01  2.21921e-01  5.65564e+01             
       H -7.08103e+01 -3.51351e+01  5.02469e+01             
       H -7.78935e+01 -2.72745e+00  5.29192e+01             
       O -8.20735e+01 -2.02588e+01  5.15140e+01             
       H -8.21498e+01 -2.03050e+01  5.24895e+01             
       H -8.11079e+01 -2.04028e+01  5.14328e+01             
       O -7.88850e+01 -8.76151e+00  4.25738e+01             
       H -7.79826e+01 -2.14485e+01  4.29355e+01             
       H -7.89403e+01 -9.01667e+00  4.16188e+01             
       O -8.40210e+01 -2.15759e+01  5.97592e+01             
       H -8.35474e+01 -2.17097e+01  6.05693e+01             
       H -8.33395e+01 -2.11434e+01  5.91009e+01             
       O -7.60156e+01 -2.32720e+01  6.34143e+01             
       H -7.52166e+01 -2.33760e+01  6.28851e+01             
       H -7.56954e+01 -2.36436e+01  6.42816e+01             
       O -8.61187e+01 -2.33632e+01  4.95784e+01             
       H -8.54311e+01 -2.27082e+01  6.22692e+01             
       H -7.92463e+01 -4.48514e+01  4.65146e+01             
       O -6.41099e+01 -2.23608e+01  6.83066e+01             
       H -6.33144e+01 -2.19042e+01  6.86835e+01             
       H -6.36987e+01 -2.29779e+01  6.76375e+01             
       O -6.86479e+01 -2.22455e+01  5.62320e+01             
       H -6.81217e+01 -2.25975e+01  5.69471e+01             
       H -6.78997e+01 -2.18737e+01  5.56165e+01             
       O -9.46192e+01 -2.52775e+01  6.30254e+01             
       H -9.40367e+01 -2.58139e+01  6.25524e+01             
       H -9.42706e+01 -2.43641e+01  6.30701e+01             
       O -6.73981e+01 -2.35809e+01  5.85448e+01             
       H -6.67352e+01 -2.33550e+01  5.92112e+01             
       H -6.69121e+01 -2.41114e+01  5.79029e+01             
       O -8.60120e+01 -1.51451e+01  2.68812e+01             
       H -8.55969e+01 -1.43511e+01  2.63972e+01             
       H -8.52640e+01 -1.55875e+01  2.72671e+01             
       O -7.72568e+01 -1.99068e+01  3.37869e+01             
       H -5.29555e+01 -1.13645e+01  4.40004e+01             
       H -7.65068e+01 -1.95193e+01  3.43316e+01             
       O -7.92115e+01 -1.60368e+01  6.04023e+01             
       H -7.86345e+01 -1.63569e+01  6.11082e+01             
       H -7.87125e+01 -1.60522e+01  5.95672e+01             
       O -8.11926e+01 -1.75445e+01  7.21015e+01             
       H -8.03853e+01 -1.69533e+01  7.22804e+01             
       H -8.07997e+01 -1.84476e+01  7.19764e+01             
