192                                                         
# CELL(abcABC):   12.41850    12.41850    12.41850    90.00000    90.00000    90.00000  Step:           0  Bead:       0 x_centroid{angstrom}  cell{angstrom}   
       O -7.39891e+01 -8.28395e+00  6.28663e+01             
       H -7.35320e+01 -8.99391e+00  6.23368e+01             
       H -7.32205e+01 -7.81430e+00  6.32401e+01             
       O -6.56613e+01 -5.56460e+00  6.16033e+01             
       H -6.26373e+01 -1.75347e+01  5.58792e+01             
       H -6.51877e+01 -4.92965e+00  6.22020e+01             
       O -6.75342e+01 -2.76880e+01  4.61784e+01             
       H -6.69970e+01 -1.60065e+01  4.63483e+01             
       H -6.69110e+01 -2.69428e+01  4.61342e+01             
       O -6.50056e+01 -2.35600e+01  5.26778e+01             
       H -6.41602e+01 -2.30682e+01  5.25361e+01             
       H -6.46805e+01 -2.43640e+01  5.30185e+01             
       O -5.37323e+01 -2.23323e+01  5.49902e+01             
       H -5.29171e+01 -2.20971e+01  5.54907e+01             
       H -5.33479e+01 -2.26661e+01  5.41484e+01             
       O -5.52016e+01 -1.71065e+01  6.39146e+01             
       H -5.44261e+01 -1.65844e+01  6.37900e+01             
       H -5.49705e+01 -1.78532e+01  6.44881e+01             
       O -6.80533e+01 -2.02533e+01  4.21216e+01             
       H -6.74207e+01 -1.94508e+01  4.19201e+01             
       H -5.50078e+01  1.40852e+00  5.21109e+01             
       O -5.31569e+01 -1.59295e+01  6.72094e+01             
       H -5.30002e+01 -1.51434e+01  6.67708e+01             
       H -5.23178e+01 -2.86867e+01  6.75460e+01             
       O -7.45637e+01 -9.74085e+00  4.55035e+01             
       H -7.36095e+01 -9.47180e+00  4.56563e+01             
       H -7.44825e+01 -1.06224e+01  4.50729e+01             
       O -6.53854e+01 -2.80899e+01  5.09433e+01             
       H -6.46891e+01 -2.81713e+01  5.15583e+01             
       H -6.55740e+01 -2.71697e+01  5.06646e+01             
       O -7.12543e+01 -7.10813e+00  6.06320e+01             
       H -7.04784e+01 -7.35725e+00  6.12085e+01             
       H -7.09019e+01 -6.62360e+00  5.98708e+01             
       O -6.83040e+01 -1.20757e+01  4.86730e+01             
       H -6.81763e+01 -1.15077e+01  4.78805e+01             
       H -5.60757e+01 -1.54116e+01  4.45855e+01             
       O -6.22246e+01 -3.12831e+01  4.61587e+01             
       H -6.24118e+01 -3.04632e+01  4.56955e+01             
       H -6.17474e+01 -2.66786e+01  5.76257e+01             
       O -7.52815e+01 -1.38489e+01  5.13291e+01             
       H -7.46186e+01 -1.32567e+01  5.09418e+01             
       H -7.49303e+01 -1.47251e+01  5.12043e+01             
       O -5.37080e+01 -2.54487e+01  5.83792e+01             
       H -5.29795e+01 -2.54281e+01  5.89992e+01             
       H -5.33930e+01 -2.52933e+01  5.74434e+01             
       O -6.57970e+01 -1.29120e+01  6.23144e+01             
       H -6.53433e+01 -1.23790e+01  6.29936e+01             
       H -6.51090e+01 -1.30492e+01  6.16567e+01             
       O -6.79086e+01 -1.09921e+01  4.61036e+01             
       H -6.74667e+01 -2.42447e+01  4.58294e+01             
       H -6.72260e+01 -1.03082e+01  4.58801e+01             
       O -6.75615e+01 -2.59491e+01  4.13320e+01             
       H -6.70610e+01 -2.55344e+01  4.20091e+01             
       H -6.69203e+01 -2.62396e+01  4.06848e+01             
       O -7.54936e+01 -9.15444e+00  5.26358e+01             
       H -7.47560e+01 -9.62672e+00  5.31325e+01             
       H -7.49319e+01 -8.73730e+00  5.19248e+01             
       O -6.95306e+01  5.57297e+00  4.41054e+01             
       H -4.52341e+01 -1.56438e+01  4.89232e+01             
       H -6.89714e+01  5.05748e+00  4.34355e+01             
       O -5.96320e+01 -1.45136e+01  5.92821e+01             
       H -6.33793e+01 -2.10580e+01  5.71150e+01             
       H -7.22167e+01 -1.54540e+01  5.93714e+01             
       O -6.39748e+01 -3.19599e+01  5.42064e+01             
       H -6.32490e+01 -3.13314e+01  5.43006e+01             
       H -6.36721e+01 -3.27203e+01  5.36810e+01             
       O -7.23637e+01 -1.98763e+01  5.67722e+01             
       H -7.22791e+01 -2.07471e+01  5.62690e+01             
       H -7.14625e+01 -1.96532e+01  5.69450e+01             
       O -6.08025e+01 -4.19726e+01  4.84604e+01             
       H -5.99420e+01 -4.16946e+01  4.88225e+01             
       H -6.06472e+01 -4.27741e+01  6.03909e+01             
       O -6.31937e+01 -3.60435e+00  4.75303e+01             
       H -6.36160e+01 -3.51994e+00  4.84376e+01             
       H -6.23231e+01 -4.10887e+00  4.77828e+01             
       O -6.04048e+01 -2.31387e+01  6.16071e+01             
       H -5.94986e+01 -2.33476e+01  6.18632e+01             
       H -6.02452e+01 -2.27304e+01  6.06757e+01             
       O -6.58752e+01 -2.48888e+01  6.82975e+01             
       H -6.63346e+01 -2.40613e+01  6.79086e+01             
       H -6.49209e+01 -2.47752e+01  6.81254e+01             
       O -8.08894e+01 -1.78618e+01  4.84225e+01             
       H -8.05074e+01 -1.84045e+01  4.76490e+01             
       H -8.00401e+01 -1.76286e+01  4.89270e+01             
       O -5.78884e+01 -9.94074e-01  6.55366e+01             
       H -5.70538e+01 -5.34430e-01  6.55267e+01             
       H -5.77649e+01 -1.88096e+00  6.58255e+01             
       O -6.30566e+01 -1.18828e+01  4.33215e+01             
       H -6.26361e+01 -1.26873e+01  4.36648e+01             
       H -6.24190e+01 -1.15098e+01  3.02735e+01             
       O -6.03067e+01 -1.73540e+01  2.76251e+01             
       H -6.02268e+01 -1.82690e+01  2.73320e+01             
       H -7.17489e+01 -1.70851e+01  2.77028e+01             
       O -5.01681e+01 -1.67224e+01  2.63055e+01             
       H -4.98302e+01 -1.70456e+01  2.54713e+01             
       H -4.93886e+01 -1.68987e+01  2.68664e+01             
       O -5.80086e+01 -2.37247e+01  3.77541e+01             
       H -5.72510e+01 -2.40657e+01  3.72207e+01             
       H -5.75172e+01 -2.31952e+01  5.08132e+01             
       O -6.03189e+01 -1.26541e+01  3.97270e+01             
       H -6.41331e+01 -9.48423e+00  4.82438e+01             
       H -5.97092e+01 -1.30771e+01  4.03085e+01             
       O -6.15630e+01 -2.32208e+01  5.40392e+01             
       H -6.12164e+01 -2.38631e+01  5.33786e+01             
       H -6.07045e+01 -2.29411e+01  5.45487e+01             
       O -5.17818e+01 -1.37519e+01  4.11581e+01             
       H -5.11839e+01 -1.34758e+01  4.18557e+01             
       H -5.12180e+01 -1.38417e+01  4.03466e+01             
       O -5.51111e+01 -3.10412e+01  4.60164e+01             
       H -5.43371e+01 -3.04541e+01  4.58256e+01             
       H -5.46370e+01 -3.18181e+01  4.63822e+01             
       O -6.17033e+01 -5.14466e-01  6.07161e+01             
       H -6.11979e+01 -1.08763e+00  6.00683e+01             
       H -6.10479e+01  1.51772e-01  6.10322e+01             
       O -5.85870e+01  7.75897e+00  6.75259e+01             
       H -5.82998e+01  6.90236e+00  6.78283e+01             
       H -5.78571e+01  8.34728e+00  6.77346e+01             
       O -6.21242e+01 -2.68460e+01  5.67696e+01             
       H -6.75051e+01 -2.09808e+01  4.24632e+01             
       H -6.14313e+01 -2.68172e+01  5.60321e+01             
       O -6.33414e+01 -1.69757e+01  5.64050e+01             
       H -5.98236e+01 -1.20859e+01  3.91397e+01             
       H -6.29718e+01 -1.60689e+01  5.66021e+01             
       O -5.64265e+01 -1.55041e+01  4.36737e+01             
       H -6.89145e+01 -6.46147e+00  4.47760e+01             
       H -5.57370e+01 -1.53454e+01  4.30148e+01             
       O -5.76373e+01 -2.85962e+01  5.21636e+01             
       H -6.92232e+01 -2.90732e+01  6.44147e+01             
       H -5.25587e+01 -6.20120e+00  6.13448e+01             
       O -9.02425e+01 -1.71855e+01  5.83240e+01             
       H -8.97029e+01 -1.71302e+01  5.75055e+01             
       H -8.96190e+01 -1.69218e+01  5.89873e+01             
       O -5.81239e+01 -2.88068e+01  4.93758e+01             
       H -5.77032e+01 -2.96067e+01  4.90668e+01             
       H -5.87558e+01 -1.43080e+01  5.96767e+01             
       O -6.40085e+01 -9.95014e+00  4.74292e+01             
       H -6.31030e+01 -9.80349e+00  4.70413e+01             
       H -7.79676e+01 -1.88763e+01  2.90056e+01             
       O -7.60269e+01 -1.95721e+01  4.88447e+01             
       H -7.57536e+01 -1.93949e+01  4.79260e+01             
       H -7.51812e+01 -1.96712e+01  4.93207e+01             
       O -5.80516e+01 -2.34589e+01  4.53864e+01             
       H -5.70875e+01 -2.33316e+01  4.54630e+01             
       H -5.81392e+01 -2.43653e+01  4.50436e+01             
       O -4.46741e+01 -2.69291e+01  4.80063e+01             
       H -4.41783e+01 -1.36383e+01  4.82384e+01             
       H -4.40101e+01 -2.73058e+01  4.74078e+01             
       O -5.95156e+01 -9.80871e+00  5.55256e+01             
       H -4.67099e+01 -1.03815e+01  5.62114e+01             
       H -5.88080e+01 -9.56991e+00  5.49428e+01             
       O -5.56620e+01  2.04417e+00  5.17485e+01             
       H -6.13636e+01 -3.15853e+01  4.58946e+01             
       H -6.74141e+01  1.35182e-01  4.90746e+01             
       O -7.05084e+01 -1.69345e+01  4.61807e+01             
       H -6.96490e+01 -1.68504e+01  4.65671e+01             
       H -7.04324e+01 -1.76243e+01  4.55112e+01             
       O -6.94480e+01 -7.43645e+00  3.77713e+01             
       H -6.85995e+01 -2.02118e+01  3.79705e+01             
       H -6.91670e+01 -6.53595e+00  3.75611e+01             
       O -7.39457e+01 -1.81098e+01  5.50655e+01             
       H -7.32716e+01 -1.86552e+01  5.55128e+01             
       H -7.33991e+01 -1.76636e+01  5.43987e+01             
       O -6.61991e+01 -2.10612e+01  5.85702e+01             
       H -6.55384e+01 -2.08797e+01  5.78686e+01             
       H -6.57551e+01 -2.15231e+01  5.92958e+01             
       O -7.66135e+01 -2.09190e+01  4.42024e+01             
       H -7.66402e+01 -2.02234e+01  5.59485e+01             
       H -7.03748e+01 -4.06942e+01  3.88958e+01             
       O -5.42750e+01 -2.01288e+01  6.32684e+01             
       H -5.40880e+01 -1.92706e+01  6.29004e+01             
       H -5.34205e+01 -2.04003e+01  6.35520e+01             
       O -5.92124e+01 -1.98333e+01  5.17716e+01             
       H -5.91428e+01 -2.06332e+01  5.22517e+01             
       H -5.84341e+01 -1.98167e+01  5.12043e+01             
       O -8.46015e+01 -2.20610e+01  5.91594e+01             
       H -8.42310e+01 -2.11742e+01  5.94808e+01             
       H -8.38660e+01 -2.25273e+01  5.87014e+01             
       O -5.77767e+01 -2.19026e+01  5.35898e+01             
       H -5.71605e+01 -2.10995e+01  5.36448e+01             
       H -5.73253e+01 -2.25956e+01  5.31735e+01             
       O -7.66169e+01 -1.26500e+01  2.29989e+01             
       H -7.65949e+01 -1.17008e+01  2.29052e+01             
       H -7.57016e+01 -1.28824e+01  2.31316e+01             
       O -6.63861e+01 -1.83569e+01  2.90053e+01             
       H -4.26444e+01 -1.01179e+01  3.86444e+01             
       H -6.61481e+01 -1.74512e+01  2.92750e+01             
       O -7.06944e+01 -1.34438e+01  5.65581e+01             
       H -7.08009e+01 -1.41209e+01  5.72454e+01             
       H -6.97803e+01 -1.36729e+01  5.62953e+01             
       O -7.27797e+01 -1.44018e+01  6.72358e+01             
       H -7.20192e+01 -1.39021e+01  6.75865e+01             
       H -7.23846e+01 -1.52687e+01  6.70389e+01             
192                                                         
# CELL(abcABC):   12.41850    12.41850    12.41850    90.00000    90.00000    90.00000  Step:      200000  Bead:       0 x_centroid{angstrom}  cell{angstrom}   
       O -9.13521e+01 -1.01236e+01  6.72187e+01             
       H -9.05146e+01 -1.04461e+01  6.67538e+01             
       H -9.11882e+01 -1.05116e+01  6.81486e+01             
       O -8.28785e+01 -1.09778e+01  6.85764e+01             
       H -7.62394e+01 -2.26441e+01  6.16139e+01             
       H -8.23069e+01 -1.02282e+01  6.88761e+01             
       O -8.00693e+01 -3.28730e+01  5.12654e+01             
       H -8.02302e+01 -2.13486e+01  5.17003e+01             
       H -7.91280e+01 -3.28171e+01  5.09637e+01             
       O -7.83659e+01 -2.56707e+01  5.86532e+01             
       H -7.74786e+01 -2.57274e+01  5.91153e+01             
       H -7.83199e+01 -2.49572e+01  5.79544e+01             
       O -6.53797e+01 -3.01104e+01  6.20841e+01             
       H -6.49044e+01 -2.93745e+01  6.25345e+01             
       H -6.53467e+01 -3.01380e+01  6.10603e+01             
       O -6.93931e+01 -2.03633e+01  7.38361e+01             
       H -6.88466e+01 -2.02044e+01  7.46311e+01             
       H -6.89510e+01 -2.11257e+01  7.34086e+01             
       O -8.34324e+01 -2.22355e+01  5.02534e+01             
       H -8.27728e+01 -2.17785e+01  4.96867e+01             
       H -6.95449e+01 -4.68154e+00  6.11141e+01             
       O -6.57214e+01 -2.17472e+01  7.16342e+01             
       H -6.52960e+01 -2.09380e+01  7.12299e+01             
       H -6.52459e+01 -3.43322e+01  7.25194e+01             
       O -8.92883e+01 -1.17253e+01  5.40050e+01             
       H -8.86490e+01 -1.19131e+01  5.46566e+01             
       H -8.88498e+01 -1.13536e+01  5.31966e+01             
       O -7.78576e+01 -3.00002e+01  5.93697e+01             
       H -7.72273e+01 -3.07214e+01  5.90332e+01             
       H -7.73196e+01 -2.92188e+01  5.93626e+01             
       O -8.42395e+01 -8.14761e+00  6.58133e+01             
       H -8.34768e+01 -7.52575e+00  6.54947e+01             
       H -8.37842e+01 -8.92080e+00  6.60669e+01             
       O -8.26233e+01 -1.57073e+01  5.70871e+01             
       H -8.26853e+01 -1.52560e+01  5.62186e+01             
       H -6.49105e+01 -2.02384e+01  5.16211e+01             
       O -7.68645e+01 -3.26216e+01  5.34363e+01             
       H -7.60416e+01 -3.30395e+01  5.37497e+01             
       H -7.51147e+01 -2.96067e+01  6.57203e+01             
       O -9.38577e+01 -2.12671e+01  5.66770e+01             
       H -9.30184e+01 -2.12287e+01  5.61988e+01             
       H -9.37033e+01 -2.12972e+01  5.76081e+01             
       O -6.75601e+01 -2.94891e+01  6.32994e+01             
       H -6.73763e+01 -3.01331e+01  6.40437e+01             
       H -6.67664e+01 -2.96871e+01  6.26997e+01             
       O -8.01670e+01 -1.48285e+01  6.96451e+01             
       H -7.94748e+01 -1.44462e+01  7.02452e+01             
       H -7.96640e+01 -1.54440e+01  6.90495e+01             
       O -8.22661e+01 -1.89209e+01  5.24315e+01             
       H -8.15229e+01 -3.18326e+01  5.20510e+01             
       H -8.17963e+01 -1.83723e+01  5.31653e+01             
       O -8.39628e+01 -2.92703e+01  5.12726e+01             
       H -8.33700e+01 -2.99086e+01  5.16800e+01             
       H -8.34470e+01 -2.92129e+01  5.04089e+01             
       O -9.26825e+01 -1.23136e+01  6.07184e+01             
       H -9.21453e+01 -1.26699e+01  5.99944e+01             
       H -9.20628e+01 -1.21598e+01  6.14802e+01             
       O -8.79050e+01  1.74456e+00  5.18375e+01             
       H -5.83413e+01 -1.97173e+01  5.96677e+01             
       H -8.73904e+01  9.02071e-01  5.17202e+01             
       O -7.39674e+01 -1.61898e+01  6.68654e+01             
       H -8.05211e+01 -2.80922e+01  6.40395e+01             
       H -8.58300e+01 -1.69330e+01  6.71761e+01             
       O -7.82592e+01 -3.86124e+01  6.48518e+01             
       H -7.78762e+01 -3.81301e+01  6.55997e+01             
       H -7.75210e+01 -3.91713e+01  6.45168e+01             
       O -8.67653e+01 -2.16290e+01  6.71398e+01             
       H -8.63338e+01 -2.07934e+01  6.72820e+01             
       H -8.61653e+01 -2.23353e+01  6.68578e+01             
       O -7.81518e+01 -4.84176e+01  5.71029e+01             
       H -7.83313e+01 -4.77997e+01  5.78233e+01             
       H -7.71639e+01 -4.82273e+01  6.94386e+01             
       O -7.53915e+01 -6.14992e+00  5.61102e+01             
       H -7.57021e+01 -5.16630e+00  5.61260e+01             
       H -7.44936e+01 -6.22702e+00  5.57438e+01             
       O -7.56121e+01 -2.28653e+01  6.92090e+01             
       H -7.52806e+01 -2.22210e+01  6.85199e+01             
       H -7.48587e+01 -2.31390e+01  6.97234e+01             
       O -8.03587e+01 -3.04615e+01  7.90569e+01             
       H -7.96122e+01 -3.10351e+01  7.93908e+01             
       H -7.98764e+01 -2.96753e+01  7.90939e+01             
       O -9.74092e+01 -2.26741e+01  5.78170e+01             
       H -9.68115e+01 -2.32319e+01  5.72282e+01             
       H -9.67845e+01 -2.19287e+01  5.80110e+01             
       O -7.34721e+01 -3.87508e+00  7.25689e+01             
       H -7.28441e+01 -4.31812e+00  7.31334e+01             
       H -7.29312e+01 -3.65149e+00  7.17617e+01             
       O -7.68704e+01 -1.55569e+01  5.09875e+01             
       H -7.63993e+01 -1.61728e+01  5.15783e+01             
       H -7.60349e+01 -1.53098e+01  3.81086e+01             
       O -7.44271e+01 -2.23303e+01  3.60483e+01             
       H -7.39635e+01 -2.30798e+01  3.56043e+01             
       H -8.65293e+01 -2.14525e+01  3.57074e+01             
       O -6.82541e+01 -2.20654e+01  3.48333e+01             
       H -6.72250e+01 -2.18962e+01  3.47963e+01             
       H -6.82550e+01 -2.30049e+01  3.51409e+01             
       O -7.26423e+01 -2.72690e+01  4.56295e+01             
       H -7.16993e+01 -2.72303e+01  4.53383e+01             
       H -7.28001e+01 -2.64622e+01  5.86289e+01             
       O -7.56891e+01 -1.58036e+01  4.61891e+01             
       H -8.16638e+01 -1.39747e+01  5.48659e+01             
       H -7.49026e+01 -1.61393e+01  4.65991e+01             
       O -7.47287e+01 -2.70778e+01  6.21301e+01             
       H -7.39966e+01 -2.74831e+01  6.15889e+01             
       H -7.43361e+01 -2.64713e+01  6.27827e+01             
       O -6.38372e+01 -1.97044e+01  4.60599e+01             
       H -6.34823e+01 -1.94448e+01  4.51352e+01             
       H -6.30884e+01 -2.00646e+01  4.65784e+01             
       O -6.79038e+01 -3.54958e+01  5.25017e+01             
       H -6.72838e+01 -3.52098e+01  5.32359e+01             
       H -6.73099e+01 -3.58388e+01  5.17781e+01             
       O -7.62355e+01 -3.53620e+00  6.84805e+01             
       H -7.54330e+01 -3.22068e+00  6.79594e+01             
       H -7.60518e+01 -3.26246e+00  6.94796e+01             
       O -7.39714e+01  5.15468e+00  7.24161e+01             
       H -7.41777e+01  5.86208e+00  7.31240e+01             
       H -7.30700e+01  5.34623e+00  7.20254e+01             
       O -7.56447e+01 -3.01027e+01  6.50719e+01             
       H -8.29852e+01 -2.27309e+01  5.09693e+01             
       H -7.49866e+01 -3.03402e+01  6.43616e+01             
       O -7.71803e+01 -2.23804e+01  6.14532e+01             
       H -7.56890e+01 -1.48789e+01  4.65724e+01             
       H -7.71773e+01 -2.16150e+01  6.21027e+01             
       O -6.51020e+01 -2.02397e+01  5.06944e+01             
       H -8.72903e+01 -9.87121e+00  5.18968e+01             
       H -6.49470e+01 -1.92658e+01  5.03095e+01             
       O -7.26398e+01 -3.10570e+01  5.51697e+01             
       H -8.45179e+01 -3.17318e+01  6.70362e+01             
       H -6.99627e+01 -1.18005e+01  6.86643e+01             
       O -1.03402e+02 -1.96376e+01  6.80469e+01             
       H -1.03310e+02 -2.04039e+01  6.74786e+01             
       H -1.02465e+02 -1.94665e+01  6.81941e+01             
       O -7.14115e+01 -3.22026e+01  5.90132e+01             
       H -7.11486e+01 -3.15097e+01  5.83843e+01             
       H -7.34240e+01 -1.55224e+01  6.64342e+01             
       O -8.22637e+01 -1.46276e+01  5.43909e+01             
       H -8.15756e+01 -1.50544e+01  5.38085e+01             
       H -9.05083e+01 -2.34344e+01  3.74556e+01             
       O -9.30679e+01 -2.52754e+01  5.53798e+01             
       H -9.24406e+01 -2.46978e+01  5.48511e+01             
       H -9.24271e+01 -2.57567e+01  5.59133e+01             
       O -7.23010e+01 -2.70329e+01  5.29003e+01             
       H -7.15344e+01 -2.65985e+01  5.33635e+01             
       H -7.18134e+01 -2.76451e+01  5.23062e+01             
       O -5.82607e+01 -3.06412e+01  5.69317e+01             
       H -5.80124e+01 -1.72672e+01  5.70244e+01             
       H -5.74571e+01 -3.10926e+01  5.67187e+01             
       O -7.36894e+01 -1.26678e+01  6.35307e+01             
       H -6.07742e+01 -1.29435e+01  6.43536e+01             
       H -7.30673e+01 -1.22784e+01  6.28206e+01             
       O -7.03697e+01 -4.16772e+00  6.11716e+01             
       H -7.66302e+01 -3.16774e+01  5.33976e+01             
       H -8.16662e+01 -3.13799e+00  5.73703e+01             
       O -8.05810e+01 -1.78793e+01  5.96858e+01             
       H -7.97018e+01 -1.76060e+01  5.96817e+01             
       H -8.06021e+01 -1.84621e+01  6.04628e+01             
       O -8.48487e+01 -1.11439e+01  4.17033e+01             
       H -8.43053e+01 -2.33960e+01  4.25473e+01             
       H -8.40998e+01 -1.12996e+01  4.11082e+01             
       O -8.83821e+01 -2.58408e+01  5.99330e+01             
       H -8.82800e+01 -2.60894e+01  6.08968e+01             
       H -8.76159e+01 -2.51985e+01  5.97820e+01             
       O -8.27575e+01 -2.40463e+01  6.47661e+01             
       H -8.26903e+01 -2.49751e+01  6.45076e+01             
       H -8.17947e+01 -2.38112e+01  6.49569e+01             
       O -9.33387e+01 -2.72951e+01  5.21108e+01             
       H -9.24955e+01 -2.67488e+01  6.45091e+01             
       H -8.44236e+01 -4.31731e+01  4.34985e+01             
       O -6.99074e+01 -2.61832e+01  7.43931e+01             
       H -6.94101e+01 -2.61958e+01  7.52178e+01             
       H -6.91659e+01 -2.58133e+01  7.38318e+01             
       O -7.35044e+01 -2.47793e+01  5.94597e+01             
       H -7.27524e+01 -2.47331e+01  6.00968e+01             
       H -7.32866e+01 -2.41168e+01  5.87534e+01             
       O -9.91384e+01 -2.55900e+01  6.79475e+01             
       H -9.84914e+01 -2.52073e+01  6.73257e+01             
       H -9.85839e+01 -2.62514e+01  6.83993e+01             
       O -7.19544e+01 -2.43485e+01  6.15547e+01             
       H -7.16431e+01 -2.34582e+01  6.18614e+01             
       H -7.13199e+01 -2.50639e+01  6.17438e+01             
       O -9.09727e+01 -1.60312e+01  2.99197e+01             
       H -9.09277e+01 -1.53533e+01  2.92596e+01             
       H -9.01106e+01 -1.59715e+01  3.03926e+01             
       O -7.86870e+01 -2.40507e+01  3.80745e+01             
       H -5.76730e+01 -1.56693e+01  4.86248e+01             
       H -7.81357e+01 -2.47887e+01  3.83726e+01             
       O -8.62790e+01 -2.06771e+01  6.35495e+01             
       H -8.60347e+01 -2.13048e+01  6.28314e+01             
       H -8.55958e+01 -2.06644e+01  6.41938e+01             
       O -8.64063e+01 -1.82065e+01  7.52772e+01             
       H -8.54521e+01 -1.79396e+01  7.55234e+01             
       H -8.63945e+01 -1.91436e+01  7.54234e+01             
