192                                                         
# CELL(abcABC):   12.41850    12.41850    12.41850    90.00000    90.00000    90.00000  Step:           0  Bead:       0 x_centroid{angstrom}  cell{angstrom}   
       O -7.54846e+01 -9.29928e+00  6.37208e+01             
       H -7.50322e+01 -1.00436e+01  6.32838e+01             
       H -7.47150e+01 -8.83030e+00  6.41482e+01             
       O -6.67704e+01 -6.87606e+00  6.34285e+01             
       H -6.34624e+01 -1.76507e+01  5.66546e+01             
       H -6.62217e+01 -7.25466e+00  6.41101e+01             
       O -6.85544e+01 -2.74802e+01  4.69472e+01             
       H -6.78564e+01 -1.55676e+01  4.73614e+01             
       H -6.81861e+01 -2.66462e+01  4.65509e+01             
       O -6.56862e+01 -2.46648e+01  5.19967e+01             
       H -6.56351e+01 -2.39744e+01  5.26586e+01             
       H -6.49342e+01 -2.52377e+01  5.20804e+01             
       O -5.41399e+01 -2.22602e+01  5.53594e+01             
       H -5.34148e+01 -2.21219e+01  5.59649e+01             
       H -5.36851e+01 -2.21632e+01  5.45171e+01             
       O -5.64665e+01 -1.65403e+01  6.58744e+01             
       H -5.58190e+01 -1.62836e+01  6.51756e+01             
       H -5.62323e+01 -1.74444e+01  6.60582e+01             
       O -6.88597e+01 -2.04988e+01  4.37690e+01             
       H -6.83957e+01 -1.96605e+01  4.36750e+01             
       H -5.60785e+01  1.02538e+00  5.29656e+01             
       O -5.39227e+01 -1.65680e+01  6.93367e+01             
       H -5.36964e+01 -1.59552e+01  6.85892e+01             
       H -5.29955e+01 -2.93293e+01  6.97062e+01             
       O -7.64030e+01 -1.10827e+01  4.63757e+01             
       H -7.55421e+01 -1.10086e+01  4.67874e+01             
       H -7.64329e+01 -1.19808e+01  4.60721e+01             
       O -6.74643e+01 -2.88528e+01  5.11532e+01             
       H -6.65631e+01 -2.90636e+01  5.12216e+01             
       H -6.75950e+01 -2.78957e+01  5.09872e+01             
       O -7.31273e+01 -7.88466e+00  5.99309e+01             
       H -7.24965e+01 -7.65781e+00  6.06474e+01             
       H -7.26216e+01 -7.65424e+00  5.91718e+01             
       O -7.02612e+01 -9.95744e+00  4.91286e+01             
       H -7.00075e+01 -1.00949e+01  4.81247e+01             
       H -5.58522e+01 -1.57113e+01  4.42488e+01             
       O -6.29402e+01 -3.13482e+01  4.76679e+01             
       H -6.32616e+01 -3.13841e+01  4.67249e+01             
       H -6.12141e+01 -2.83160e+01  5.88790e+01             
       O -7.64939e+01 -1.42635e+01  5.25190e+01             
       H -7.55460e+01 -1.39893e+01  5.24866e+01             
       H -7.66120e+01 -1.50534e+01  5.19656e+01             
       O -5.50884e+01 -2.50692e+01  5.88359e+01             
       H -5.43902e+01 -2.51592e+01  5.95386e+01             
       H -5.46343e+01 -2.49572e+01  5.79909e+01             
       O -6.76482e+01 -1.36739e+01  6.26201e+01             
       H -6.69903e+01 -1.31648e+01  6.31343e+01             
       H -6.71594e+01 -1.37963e+01  6.17578e+01             
       O -6.93529e+01 -1.03810e+01  4.65741e+01             
       H -6.88203e+01 -2.36246e+01  4.66937e+01             
       H -6.86100e+01 -9.76764e+00  4.63966e+01             
       O -6.79367e+01 -2.55808e+01  4.08916e+01             
       H -6.78477e+01 -2.55781e+01  4.18479e+01             
       H -6.70219e+01 -2.54560e+01  4.05256e+01             
       O -7.70480e+01 -9.88044e+00  5.35022e+01             
       H -7.64407e+01 -1.03072e+01  5.42032e+01             
       H -7.64701e+01 -9.69436e+00  5.27119e+01             
       O -7.14724e+01  5.20627e+00  4.51550e+01             
       H -4.58114e+01 -1.52521e+01  4.91892e+01             
       H -7.08524e+01  4.54089e+00  4.47938e+01             
       O -5.99184e+01 -1.24487e+01  5.95081e+01             
       H -6.40800e+01 -2.24288e+01  5.73117e+01             
       H -7.16826e+01 -1.26651e+01  6.01790e+01             
       O -6.54318e+01 -3.19620e+01  5.39369e+01             
       H -6.46069e+01 -3.14773e+01  5.40945e+01             
       H -6.52021e+01 -3.28792e+01  5.37881e+01             
       O -7.39964e+01 -2.02715e+01  5.63091e+01             
       H -7.34609e+01 -2.09225e+01  5.58140e+01             
       H -7.31973e+01 -1.97599e+01  5.66814e+01             
       O -6.02658e+01 -4.17964e+01  4.73141e+01             
       H -5.99216e+01 -4.13811e+01  4.81022e+01             
       H -5.94096e+01 -4.19239e+01  5.92489e+01             
       O -6.38976e+01 -4.01565e+00  4.84499e+01             
       H -6.31784e+01 -3.38036e+00  4.86248e+01             
       H -6.34529e+01 -4.77941e+00  4.80185e+01             
       O -6.18853e+01 -2.40056e+01  6.24081e+01             
       H -6.10090e+01 -2.41050e+01  6.27599e+01             
       H -6.17928e+01 -2.37042e+01  6.15009e+01             
       O -6.67953e+01 -2.49685e+01  6.83217e+01             
       H -6.66995e+01 -2.40351e+01  6.80867e+01             
       H -6.59111e+01 -2.54733e+01  6.82184e+01             
       O -8.17760e+01 -1.85880e+01  4.98536e+01             
       H -8.11338e+01 -1.88700e+01  4.91394e+01             
       H -8.11204e+01 -1.83785e+01  5.04948e+01             
       O -5.84750e+01 -6.76963e-01  6.53650e+01             
       H -5.75396e+01 -5.15100e-01  6.53908e+01             
       H -5.85247e+01 -1.55068e+00  6.49377e+01             
       O -6.33526e+01 -1.32402e+01  4.49339e+01             
       H -6.25686e+01 -1.37835e+01  4.52478e+01             
       H -6.30995e+01 -1.26160e+01  3.18264e+01             
       O -6.18872e+01 -1.75354e+01  2.72021e+01             
       H -6.14433e+01 -1.83429e+01  2.74300e+01             
       H -7.37526e+01 -1.68893e+01  2.67618e+01             
       O -5.19980e+01 -1.67044e+01  2.62460e+01             
       H -5.18729e+01 -1.67616e+01  2.52809e+01             
       H -5.12271e+01 -1.72060e+01  2.65457e+01             
       O -5.93515e+01 -2.40683e+01  3.81622e+01             
       H -5.89470e+01 -2.35067e+01  3.75218e+01             
       H -5.87298e+01 -2.43193e+01  5.12402e+01             
       O -6.14461e+01 -1.30856e+01  4.09102e+01             
       H -6.51348e+01 -9.44735e+00  4.87156e+01             
       H -6.11426e+01 -1.38992e+01  4.13252e+01             
       O -6.27592e+01 -2.36497e+01  5.50877e+01             
       H -6.26539e+01 -2.41955e+01  5.43328e+01             
       H -6.18564e+01 -2.32537e+01  5.51666e+01             
       O -5.25095e+01 -1.45644e+01  4.29642e+01             
       H -5.17323e+01 -1.44022e+01  4.35417e+01             
       H -5.22055e+01 -1.45242e+01  4.20738e+01             
       O -5.52954e+01 -3.14491e+01  4.75737e+01             
       H -5.48180e+01 -3.07063e+01  4.72223e+01             
       H -5.48078e+01 -3.21899e+01  4.71340e+01             
       O -6.26300e+01 -1.51960e+00  6.07184e+01             
       H -6.20663e+01 -1.51918e+00  5.99278e+01             
       H -6.21196e+01 -1.01650e+00  6.12993e+01             
       O -5.94206e+01  7.38861e+00  6.74261e+01             
       H -5.91760e+01  7.48162e+00  6.65134e+01             
       H -5.86241e+01  7.16149e+00  6.79007e+01             
       O -6.17665e+01 -2.78728e+01  5.81700e+01             
       H -6.81621e+01 -2.10559e+01  4.33980e+01             
       H -6.12373e+01 -2.78244e+01  5.73660e+01             
       O -6.37559e+01 -1.73157e+01  5.75431e+01             
       H -6.06401e+01 -1.27233e+01  4.05542e+01             
       H -6.32466e+01 -1.65508e+01  5.77671e+01             
       O -5.66443e+01 -1.55909e+01  4.37528e+01             
       H -7.09619e+01 -6.34855e+00  4.51232e+01             
       H -5.64308e+01 -1.57221e+01  4.28420e+01             
       O -5.88590e+01 -2.83140e+01  5.22511e+01             
       H -7.05066e+01 -2.86919e+01  6.50824e+01             
       H -5.37456e+01 -6.86512e+00  6.27351e+01             
       O -9.14360e+01 -1.62517e+01  6.08167e+01             
       H -9.04274e+01 -1.62414e+01  6.08964e+01             
       H -9.16828e+01 -1.67490e+01  6.15972e+01             
       O -5.86264e+01 -2.84714e+01  4.95654e+01             
       H -5.80238e+01 -2.92368e+01  4.95416e+01             
       H -5.95120e+01 -1.23841e+01  5.86211e+01             
       O -6.56808e+01 -1.01151e+01  4.82620e+01             
       H -6.51567e+01 -1.07546e+01  4.77107e+01             
       H -7.92618e+01 -1.89680e+01  2.98885e+01             
       O -7.68913e+01 -2.04418e+01  4.96140e+01             
       H -7.62892e+01 -1.97859e+01  4.93045e+01             
       H -7.63049e+01 -2.10073e+01  5.02355e+01             
       O -5.88792e+01 -2.36945e+01  4.48087e+01             
       H -5.83027e+01 -2.30178e+01  4.52560e+01             
       H -5.83366e+01 -2.44046e+01  4.43468e+01             
       O -4.52618e+01 -2.61831e+01  4.87015e+01             
       H -4.47640e+01 -1.31559e+01  4.92605e+01             
       H -4.45194e+01 -2.66060e+01  4.82035e+01             
       O -6.04025e+01 -1.01232e+01  5.54498e+01             
       H -4.74746e+01 -1.05736e+01  5.61893e+01             
       H -5.96027e+01 -9.70182e+00  5.49452e+01             
       O -5.64383e+01  1.82485e+00  5.26129e+01             
       H -6.19836e+01 -3.16823e+01  4.75590e+01             
       H -6.94319e+01  2.73013e+00  4.95940e+01             
       O -7.00734e+01 -1.73562e+01  4.56479e+01             
       H -6.92349e+01 -1.71773e+01  4.61070e+01             
       H -7.00540e+01 -1.67624e+01  4.49071e+01             
       O -7.15590e+01 -7.84215e+00  3.74739e+01             
       H -7.11269e+01 -2.10629e+01  3.71877e+01             
       H -7.09241e+01 -7.13945e+00  3.73476e+01             
       O -7.52986e+01 -1.83694e+01  5.50924e+01             
       H -7.47225e+01 -1.92111e+01  5.52979e+01             
       H -7.46988e+01 -1.78130e+01  5.45780e+01             
       O -6.66636e+01 -2.10401e+01  5.87327e+01             
       H -6.59422e+01 -2.10023e+01  5.80685e+01             
       H -6.63430e+01 -2.16672e+01  5.94371e+01             
       O -7.67330e+01 -2.16996e+01  4.42855e+01             
       H -7.60007e+01 -2.10646e+01  5.67692e+01             
       H -7.12851e+01 -4.07956e+01  3.89064e+01             
       O -5.53821e+01 -2.18895e+01  6.25507e+01             
       H -5.50376e+01 -2.10059e+01  6.27674e+01             
       H -5.47639e+01 -2.24892e+01  6.21526e+01             
       O -6.09133e+01 -2.06006e+01  5.21663e+01             
       H -6.01794e+01 -2.09275e+01  5.27448e+01             
       H -6.04602e+01 -2.04434e+01  5.13005e+01             
       O -8.63902e+01 -2.29216e+01  5.98741e+01             
       H -8.58978e+01 -2.21433e+01  5.99453e+01             
       H -8.57234e+01 -2.36772e+01  5.98043e+01             
       O -5.82649e+01 -2.13705e+01  5.40541e+01             
       H -5.75922e+01 -2.09904e+01  5.47147e+01             
       H -5.75313e+01 -2.19123e+01  5.35322e+01             
       O -7.80063e+01 -1.31304e+01  2.36057e+01             
       H -7.78535e+01 -1.24046e+01  2.41881e+01             
       H -7.72062e+01 -1.35909e+01  2.35632e+01             
       O -6.75112e+01 -1.84539e+01  3.04107e+01             
       H -4.34317e+01 -1.02638e+01  3.95711e+01             
       H -6.70414e+01 -1.79141e+01  3.10962e+01             
       O -7.08641e+01 -1.35397e+01  5.56574e+01             
       H -7.08151e+01 -1.33812e+01  5.46893e+01             
       H -7.01454e+01 -1.41120e+01  5.58955e+01             
       O -7.32597e+01 -1.49510e+01  6.78538e+01             
       H -7.24390e+01 -1.44875e+01  6.80339e+01             
       H -7.29855e+01 -1.59004e+01  6.78912e+01             
192                                                         
# CELL(abcABC):   12.41850    12.41850    12.41850    90.00000    90.00000    90.00000  Step:      200000  Bead:       0 x_centroid{angstrom}  cell{angstrom}   
       O -8.90823e+01 -1.33969e+01  6.76930e+01             
       H -8.88906e+01 -1.42103e+01  6.81928e+01             
       H -8.81545e+01 -1.30712e+01  6.76181e+01             
       O -8.04683e+01 -1.21372e+01  7.19881e+01             
       H -7.72276e+01 -2.16763e+01  6.59027e+01             
       H -7.98749e+01 -1.27953e+01  7.24633e+01             
       O -8.24179e+01 -2.66751e+01  5.57553e+01             
       H -8.22110e+01 -1.52067e+01  5.56280e+01             
       H -8.18863e+01 -2.61156e+01  5.51243e+01             
       O -8.00861e+01 -3.01240e+01  6.01764e+01             
       H -7.93604e+01 -2.96379e+01  6.06165e+01             
       H -7.96675e+01 -3.04278e+01  5.92867e+01             
       O -6.86741e+01 -2.30089e+01  6.31845e+01             
       H -6.82654e+01 -2.24896e+01  6.24871e+01             
       H -6.79481e+01 -2.35365e+01  6.36301e+01             
       O -7.17601e+01 -2.09741e+01  7.28184e+01             
       H -7.13000e+01 -2.14823e+01  7.21381e+01             
       H -7.09467e+01 -2.07060e+01  7.32759e+01             
       O -8.27909e+01 -2.51449e+01  4.96421e+01             
       H -8.21919e+01 -2.44401e+01  4.98382e+01             
       H -7.05066e+01 -3.44675e+00  6.25394e+01             
       O -6.70899e+01 -1.98086e+01  7.76983e+01             
       H -6.66578e+01 -1.95860e+01  7.68313e+01             
       H -6.65821e+01 -3.29796e+01  7.80549e+01             
       O -9.07173e+01 -1.61137e+01  4.92745e+01             
       H -8.98105e+01 -1.58907e+01  4.92187e+01             
       H -9.07586e+01 -1.67482e+01  4.99967e+01             
       O -8.26962e+01 -3.48474e+01  5.85347e+01             
       H -8.18998e+01 -3.43755e+01  5.81646e+01             
       H -8.22979e+01 -3.55921e+01  5.89562e+01             
       O -8.66325e+01 -1.21754e+01  6.75552e+01             
       H -8.61563e+01 -1.17164e+01  6.82494e+01             
       H -8.58553e+01 -1.28057e+01  6.72624e+01             
       O -8.65260e+01 -1.61410e+01  5.43309e+01             
       H -8.61189e+01 -1.52451e+01  5.42012e+01             
       H -6.86237e+01 -2.00063e+01  5.47450e+01             
       O -7.89236e+01 -3.67056e+01  5.50681e+01             
       H -7.86979e+01 -3.57160e+01  5.49669e+01             
       H -7.67938e+01 -2.92266e+01  6.58510e+01             
       O -8.89366e+01 -1.94126e+01  5.97939e+01             
       H -8.87945e+01 -2.03285e+01  5.99254e+01             
       H -8.80839e+01 -1.90682e+01  5.94519e+01             
       O -6.74616e+01 -3.01435e+01  6.68925e+01             
       H -6.72844e+01 -3.09126e+01  6.63152e+01             
       H -6.67164e+01 -2.98518e+01  6.74280e+01             
       O -8.47787e+01 -1.39888e+01  6.67941e+01             
       H -8.43150e+01 -1.35703e+01  6.60377e+01             
       H -8.40131e+01 -1.40688e+01  6.74163e+01             
       O -8.44187e+01 -1.76152e+01  5.40034e+01             
       H -8.44475e+01 -3.02335e+01  5.29977e+01             
       H -8.36477e+01 -1.71236e+01  5.42812e+01             
       O -8.44099e+01 -2.96410e+01  4.54717e+01             
       H -8.35306e+01 -2.95814e+01  4.58993e+01             
       H -8.44138e+01 -2.90676e+01  4.47433e+01             
       O -9.22561e+01 -1.39878e+01  6.16654e+01             
       H -9.17245e+01 -1.47999e+01  6.16353e+01             
       H -9.16833e+01 -1.33061e+01  6.21205e+01             
       O -8.35496e+01  2.11724e+00  5.19930e+01             
       H -6.29527e+01 -2.02496e+01  5.59203e+01             
       H -8.27183e+01  2.45678e+00  5.15189e+01             
       O -7.41691e+01 -1.56562e+01  7.09631e+01             
       H -7.77428e+01 -2.49608e+01  6.35461e+01             
       H -8.58944e+01 -1.63593e+01  7.09785e+01             
       O -7.72753e+01 -3.40818e+01  6.17341e+01             
       H -7.64937e+01 -3.42636e+01  6.12068e+01             
       H -7.69526e+01 -3.38583e+01  6.26273e+01             
       O -8.90254e+01 -2.12982e+01  6.43261e+01             
       H -8.86373e+01 -2.04564e+01  6.45489e+01             
       H -8.82252e+01 -2.18562e+01  6.44511e+01             
       O -7.33887e+01 -4.48714e+01  5.50388e+01             
       H -7.29504e+01 -4.40113e+01  5.50838e+01             
       H -7.26722e+01 -4.55334e+01  6.74108e+01             
       O -7.83427e+01 -4.40464e+00  5.63389e+01             
       H -7.73423e+01 -4.36804e+00  5.61195e+01             
       H -7.83277e+01 -3.78145e+00  5.71594e+01             
       O -7.57486e+01 -2.84585e+01  6.85973e+01             
       H -7.51010e+01 -2.87074e+01  6.78261e+01             
       H -7.51968e+01 -2.84645e+01  6.93833e+01             
       O -8.16629e+01 -2.75404e+01  7.57831e+01             
       H -8.10903e+01 -2.79467e+01  7.64568e+01             
       H -8.10165e+01 -2.71972e+01  7.51500e+01             
       O -9.70891e+01 -2.30260e+01  5.69285e+01             
       H -9.67762e+01 -2.26836e+01  5.60021e+01             
       H -9.63475e+01 -2.27730e+01  5.74999e+01             
       O -7.37080e+01 -6.65467e+00  7.17191e+01             
       H -7.32723e+01 -6.13471e+00  7.10246e+01             
       H -7.30316e+01 -7.22647e+00  7.20737e+01             
       O -7.82601e+01 -1.85397e+01  5.08320e+01             
       H -7.77301e+01 -1.90264e+01  5.02043e+01             
       H -7.76603e+01 -1.83503e+01  3.91564e+01             
       O -7.62571e+01 -2.28244e+01  3.45035e+01             
       H -7.57647e+01 -2.35116e+01  3.50248e+01             
       H -8.79798e+01 -2.23964e+01  3.39806e+01             
       O -6.60778e+01 -2.35441e+01  3.31402e+01             
       H -6.58274e+01 -2.39481e+01  3.23519e+01             
       H -6.52547e+01 -2.32913e+01  3.36553e+01             
       O -7.31594e+01 -2.69127e+01  4.97331e+01             
       H -7.24316e+01 -2.76123e+01  4.97380e+01             
       H -7.31042e+01 -2.65923e+01  6.12064e+01             
       O -7.55227e+01 -1.56885e+01  5.00958e+01             
       H -7.94905e+01 -1.61450e+01  5.32959e+01             
       H -7.47491e+01 -1.50946e+01  4.97967e+01             
       O -7.66382e+01 -2.66194e+01  5.94267e+01             
       H -7.60783e+01 -2.60397e+01  6.00976e+01             
       H -7.59660e+01 -2.71722e+01  5.90100e+01             
       O -6.89890e+01 -1.98757e+01  4.85278e+01             
       H -6.84337e+01 -2.06693e+01  4.84763e+01             
       H -6.85264e+01 -1.90862e+01  4.82230e+01             
       O -6.78549e+01 -3.38109e+01  5.75801e+01             
       H -6.71566e+01 -3.44927e+01  5.75506e+01             
       H -6.74027e+01 -3.29528e+01  5.78780e+01             
       O -7.70403e+01 -1.98947e+00  6.42416e+01             
       H -7.64820e+01 -1.75927e+00  6.49868e+01             
       H -7.63715e+01 -2.44049e+00  6.36891e+01             
       O -7.43151e+01  3.58767e+00  7.42026e+01             
       H -7.33806e+01  3.38356e+00  7.39341e+01             
       H -7.43375e+01  3.59601e+00  7.51766e+01             
       O -7.67968e+01 -3.01560e+01  6.56386e+01             
       H -8.21495e+01 -2.58247e+01  4.92793e+01             
       H -7.58263e+01 -3.03549e+01  6.55289e+01             
       O -7.79023e+01 -2.18368e+01  6.66230e+01             
       H -7.52200e+01 -1.65644e+01  4.98167e+01             
       H -7.74935e+01 -2.14342e+01  6.74011e+01             
       O -6.91549e+01 -2.04224e+01  5.53948e+01             
       H -8.33541e+01 -1.12675e+01  5.21684e+01             
       H -6.86598e+01 -2.07584e+01  5.61278e+01             
       O -7.42557e+01 -3.39787e+01  5.80157e+01             
       H -8.62847e+01 -3.32382e+01  7.09515e+01             
       H -6.74397e+01 -1.18679e+01  7.12827e+01             
       O -1.03717e+02 -1.91066e+01  7.05562e+01             
       H -1.03239e+02 -1.84860e+01  6.99616e+01             
       H -1.03064e+02 -1.92778e+01  7.12402e+01             
       O -7.61988e+01 -3.29920e+01  5.63159e+01             
       H -7.58184e+01 -3.36488e+01  5.69285e+01             
       H -7.35953e+01 -1.48251e+01  7.11751e+01             
       O -7.96561e+01 -1.53334e+01  5.28618e+01             
       H -7.87572e+01 -1.50825e+01  5.24675e+01             
       H -9.13191e+01 -2.18601e+01  3.63078e+01             
       O -9.13437e+01 -2.74072e+01  5.80989e+01             
       H -9.04593e+01 -2.70760e+01  5.84926e+01             
       H -9.16262e+01 -2.67166e+01  5.75270e+01             
       O -7.22210e+01 -3.08343e+01  5.13885e+01             
       H -7.13636e+01 -3.13854e+01  5.14909e+01             
       H -7.20431e+01 -3.02659e+01  5.05937e+01             
       O -5.74388e+01 -2.94234e+01  5.53663e+01             
       H -5.74362e+01 -1.78634e+01  5.58743e+01             
       H -5.64629e+01 -2.96021e+01  5.50365e+01             
       O -7.47031e+01 -1.06365e+01  6.51141e+01             
       H -6.20886e+01 -1.11072e+01  6.59842e+01             
       H -7.40895e+01 -1.10025e+01  6.44448e+01             
       O -7.12434e+01 -3.79054e+00  6.19567e+01             
       H -7.80914e+01 -3.72154e+01  5.49934e+01             
       H -8.56972e+01 -4.36574e+00  5.42270e+01             
       O -8.38274e+01 -2.17466e+01  5.47225e+01             
       H -8.38050e+01 -2.21242e+01  5.37718e+01             
       H -8.29895e+01 -2.11882e+01  5.48649e+01             
       O -8.50080e+01 -1.34540e+01  4.66448e+01             
       H -8.39898e+01 -2.60911e+01  4.65394e+01             
       H -8.52114e+01 -1.26045e+01  4.62577e+01             
       O -8.77643e+01 -1.86104e+01  6.21740e+01             
       H -8.71318e+01 -1.94087e+01  6.21253e+01             
       H -8.82952e+01 -1.87219e+01  6.13450e+01             
       O -8.30974e+01 -2.53696e+01  6.48710e+01             
       H -8.21722e+01 -2.53318e+01  6.52187e+01             
       H -8.28999e+01 -2.58356e+01  6.40071e+01             
       O -9.07003e+01 -2.44568e+01  5.04354e+01             
       H -9.02795e+01 -2.35714e+01  6.25947e+01             
       H -8.58922e+01 -4.68446e+01  4.51622e+01             
       O -6.99266e+01 -2.63272e+01  7.09929e+01             
       H -6.93488e+01 -2.56570e+01  7.14638e+01             
       H -6.97743e+01 -2.62720e+01  7.00330e+01             
       O -7.47722e+01 -2.45922e+01  6.07498e+01             
       H -7.43769e+01 -2.42914e+01  6.16107e+01             
       H -7.39005e+01 -2.48055e+01  6.02870e+01             
       O -1.05676e+02 -2.55148e+01  6.61652e+01             
       H -1.05198e+02 -2.62958e+01  6.59341e+01             
       H -1.04938e+02 -2.49249e+01  6.65705e+01             
       O -7.31719e+01 -2.42440e+01  6.27844e+01             
       H -7.22968e+01 -2.37502e+01  6.28591e+01             
       H -7.28838e+01 -2.51821e+01  6.28775e+01             
       O -9.48376e+01 -1.64813e+01  3.48035e+01             
       H -9.38675e+01 -1.67678e+01  3.50040e+01             
       H -9.47486e+01 -1.56670e+01  3.42906e+01             
       O -7.98365e+01 -2.20898e+01  3.60601e+01             
       H -5.83404e+01 -1.63123e+01  4.86190e+01             
       H -7.97959e+01 -2.28119e+01  3.54106e+01             
       O -8.22076e+01 -1.98742e+01  6.38037e+01             
       H -8.18152e+01 -1.98730e+01  6.29237e+01             
       H -8.14942e+01 -1.97651e+01  6.44851e+01             
       O -8.70568e+01 -1.94156e+01  7.75425e+01             
       H -8.64063e+01 -1.89657e+01  7.69842e+01             
       H -8.65321e+01 -1.95758e+01  7.83347e+01             
