192                                                         
# CELL(abcABC):   12.41850    12.41850    12.41850    90.00000    90.00000    90.00000  Step:           0  Bead:       0 x_centroid{angstrom}  cell{angstrom}   
       O -7.53503e+01 -9.40077e+00  6.38022e+01             
       H -7.49531e+01 -1.02642e+01  6.34914e+01             
       H -7.45761e+01 -8.98523e+00  6.41957e+01             
       O -6.67438e+01 -6.92952e+00  6.37830e+01             
       H -6.37383e+01 -1.77138e+01  5.66752e+01             
       H -6.64105e+01 -6.82751e+00  6.46861e+01             
       O -6.83280e+01 -2.75614e+01  4.65814e+01             
       H -6.77782e+01 -1.57376e+01  4.71403e+01             
       H -6.76574e+01 -2.70272e+01  4.61207e+01             
       O -6.59046e+01 -2.49587e+01  5.23042e+01             
       H -6.55526e+01 -2.40438e+01  5.24019e+01             
       H -6.50845e+01 -2.54819e+01  5.24360e+01             
       O -5.39238e+01 -2.19554e+01  5.54714e+01             
       H -5.32560e+01 -2.14989e+01  5.60244e+01             
       H -5.34690e+01 -2.23282e+01  5.47397e+01             
       O -5.65514e+01 -1.67744e+01  6.59230e+01             
       H -5.60999e+01 -1.65307e+01  6.50804e+01             
       H -5.61111e+01 -1.75870e+01  6.62749e+01             
       O -6.89375e+01 -2.07535e+01  4.35584e+01             
       H -6.84743e+01 -1.99246e+01  4.34747e+01             
       H -5.58176e+01  1.30235e+00  5.29324e+01             
       O -5.38449e+01 -1.60398e+01  6.89319e+01             
       H -5.31841e+01 -1.53716e+01  6.86523e+01             
       H -5.33174e+01 -2.89099e+01  6.96053e+01             
       O -7.62379e+01 -1.07847e+01  4.62906e+01             
       H -7.54496e+01 -1.07188e+01  4.68552e+01             
       H -7.60766e+01 -1.16861e+01  4.59281e+01             
       O -6.70718e+01 -2.84933e+01  5.14132e+01             
       H -6.62223e+01 -2.88638e+01  5.14906e+01             
       H -6.70005e+01 -2.75258e+01  5.11785e+01             
       O -7.28228e+01 -7.84672e+00  5.97748e+01             
       H -7.25074e+01 -7.72308e+00  6.07088e+01             
       H -7.21251e+01 -7.61692e+00  5.91341e+01             
       O -7.00238e+01 -1.00263e+01  4.93156e+01             
       H -6.99651e+01 -9.96234e+00  4.83149e+01             
       H -5.55054e+01 -1.56047e+01  4.37710e+01             
       O -6.31024e+01 -3.15838e+01  4.73495e+01             
       H -6.33952e+01 -3.12437e+01  4.65118e+01             
       H -6.11944e+01 -2.83488e+01  5.87745e+01             
       O -7.62141e+01 -1.41521e+01  5.29427e+01             
       H -7.52653e+01 -1.39534e+01  5.31251e+01             
       H -7.62792e+01 -1.49888e+01  5.24256e+01             
       O -5.49702e+01 -2.49110e+01  5.88765e+01             
       H -5.41866e+01 -2.49904e+01  5.94852e+01             
       H -5.46111e+01 -2.48490e+01  5.79685e+01             
       O -6.73556e+01 -1.35047e+01  6.25216e+01             
       H -6.66343e+01 -1.30578e+01  6.30167e+01             
       H -6.69556e+01 -1.36807e+01  6.16478e+01             
       O -6.91339e+01 -1.04109e+01  4.61483e+01             
       H -6.83596e+01 -2.34733e+01  4.62804e+01             
       H -6.87400e+01 -9.60223e+00  4.58583e+01             
       O -6.82407e+01 -2.53685e+01  4.14765e+01             
       H -6.78962e+01 -2.52015e+01  4.23439e+01             
       H -6.73709e+01 -2.54460e+01  4.10183e+01             
       O -7.69680e+01 -1.00915e+01  5.33481e+01             
       H -7.62751e+01 -1.04443e+01  5.39782e+01             
       H -7.64876e+01 -9.79078e+00  5.25400e+01             
       O -7.13542e+01  4.76197e+00  4.48799e+01             
       H -4.59136e+01 -1.53820e+01  4.91786e+01             
       H -7.06428e+01  4.18274e+00  4.46357e+01             
       O -6.01185e+01 -1.25258e+01  5.94578e+01             
       H -6.44574e+01 -2.17565e+01  5.76554e+01             
       H -7.17971e+01 -1.29142e+01  6.00280e+01             
       O -6.52677e+01 -3.18362e+01  5.36233e+01             
       H -6.44226e+01 -3.13676e+01  5.37410e+01             
       H -6.50889e+01 -3.28364e+01  5.36697e+01             
       O -7.42524e+01 -2.02598e+01  5.59675e+01             
       H -7.39849e+01 -2.10694e+01  5.55388e+01             
       H -7.36107e+01 -2.01546e+01  5.66630e+01             
       O -6.01797e+01 -4.18050e+01  4.72041e+01             
       H -5.98231e+01 -4.14335e+01  4.80094e+01             
       H -5.94237e+01 -4.17502e+01  5.90226e+01             
       O -6.38898e+01 -3.60680e+00  4.84693e+01             
       H -6.32423e+01 -2.93793e+00  4.82868e+01             
       H -6.35289e+01 -4.45119e+00  4.81038e+01             
       O -6.18633e+01 -2.42186e+01  6.24421e+01             
       H -6.08478e+01 -2.43865e+01  6.26793e+01             
       H -6.17213e+01 -2.35511e+01  6.17512e+01             
       O -6.66658e+01 -2.46449e+01  6.84631e+01             
       H -6.65134e+01 -2.36858e+01  6.84479e+01             
       H -6.58519e+01 -2.51476e+01  6.82006e+01             
       O -8.21292e+01 -1.85084e+01  5.01498e+01             
       H -8.16460e+01 -1.87912e+01  4.92998e+01             
       H -8.14816e+01 -1.86313e+01  5.08741e+01             
       O -5.81509e+01 -1.14181e+00  6.54400e+01             
       H -5.72242e+01 -9.46906e-01  6.56261e+01             
       H -5.81805e+01 -1.97645e+00  6.49576e+01             
       O -6.30910e+01 -1.29570e+01  4.49009e+01             
       H -6.25108e+01 -1.35545e+01  4.53640e+01             
       H -6.26494e+01 -1.23380e+01  3.18581e+01             
       O -6.16645e+01 -1.75424e+01  2.74540e+01             
       H -6.15095e+01 -1.84777e+01  2.73057e+01             
       H -7.32701e+01 -1.70825e+01  2.76796e+01             
       O -5.17835e+01 -1.66562e+01  2.62504e+01             
       H -5.15815e+01 -1.64396e+01  2.53045e+01             
       H -5.10175e+01 -1.71919e+01  2.65255e+01             
       O -5.93432e+01 -2.44257e+01  3.83249e+01             
       H -5.88154e+01 -2.37309e+01  3.79279e+01             
       H -5.88723e+01 -2.48030e+01  5.15238e+01             
       O -6.13510e+01 -1.36017e+01  4.11700e+01             
       H -6.51267e+01 -9.20448e+00  4.87897e+01             
       H -6.12139e+01 -1.42874e+01  4.18674e+01             
       O -6.27130e+01 -2.37958e+01  5.47655e+01             
       H -6.22971e+01 -2.45063e+01  5.42065e+01             
       H -6.20127e+01 -2.32048e+01  5.48478e+01             
       O -5.23026e+01 -1.39391e+01  4.30750e+01             
       H -5.15635e+01 -1.36843e+01  4.35822e+01             
       H -5.19973e+01 -1.39261e+01  4.21731e+01             
       O -5.57710e+01 -3.13865e+01  4.80402e+01             
       H -5.49951e+01 -3.08169e+01  4.79372e+01             
       H -5.56176e+01 -3.21175e+01  4.75011e+01             
       O -6.25866e+01 -1.18185e+00  6.05594e+01             
       H -6.18863e+01 -1.11628e+00  5.99281e+01             
       H -6.22485e+01 -6.91752e-01  6.13489e+01             
       O -5.95984e+01  6.97669e+00  6.68849e+01             
       H -5.86493e+01  6.71030e+00  6.68867e+01             
       H -6.00966e+01  6.34404e+00  6.74076e+01             
       O -6.17073e+01 -2.77330e+01  5.81942e+01             
       H -6.81607e+01 -2.13622e+01  4.35125e+01             
       H -6.13019e+01 -2.77069e+01  5.72698e+01             
       O -6.38505e+01 -1.73736e+01  5.75348e+01             
       H -6.04341e+01 -1.34792e+01  4.08232e+01             
       H -6.31541e+01 -1.67781e+01  5.77738e+01             
       O -5.64689e+01 -1.55823e+01  4.35538e+01             
       H -7.10033e+01 -6.73080e+00  4.49278e+01             
       H -5.65077e+01 -1.58332e+01  4.26190e+01             
       O -5.91857e+01 -2.84515e+01  5.22129e+01             
       H -7.08539e+01 -2.89271e+01  6.51087e+01             
       H -5.35539e+01 -6.88897e+00  6.32673e+01             
       O -9.13866e+01 -1.69137e+01  6.06412e+01             
       H -9.05272e+01 -1.64718e+01  6.05411e+01             
       H -9.15667e+01 -1.67552e+01  6.15738e+01             
       O -5.86411e+01 -2.86344e+01  4.96378e+01             
       H -5.79715e+01 -2.92725e+01  4.96237e+01             
       H -5.96159e+01 -1.23165e+01  5.86401e+01             
       O -6.55566e+01 -9.94696e+00  4.83448e+01             
       H -6.49655e+01 -1.04653e+01  4.77351e+01             
       H -7.89795e+01 -1.89195e+01  2.96422e+01             
       O -7.67925e+01 -1.98457e+01  4.96547e+01             
       H -7.66011e+01 -1.93799e+01  4.88263e+01             
       H -7.59014e+01 -2.00435e+01  4.99650e+01             
       O -5.88635e+01 -2.37557e+01  4.50031e+01             
       H -5.80618e+01 -2.33063e+01  4.54277e+01             
       H -5.85373e+01 -2.44308e+01  4.43773e+01             
       O -4.54465e+01 -2.61938e+01  4.82899e+01             
       H -4.48385e+01 -1.32683e+01  4.88619e+01             
       H -4.47485e+01 -2.65134e+01  4.76690e+01             
       O -6.04313e+01 -1.02133e+01  5.52353e+01             
       H -4.76357e+01 -1.05926e+01  5.60409e+01             
       H -5.96505e+01 -9.79933e+00  5.48021e+01             
       O -5.62966e+01  1.95468e+00  5.23852e+01             
       H -6.22661e+01 -3.21161e+01  4.73329e+01             
       H -6.91744e+01  2.61989e+00  4.96417e+01             
       O -7.04423e+01 -1.74559e+01  4.50986e+01             
       H -6.97295e+01 -1.74498e+01  4.57309e+01             
       H -7.00381e+01 -1.69316e+01  4.43933e+01             
       O -7.17448e+01 -7.94553e+00  3.75198e+01             
       H -7.11452e+01 -2.11268e+01  3.76492e+01             
       H -7.12213e+01 -7.15540e+00  3.76518e+01             
       O -7.53689e+01 -1.80495e+01  5.44270e+01             
       H -7.48431e+01 -1.86871e+01  5.50065e+01             
       H -7.48261e+01 -1.77164e+01  5.36721e+01             
       O -6.69425e+01 -2.12762e+01  5.84669e+01             
       H -6.63780e+01 -2.06858e+01  5.79771e+01             
       H -6.64525e+01 -2.16205e+01  5.92152e+01             
       O -7.69853e+01 -2.09646e+01  4.46505e+01             
       H -7.60586e+01 -2.05487e+01  5.70149e+01             
       H -7.14966e+01 -4.08888e+01  3.88081e+01             
       O -5.49570e+01 -2.18521e+01  6.26683e+01             
       H -5.45143e+01 -2.10217e+01  6.29299e+01             
       H -5.44641e+01 -2.23942e+01  6.20693e+01             
       O -6.08442e+01 -2.01516e+01  5.23407e+01             
       H -6.05124e+01 -2.01917e+01  5.32585e+01             
       H -6.01023e+01 -2.04326e+01  5.17767e+01             
       O -8.62601e+01 -2.28520e+01  6.02056e+01             
       H -8.57771e+01 -2.20346e+01  6.01049e+01             
       H -8.56178e+01 -2.35711e+01  5.99364e+01             
       O -5.82324e+01 -2.18377e+01  5.38537e+01             
       H -5.77621e+01 -2.13726e+01  5.45809e+01             
       H -5.75167e+01 -2.20558e+01  5.31692e+01             
       O -7.77480e+01 -1.29029e+01  2.35099e+01             
       H -7.76393e+01 -1.20419e+01  2.39521e+01             
       H -7.68404e+01 -1.31475e+01  2.32640e+01             
       O -6.73614e+01 -1.85934e+01  3.01374e+01             
       H -4.33784e+01 -1.02036e+01  3.92124e+01             
       H -6.70138e+01 -1.78693e+01  3.06574e+01             
       O -7.07952e+01 -1.37353e+01  5.58799e+01             
       H -7.06080e+01 -1.36288e+01  5.49735e+01             
       H -6.99920e+01 -1.42404e+01  5.62412e+01             
       O -7.30253e+01 -1.50715e+01  6.81029e+01             
       H -7.21326e+01 -1.45643e+01  6.82770e+01             
       H -7.26534e+01 -1.59396e+01  6.78392e+01             
192                                                         
# CELL(abcABC):   12.41850    12.41850    12.41850    90.00000    90.00000    90.00000  Step:      200000  Bead:       0 x_centroid{angstrom}  cell{angstrom}   
       O -9.04051e+01 -1.28102e+01  7.31486e+01             
       H -8.95649e+01 -1.29164e+01  7.26437e+01             
       H -9.03125e+01 -1.21702e+01  7.38669e+01             
       O -8.29582e+01 -1.21442e+01  7.12311e+01             
       H -7.88293e+01 -2.26330e+01  6.46040e+01             
       H -8.22372e+01 -1.20580e+01  7.19448e+01             
       O -8.58461e+01 -3.12703e+01  5.78000e+01             
       H -8.48815e+01 -1.90353e+01  5.75929e+01             
       H -8.58304e+01 -3.04191e+01  5.83479e+01             
       O -8.13794e+01 -2.83949e+01  5.90901e+01             
       H -8.08843e+01 -2.77302e+01  5.95624e+01             
       H -8.06877e+01 -2.90199e+01  5.88117e+01             
       O -6.95020e+01 -2.47991e+01  6.29054e+01             
       H -6.88797e+01 -2.50741e+01  6.36677e+01             
       H -6.89378e+01 -2.47999e+01  6.20514e+01             
       O -7.31617e+01 -2.22731e+01  7.39921e+01             
       H -7.27458e+01 -2.18479e+01  7.32145e+01             
       H -7.23738e+01 -2.23272e+01  7.45976e+01             
       O -8.25136e+01 -2.40487e+01  5.44248e+01             
       H -8.21091e+01 -2.41425e+01  5.35607e+01             
       H -7.10940e+01 -2.47638e+00  6.21586e+01             
       O -6.93492e+01 -2.08162e+01  7.69759e+01             
       H -6.89484e+01 -2.02658e+01  7.62809e+01             
       H -6.85953e+01 -3.37591e+01  7.73170e+01             
       O -9.15867e+01 -1.44196e+01  5.65350e+01             
       H -9.10694e+01 -1.47691e+01  5.72335e+01             
       H -9.10721e+01 -1.44121e+01  5.57451e+01             
       O -8.13940e+01 -3.25520e+01  6.06566e+01             
       H -8.10215e+01 -3.20877e+01  5.99172e+01             
       H -8.07271e+01 -3.31800e+01  6.09346e+01             
       O -8.83891e+01 -1.21770e+01  6.70018e+01             
       H -8.78768e+01 -1.25342e+01  6.77443e+01             
       H -8.76961e+01 -1.19761e+01  6.63374e+01             
       O -8.55186e+01 -1.52515e+01  5.61892e+01             
       H -8.48783e+01 -1.49556e+01  5.54486e+01             
       H -7.05479e+01 -1.80548e+01  5.33342e+01             
       O -7.74807e+01 -3.47519e+01  5.49418e+01             
       H -7.70839e+01 -3.56692e+01  5.49267e+01             
       H -7.75982e+01 -3.03383e+01  6.51916e+01             
       O -9.05103e+01 -1.73603e+01  6.10016e+01             
       H -9.01674e+01 -1.82922e+01  6.12128e+01             
       H -8.97033e+01 -1.68473e+01  6.06369e+01             
       O -6.96742e+01 -2.90891e+01  6.62034e+01             
       H -6.89997e+01 -2.93097e+01  6.69126e+01             
       H -6.91470e+01 -2.86523e+01  6.54882e+01             
       O -8.31164e+01 -1.83504e+01  7.04654e+01             
       H -8.27148e+01 -1.76157e+01  6.99467e+01             
       H -8.25042e+01 -1.91506e+01  7.02328e+01             
       O -8.36199e+01 -1.44653e+01  5.46302e+01             
       H -8.29781e+01 -2.75229e+01  5.42595e+01             
       H -8.32309e+01 -1.35975e+01  5.46967e+01             
       O -8.22595e+01 -2.90641e+01  4.93816e+01             
       H -8.14155e+01 -2.89597e+01  4.99021e+01             
       H -8.20201e+01 -2.89713e+01  4.84346e+01             
       O -9.19587e+01 -1.50366e+01  6.09311e+01             
       H -9.13105e+01 -1.58117e+01  6.12371e+01             
       H -9.15277e+01 -1.42183e+01  6.12620e+01             
       O -8.62182e+01  1.27477e+00  5.24316e+01             
       H -6.18525e+01 -2.01441e+01  5.85616e+01             
       H -8.60054e+01  2.77281e-01  5.23216e+01             
       O -7.50137e+01 -1.72175e+01  6.84110e+01             
       H -7.77702e+01 -2.44475e+01  6.35116e+01             
       H -8.69697e+01 -1.78988e+01  6.89619e+01             
       O -8.07182e+01 -3.67011e+01  6.02194e+01             
       H -8.03196e+01 -3.58889e+01  6.05979e+01             
       H -7.99538e+01 -3.72627e+01  6.00366e+01             
       O -8.58623e+01 -2.51061e+01  6.09237e+01             
       H -8.57477e+01 -2.42043e+01  6.12112e+01             
       H -8.51034e+01 -2.56016e+01  6.12478e+01             
       O -7.63518e+01 -4.16949e+01  5.33883e+01             
       H -7.59022e+01 -4.19326e+01  5.41780e+01             
       H -7.56854e+01 -4.17217e+01  6.50999e+01             
       O -7.93861e+01 -7.22216e+00  5.48278e+01             
       H -7.85829e+01 -7.45499e+00  5.54601e+01             
       H -7.89797e+01 -7.07461e+00  5.39395e+01             
       O -7.70105e+01 -2.88132e+01  6.99782e+01             
       H -7.62684e+01 -2.89042e+01  6.93196e+01             
       H -7.65794e+01 -2.85384e+01  7.07883e+01             
       O -8.04221e+01 -2.82321e+01  7.63291e+01             
       H -7.97066e+01 -2.76285e+01  7.59932e+01             
       H -8.00093e+01 -2.90727e+01  7.61512e+01             
       O -9.78129e+01 -2.34593e+01  5.78783e+01             
       H -9.71978e+01 -2.28895e+01  5.72632e+01             
       H -9.71644e+01 -2.39679e+01  5.83497e+01             
       O -7.15516e+01 -6.16662e+00  7.37999e+01             
       H -7.11473e+01 -5.40296e+00  7.42370e+01             
       H -7.08833e+01 -6.72522e+00  7.33973e+01             
       O -7.79535e+01 -1.38825e+01  5.11802e+01             
       H -7.71003e+01 -1.40485e+01  5.07266e+01             
       H -7.78023e+01 -1.41363e+01  3.97089e+01             
       O -7.70179e+01 -2.24841e+01  3.44814e+01             
       H -7.65269e+01 -2.34226e+01  3.43762e+01             
       H -8.87503e+01 -2.17983e+01  3.43459e+01             
       O -6.75518e+01 -1.83344e+01  3.41823e+01             
       H -6.68167e+01 -1.81990e+01  3.48277e+01             
       H -6.71570e+01 -1.86659e+01  3.33438e+01             
       O -7.31417e+01 -2.93985e+01  4.75228e+01             
       H -7.26025e+01 -3.00660e+01  4.80511e+01             
       H -7.24961e+01 -2.88213e+01  5.94324e+01             
       O -7.71501e+01 -1.97075e+01  4.89792e+01             
       H -8.05851e+01 -1.12949e+01  5.70934e+01             
       H -7.64939e+01 -1.95898e+01  4.97497e+01             
       O -7.56442e+01 -2.84409e+01  6.00671e+01             
       H -7.46943e+01 -2.87666e+01  5.99153e+01             
       H -7.55767e+01 -2.78014e+01  6.07673e+01             
       O -6.80684e+01 -1.87196e+01  5.09318e+01             
       H -6.72288e+01 -1.86842e+01  5.14341e+01             
       H -6.78825e+01 -1.86892e+01  5.00105e+01             
       O -7.12430e+01 -3.44390e+01  5.60446e+01             
       H -7.06273e+01 -3.37805e+01  5.64270e+01             
       H -7.06641e+01 -3.51479e+01  5.56560e+01             
       O -7.74001e+01 -6.77185e+00  6.95500e+01             
       H -7.73104e+01 -5.79431e+00  6.96211e+01             
       H -7.65380e+01 -7.07468e+00  6.92264e+01             
       O -7.53972e+01  2.40036e+00  7.56184e+01             
       H -7.49534e+01  2.32318e+00  7.47172e+01             
       H -7.48168e+01  1.84816e+00  7.61938e+01             
       O -7.81737e+01 -3.09917e+01  6.47392e+01             
       H -8.18385e+01 -2.44303e+01  5.50069e+01             
       H -7.75723e+01 -3.16647e+01  6.43554e+01             
       O -7.95420e+01 -2.23618e+01  6.52366e+01             
       H -7.66128e+01 -2.02906e+01  4.84561e+01             
       H -7.91147e+01 -2.22509e+01  6.60435e+01             
       O -7.10921e+01 -1.87989e+01  5.29534e+01             
       H -8.52920e+01 -1.06593e+01  5.23681e+01             
       H -7.04604e+01 -1.95936e+01  5.28621e+01             
       O -7.55834e+01 -3.34479e+01  5.58145e+01             
       H -8.77890e+01 -3.36400e+01  6.92076e+01             
       H -7.00283e+01 -1.23460e+01  7.04197e+01             
       O -1.06253e+02 -2.03913e+01  6.91281e+01             
       H -1.05835e+02 -2.01616e+01  6.82472e+01             
       H -1.05641e+02 -2.09161e+01  6.95829e+01             
       O -7.45257e+01 -3.34979e+01  5.87250e+01             
       H -7.37430e+01 -3.40676e+01  5.85146e+01             
       H -7.42747e+01 -1.66051e+01  6.82904e+01             
       O -8.09859e+01 -1.21385e+01  5.67247e+01             
       H -8.02957e+01 -1.27844e+01  5.66899e+01             
       H -9.53771e+01 -2.31908e+01  3.81687e+01             
       O -9.16274e+01 -2.24564e+01  5.71713e+01             
       H -9.12333e+01 -2.24227e+01  5.62641e+01             
       H -9.08940e+01 -2.25758e+01  5.77557e+01             
       O -7.43785e+01 -2.85919e+01  5.16690e+01             
       H -7.38174e+01 -2.78838e+01  5.20677e+01             
       H -7.37906e+01 -2.93931e+01  5.13680e+01             
       O -5.88889e+01 -3.36348e+01  5.94592e+01             
       H -5.81086e+01 -2.08679e+01  5.99127e+01             
       H -5.85707e+01 -3.44663e+01  5.90276e+01             
       O -7.53861e+01 -1.43746e+01  6.24172e+01             
       H -6.24687e+01 -1.50622e+01  6.30164e+01             
       H -7.47388e+01 -1.37680e+01  6.19670e+01             
       O -7.14927e+01 -1.62888e+00  6.23463e+01             
       H -7.66991e+01 -3.42195e+01  5.53680e+01             
       H -8.48680e+01 -3.15340e+00  5.68719e+01             
       O -8.56950e+01 -2.08351e+01  5.44464e+01             
       H -8.50118e+01 -2.12390e+01  5.49956e+01             
       H -8.52156e+01 -2.00487e+01  5.41251e+01             
       O -8.72197e+01 -1.30108e+01  4.44156e+01             
       H -8.67552e+01 -2.62909e+01  4.42702e+01             
       H -8.65741e+01 -1.22668e+01  4.46441e+01             
       O -9.16414e+01 -2.21402e+01  6.09612e+01             
       H -9.09338e+01 -2.22489e+01  6.02564e+01             
       H -9.12287e+01 -2.23646e+01  6.17935e+01             
       O -8.02907e+01 -2.50810e+01  6.51240e+01             
       H -7.96004e+01 -2.43958e+01  6.50194e+01             
       H -7.99095e+01 -2.59574e+01  6.50961e+01             
       O -9.03637e+01 -2.34879e+01  5.08171e+01             
       H -8.94055e+01 -2.31207e+01  6.32252e+01             
       H -8.72348e+01 -4.57441e+01  4.27657e+01             
       O -7.15801e+01 -2.76500e+01  7.08649e+01             
       H -7.13772e+01 -2.66997e+01  7.09781e+01             
       H -7.06814e+01 -2.79813e+01  7.10414e+01             
       O -7.56994e+01 -2.47083e+01  5.93404e+01             
       H -7.48510e+01 -2.47764e+01  5.98463e+01             
       H -7.55697e+01 -2.51613e+01  5.84312e+01             
       O -1.02446e+02 -2.67173e+01  6.62207e+01             
       H -1.01998e+02 -2.59372e+01  6.66324e+01             
       H -1.01846e+02 -2.74905e+01  6.61780e+01             
       O -7.28801e+01 -2.63967e+01  6.48058e+01             
       H -7.22440e+01 -2.66704e+01  6.55152e+01             
       H -7.24003e+01 -2.65109e+01  6.39597e+01             
       O -9.29180e+01 -1.73135e+01  3.09284e+01             
       H -9.22909e+01 -1.66484e+01  3.12638e+01             
       H -9.23918e+01 -1.80874e+01  3.06864e+01             
       O -8.35590e+01 -2.25397e+01  3.85640e+01             
       H -5.82837e+01 -1.34808e+01  5.02532e+01             
       H -8.29408e+01 -2.18053e+01  3.88439e+01             
       O -8.54635e+01 -1.85575e+01  6.38164e+01             
       H -8.49925e+01 -1.88377e+01  6.30162e+01             
       H -8.47511e+01 -1.86140e+01  6.44782e+01             
       O -8.78598e+01 -1.97133e+01  7.58807e+01             
       H -8.69185e+01 -1.94460e+01  7.61897e+01             
       H -8.79075e+01 -2.07047e+01  7.59390e+01             
