192                                                         
# CELL(abcABC):   12.41850    12.41850    12.41850    90.00000    90.00000    90.00000  Step:           0  Bead:       0 x_centroid{angstrom}  cell{angstrom}   
       O -7.29619e+01 -8.49891e+00  6.15999e+01             
       H -7.25849e+01 -9.38146e+00  6.13778e+01             
       H -7.22140e+01 -8.03949e+00  6.20464e+01             
       O -6.41905e+01 -6.51199e+00  6.13841e+01             
       H -6.14880e+01 -1.67322e+01  5.51978e+01             
       H -6.38892e+01 -5.77017e+00  6.19597e+01             
       O -6.73533e+01 -2.59920e+01  4.68627e+01             
       H -6.65158e+01 -1.38217e+01  4.64438e+01             
       H -6.72703e+01 -2.50279e+01  4.69919e+01             
       O -6.42064e+01 -2.41365e+01  5.08291e+01             
       H -6.35103e+01 -2.34802e+01  5.08943e+01             
       H -6.36193e+01 -2.49589e+01  5.08743e+01             
       O -5.13037e+01 -1.98706e+01  5.33548e+01             
       H -5.06640e+01 -1.97285e+01  5.40761e+01             
       H -5.08131e+01 -1.98650e+01  5.25567e+01             
       O -5.44173e+01 -1.72091e+01  6.40238e+01             
       H -5.36497e+01 -1.70709e+01  6.34439e+01             
       H -5.41260e+01 -1.76893e+01  6.48147e+01             
       O -6.77952e+01 -2.00663e+01  4.24886e+01             
       H -6.70879e+01 -1.95241e+01  4.20845e+01             
       H -5.34572e+01  1.31122e+00  5.32697e+01             
       O -5.22577e+01 -1.62615e+01  6.78093e+01             
       H -5.21418e+01 -1.55107e+01  6.72183e+01             
       H -5.13750e+01 -2.88930e+01  6.79852e+01             
       O -7.37245e+01 -9.86439e+00  4.39095e+01             
       H -7.29167e+01 -1.00167e+01  4.44388e+01             
       H -7.38862e+01 -1.06018e+01  4.32773e+01             
       O -6.59569e+01 -2.65171e+01  5.03422e+01             
       H -6.60436e+01 -2.73721e+01  4.99698e+01             
       H -6.56856e+01 -2.59678e+01  4.95704e+01             
       O -7.11499e+01 -7.47117e+00  5.85381e+01             
       H -7.02378e+01 -7.28258e+00  5.82669e+01             
       H -7.11354e+01 -7.40792e+00  5.95001e+01             
       O -6.74766e+01 -1.07499e+01  4.75704e+01             
       H -6.72830e+01 -1.00432e+01  4.69388e+01             
       H -5.32126e+01 -1.33818e+01  4.34781e+01             
       O -6.10209e+01 -2.96526e+01  4.57480e+01             
       H -6.10622e+01 -2.91770e+01  4.49163e+01             
       H -5.98804e+01 -2.61795e+01  5.61568e+01             
       O -7.23635e+01 -1.41788e+01  5.02470e+01             
       H -7.18696e+01 -1.34312e+01  5.05986e+01             
       H -7.20549e+01 -1.49038e+01  5.07908e+01             
       O -5.15391e+01 -2.58860e+01  5.65902e+01             
       H -5.13229e+01 -2.53976e+01  5.73876e+01             
       H -5.08399e+01 -2.58323e+01  5.59558e+01             
       O -6.54100e+01 -1.19473e+01  6.09679e+01             
       H -6.49983e+01 -1.16906e+01  6.18489e+01             
       H -6.47146e+01 -1.19725e+01  6.02887e+01             
       O -6.67209e+01 -1.01322e+01  4.40477e+01             
       H -6.62064e+01 -2.31566e+01  4.34670e+01             
       H -6.60851e+01 -9.77242e+00  4.46819e+01             
       O -6.48189e+01 -2.65720e+01  4.07743e+01             
       H -6.41036e+01 -2.59747e+01  4.05977e+01             
       H -6.51629e+01 -2.67681e+01  3.98774e+01             
       O -7.48372e+01 -9.52685e+00  5.13726e+01             
       H -7.40237e+01 -9.71530e+00  5.18516e+01             
       H -7.46771e+01 -8.81395e+00  5.07354e+01             
       O -6.82778e+01  5.36107e+00  4.53703e+01             
       H -4.53272e+01 -1.77892e+01  4.82855e+01             
       H -6.80034e+01  5.01054e+00  4.45087e+01             
       O -5.95878e+01 -1.38908e+01  5.78560e+01             
       H -6.16468e+01 -2.07407e+01  5.58447e+01             
       H -7.15924e+01 -1.47497e+01  5.79673e+01             
       O -6.14328e+01 -3.11483e+01  5.17407e+01             
       H -6.17130e+01 -3.03761e+01  5.12183e+01             
       H -6.05872e+01 -3.13336e+01  5.14075e+01             
       O -7.07480e+01 -1.90411e+01  5.54833e+01             
       H -6.98445e+01 -1.94414e+01  5.52007e+01             
       H -7.05277e+01 -1.82476e+01  5.59404e+01             
       O -5.89459e+01 -4.09492e+01  5.19762e+01             
       H -5.91183e+01 -4.18856e+01  5.19079e+01             
       H -5.80799e+01 -4.09259e+01  6.39966e+01             
       O -6.30657e+01 -3.59012e+00  4.73750e+01             
       H -6.25411e+01 -4.22731e+00  4.68410e+01             
       H -6.24811e+01 -2.80147e+00  4.75514e+01             
       O -5.90819e+01 -2.35792e+01  6.04943e+01             
       H -5.82723e+01 -2.31266e+01  6.08311e+01             
       H -5.91863e+01 -2.34455e+01  5.95677e+01             
       O -6.40900e+01 -2.28626e+01  6.65943e+01             
       H -6.37888e+01 -2.20249e+01  6.62229e+01             
       H -6.34209e+01 -2.35228e+01  6.64922e+01             
       O -8.04255e+01 -1.96791e+01  4.99741e+01             
       H -7.96378e+01 -2.01816e+01  4.96331e+01             
       H -8.00293e+01 -1.88366e+01  5.02682e+01             
       O -5.62999e+01 -6.21081e-01  6.50159e+01             
       H -5.54941e+01 -5.41999e-02  6.49955e+01             
       H -5.62580e+01 -1.41600e+00  6.44278e+01             
       O -6.17879e+01 -1.23024e+01  4.16890e+01             
       H -6.12151e+01 -1.28152e+01  4.23021e+01             
       H -6.10373e+01 -1.17430e+01  2.88444e+01             
       O -5.78366e+01 -1.48811e+01  2.93294e+01             
       H -5.79328e+01 -1.53361e+01  2.85022e+01             
       H -6.96689e+01 -1.41573e+01  2.90974e+01             
       O -5.07274e+01 -1.61540e+01  2.53647e+01             
       H -5.07762e+01 -1.59663e+01  2.44079e+01             
       H -5.04521e+01 -1.53313e+01  2.57388e+01             
       O -5.69878e+01 -2.26695e+01  3.69400e+01             
       H -5.62815e+01 -2.27121e+01  3.62868e+01             
       H -5.65724e+01 -2.23313e+01  5.01677e+01             
       O -5.84729e+01 -1.21785e+01  3.87451e+01             
       H -6.27190e+01 -8.64842e+00  4.63077e+01             
       H -5.77764e+01 -1.24300e+01  3.93818e+01             
       O -6.01593e+01 -2.31674e+01  5.26803e+01             
       H -5.97170e+01 -2.37966e+01  5.20964e+01             
       H -5.94205e+01 -2.26864e+01  5.31139e+01             
       O -4.98701e+01 -1.36461e+01  3.89796e+01             
       H -4.96312e+01 -1.36222e+01  3.99057e+01             
       H -4.89941e+01 -1.37730e+01  3.85093e+01             
       O -5.43348e+01 -2.95758e+01  4.87335e+01             
       H -5.35939e+01 -2.97627e+01  4.81178e+01             
       H -5.46853e+01 -2.87763e+01  4.83088e+01             
       O -6.14139e+01 -9.63246e-01  6.01864e+01             
       H -6.07179e+01 -1.19366e+00  5.95253e+01             
       H -6.07868e+01 -9.66345e-01  6.09219e+01             
       O -5.58323e+01  8.12980e+00  7.07867e+01             
       H -5.58017e+01  7.22531e+00  7.06579e+01             
       H -5.49491e+01  8.47545e+00  7.07396e+01             
       O -6.01089e+01 -2.61998e+01  5.52300e+01             
       H -6.74583e+01 -2.09967e+01  4.25743e+01             
       H -5.93526e+01 -2.66484e+01  5.48197e+01             
       O -6.19007e+01 -1.61993e+01  5.59111e+01             
       H -5.80954e+01 -1.14780e+01  3.82103e+01             
       H -6.14499e+01 -1.53505e+01  5.58627e+01             
       O -5.39463e+01 -1.32782e+01  4.28305e+01             
       H -6.78172e+01 -7.42894e+00  4.60942e+01             
       H -5.35660e+01 -1.36236e+01  4.20660e+01             
       O -5.64428e+01 -2.78901e+01  5.10489e+01             
       H -6.80902e+01 -2.84587e+01  6.35541e+01             
       H -5.10679e+01 -6.55120e+00  6.06658e+01             
       O -9.05735e+01 -1.55931e+01  5.78879e+01             
       H -9.04531e+01 -1.56264e+01  5.69416e+01             
       H -8.96805e+01 -1.57947e+01  5.83020e+01             
       O -5.78567e+01 -3.10410e+01  4.88008e+01             
       H -5.69388e+01 -3.14254e+01  4.88486e+01             
       H -5.89223e+01 -1.32328e+01  5.80829e+01             
       O -6.31083e+01 -9.31660e+00  4.57402e+01             
       H -6.24293e+01 -9.57178e+00  4.50726e+01             
       H -7.74745e+01 -1.89574e+01  2.87183e+01             
       O -7.45168e+01 -1.94852e+01  4.73093e+01             
       H -7.39764e+01 -1.90438e+01  4.65848e+01             
       H -7.38487e+01 -2.00132e+01  4.78484e+01             
       O -5.69872e+01 -2.33364e+01  4.43531e+01             
       H -5.60174e+01 -2.31253e+01  4.43307e+01             
       H -5.68449e+01 -2.43192e+01  4.44413e+01             
       O -4.46858e+01 -2.59105e+01  4.88604e+01             
       H -4.50529e+01 -1.25869e+01  4.88548e+01             
       H -4.39108e+01 -2.58797e+01  4.83530e+01             
       O -5.80854e+01 -9.51250e+00  5.40987e+01             
       H -4.51729e+01 -9.85126e+00  5.48819e+01             
       H -5.73399e+01 -9.37437e+00  5.34623e+01             
       O -5.39302e+01  1.07806e+00  5.24416e+01             
       H -6.00801e+01 -2.98508e+01  4.60108e+01             
       H -6.66469e+01  1.30535e+00  4.80518e+01             
       O -7.07168e+01 -1.60843e+01  4.75010e+01             
       H -7.07033e+01 -1.51973e+01  4.78629e+01             
       H -6.99406e+01 -1.60086e+01  4.69055e+01             
       O -6.61333e+01 -8.54965e+00  3.41394e+01             
       H -6.56006e+01 -2.04134e+01  3.35559e+01             
       H -6.57958e+01 -8.48147e+00  3.50068e+01             
       O -7.31166e+01 -1.81887e+01  5.43915e+01             
       H -7.21552e+01 -1.84031e+01  5.43233e+01             
       H -7.33996e+01 -1.82802e+01  5.34370e+01             
       O -6.48456e+01 -1.98520e+01  5.67538e+01             
       H -6.51059e+01 -1.93179e+01  5.60108e+01             
       H -6.39305e+01 -2.00927e+01  5.65710e+01             
       O -7.46278e+01 -1.99485e+01  4.32510e+01             
       H -7.40414e+01 -1.91936e+01  5.54503e+01             
       H -6.88533e+01 -3.98441e+01  3.77887e+01             
       O -5.33563e+01 -2.11173e+01  6.20292e+01             
       H -5.27139e+01 -2.03848e+01  6.21749e+01             
       H -5.32697e+01 -2.16908e+01  6.27557e+01             
       O -5.87485e+01 -1.90215e+01  5.12105e+01             
       H -5.81120e+01 -1.92859e+01  5.18827e+01             
       H -5.82451e+01 -1.87559e+01  5.03879e+01             
       O -8.40897e+01 -2.24266e+01  5.78845e+01             
       H -8.39674e+01 -2.14954e+01  5.81221e+01             
       H -8.31934e+01 -2.27722e+01  5.74938e+01             
       O -5.60527e+01 -2.17329e+01  5.17140e+01             
       H -5.56445e+01 -2.08963e+01  5.14447e+01             
       H -5.52943e+01 -2.22920e+01  5.18539e+01             
       O -7.58074e+01 -1.20368e+01  2.17294e+01             
       H -7.55313e+01 -1.11163e+01  2.16226e+01             
       H -7.51451e+01 -1.24968e+01  2.22577e+01             
       O -6.58770e+01 -1.84370e+01  2.91110e+01             
       H -4.08002e+01 -1.14122e+01  3.93488e+01             
       H -6.54057e+01 -1.77854e+01  2.96796e+01             
       O -6.86950e+01 -1.33969e+01  5.65212e+01             
       H -6.84585e+01 -1.37419e+01  5.74157e+01             
       H -6.78587e+01 -1.33219e+01  5.59938e+01             
       O -7.05168e+01 -1.63386e+01  6.92099e+01             
       H -7.02987e+01 -1.58077e+01  6.83548e+01             
       H -6.96193e+01 -1.63618e+01  6.95807e+01             
192                                                         
# CELL(abcABC):   12.41850    12.41850    12.41850    90.00000    90.00000    90.00000  Step:      200000  Bead:       0 x_centroid{angstrom}  cell{angstrom}   
       O -8.19841e+01 -1.41205e+01  6.37918e+01             
       H -8.13937e+01 -1.44543e+01  6.30491e+01             
       H -8.15244e+01 -1.34027e+01  6.42875e+01             
       O -7.34254e+01 -6.53144e+00  7.13554e+01             
       H -7.58901e+01 -1.93769e+01  6.38611e+01             
       H -7.30428e+01 -5.94281e+00  7.20522e+01             
       O -7.92988e+01 -3.01086e+01  5.00071e+01             
       H -7.84977e+01 -1.74776e+01  5.05125e+01             
       H -7.89351e+01 -3.03723e+01  4.91457e+01             
       O -7.72128e+01 -2.63645e+01  5.52834e+01             
       H -7.68018e+01 -2.61690e+01  5.44117e+01             
       H -7.67208e+01 -2.58039e+01  5.60100e+01             
       O -6.34692e+01 -2.53933e+01  6.20808e+01             
       H -6.26542e+01 -2.53523e+01  6.15642e+01             
       H -6.31787e+01 -2.53573e+01  6.30111e+01             
       O -6.62307e+01 -2.21214e+01  6.93325e+01             
       H -6.58653e+01 -2.29372e+01  6.90577e+01             
       H -6.54693e+01 -2.14632e+01  6.94175e+01             
       O -8.10161e+01 -2.22089e+01  4.65545e+01             
       H -8.04381e+01 -2.25419e+01  4.58975e+01             
       H -6.45891e+01 -1.08059e+00  5.81084e+01             
       O -6.52924e+01 -2.12811e+01  7.45254e+01             
       H -6.50690e+01 -2.07146e+01  7.52930e+01             
       H -6.44257e+01 -3.41144e+01  7.42704e+01             
       O -8.47421e+01 -9.58547e+00  5.24439e+01             
       H -8.37431e+01 -9.45511e+00  5.25477e+01             
       H -8.51820e+01 -9.03431e+00  5.30779e+01             
       O -7.92835e+01 -2.88540e+01  5.66217e+01             
       H -7.85536e+01 -2.83053e+01  5.65997e+01             
       H -7.88437e+01 -2.97245e+01  5.65408e+01             
       O -8.07147e+01 -1.21798e+01  6.49051e+01             
       H -8.02874e+01 -1.24438e+01  6.57282e+01             
       H -7.99590e+01 -1.20762e+01  6.43025e+01             
       O -7.94423e+01 -1.23549e+01  5.48883e+01             
       H -7.90014e+01 -1.15428e+01  5.46013e+01             
       H -6.28851e+01 -1.19705e+01  4.53659e+01             
       O -7.23564e+01 -3.43130e+01  4.92218e+01             
       H -7.20536e+01 -3.35883e+01  4.97954e+01             
       H -7.25051e+01 -3.04392e+01  6.16285e+01             
       O -8.36018e+01 -1.86727e+01  5.27138e+01             
       H -8.35328e+01 -1.93141e+01  5.34209e+01             
       H -8.26653e+01 -1.84432e+01  5.24007e+01             
       O -6.56873e+01 -3.12333e+01  6.02161e+01             
       H -6.51084e+01 -3.20002e+01  6.05431e+01             
       H -6.50443e+01 -3.05949e+01  5.98993e+01             
       O -7.73210e+01 -1.82063e+01  6.84889e+01             
       H -7.69954e+01 -1.89329e+01  6.91253e+01             
       H -7.65780e+01 -1.75573e+01  6.84284e+01             
       O -7.62936e+01 -1.65928e+01  5.07870e+01             
       H -7.57247e+01 -2.89021e+01  4.99481e+01             
       H -7.57115e+01 -1.61769e+01  5.14497e+01             
       O -8.03435e+01 -3.19727e+01  4.63724e+01             
       H -8.03502e+01 -3.29047e+01  4.61477e+01             
       H -7.94219e+01 -3.16703e+01  4.66741e+01             
       O -8.86133e+01 -1.35116e+01  5.26199e+01             
       H -8.79498e+01 -1.29100e+01  5.30017e+01             
       H -8.79936e+01 -1.42715e+01  5.24630e+01             
       O -7.80830e+01  1.91635e+00  5.37679e+01             
       H -5.67858e+01 -2.48390e+01  5.75965e+01             
       H -7.71159e+01  1.64758e+00  5.36191e+01             
       O -7.21739e+01 -1.47072e+01  6.31026e+01             
       H -7.52473e+01 -2.35459e+01  6.17241e+01             
       H -8.47348e+01 -1.54943e+01  6.25697e+01             
       O -7.32028e+01 -3.56130e+01  5.74086e+01             
       H -7.26574e+01 -3.48423e+01  5.77426e+01             
       H -7.25588e+01 -3.60933e+01  5.69145e+01             
       O -8.66247e+01 -1.98236e+01  6.35967e+01             
       H -8.60172e+01 -1.96190e+01  6.43224e+01             
       H -8.63568e+01 -2.07091e+01  6.32780e+01             
       O -7.15454e+01 -4.60820e+01  5.88193e+01             
       H -7.05850e+01 -4.62083e+01  5.88270e+01             
       H -7.19016e+01 -4.63255e+01  7.21171e+01             
       O -7.46002e+01 -4.26691e+00  5.76285e+01             
       H -7.41981e+01 -3.42001e+00  5.72327e+01             
       H -7.39345e+01 -4.87521e+00  5.80704e+01             
       O -7.24523e+01 -2.55749e+01  6.69693e+01             
       H -7.17659e+01 -2.61811e+01  6.66091e+01             
       H -7.20044e+01 -2.47785e+01  6.72343e+01             
       O -7.54915e+01 -2.31392e+01  6.59111e+01             
       H -7.47242e+01 -2.36580e+01  6.53940e+01             
       H -7.51638e+01 -2.26364e+01  6.65869e+01             
       O -9.35946e+01 -2.17627e+01  5.57490e+01             
       H -9.33922e+01 -2.17698e+01  5.47981e+01             
       H -9.27498e+01 -2.19313e+01  5.61666e+01             
       O -6.93318e+01 -2.91211e+00  6.85270e+01             
       H -6.90225e+01 -1.95472e+00  6.85883e+01             
       H -6.85552e+01 -3.42886e+00  6.86935e+01             
       O -7.49444e+01 -1.59703e+01  4.84699e+01             
       H -7.41082e+01 -1.65236e+01  4.85188e+01             
       H -7.47736e+01 -1.50495e+01  3.59620e+01             
       O -7.05840e+01 -1.57525e+01  3.56200e+01             
       H -7.00637e+01 -1.62539e+01  3.49975e+01             
       H -8.22908e+01 -1.53846e+01  3.61687e+01             
       O -5.77842e+01 -1.77755e+01  3.30908e+01             
       H -5.69535e+01 -1.81736e+01  3.33038e+01             
       H -5.77215e+01 -1.69241e+01  3.26501e+01             
       O -7.05811e+01 -2.76402e+01  4.13897e+01             
       H -6.99866e+01 -2.77294e+01  4.06328e+01             
       H -7.00716e+01 -2.77629e+01  5.47128e+01             
       O -7.17779e+01 -1.36298e+01  4.65285e+01             
       H -7.29696e+01 -1.14745e+01  5.20944e+01             
       H -7.13217e+01 -1.43365e+01  4.69966e+01             
       O -7.34302e+01 -2.52436e+01  6.10443e+01             
       H -7.27816e+01 -2.53625e+01  6.02762e+01             
       H -7.29713e+01 -2.56739e+01  6.17646e+01             
       O -6.44798e+01 -1.66166e+01  4.66830e+01             
       H -6.39195e+01 -1.62971e+01  4.74042e+01             
       H -6.37589e+01 -1.69267e+01  4.60754e+01             
       O -6.40721e+01 -3.29215e+01  5.72058e+01             
       H -6.36991e+01 -3.31051e+01  5.80988e+01             
       H -6.32720e+01 -3.31638e+01  5.65823e+01             
       O -7.30829e+01 -4.60900e+00  6.67178e+01             
       H -7.21270e+01 -4.33581e+00  6.64570e+01             
       H -7.31109e+01 -4.07071e+00  6.75506e+01             
       O -6.59486e+01  2.51924e-01  7.60824e+01             
       H -6.58014e+01  1.21638e+00  7.61561e+01             
       H -6.51640e+01 -2.28269e-01  7.63895e+01             
       O -7.25947e+01 -2.96916e+01  6.10344e+01             
       H -8.05092e+01 -2.22292e+01  4.73647e+01             
       H -7.17202e+01 -2.92692e+01  6.08893e+01             
       O -7.68415e+01 -1.90692e+01  6.38239e+01             
       H -7.10460e+01 -1.30948e+01  4.61305e+01             
       H -7.65723e+01 -1.80999e+01  6.35420e+01             
       O -6.32023e+01 -1.27170e+01  4.48923e+01             
       H -7.81375e+01 -9.52190e+00  5.36765e+01             
       H -6.24637e+01 -1.32320e+01  4.46958e+01             
       O -7.07591e+01 -3.24230e+01  5.55572e+01             
       H -8.30050e+01 -3.16681e+01  6.85867e+01             
       H -6.02466e+01 -7.00248e+00  7.10161e+01             
       O -1.05494e+02 -1.93070e+01  6.45049e+01             
       H -1.04694e+02 -1.94364e+01  6.50807e+01             
       H -1.05120e+02 -1.92393e+01  6.36744e+01             
       O -7.00811e+01 -3.68033e+01  5.77546e+01             
       H -6.98116e+01 -3.61480e+01  5.83901e+01             
       H -7.12647e+01 -1.45424e+01  6.33448e+01             
       O -7.35537e+01 -1.21966e+01  5.23825e+01             
       H -7.31299e+01 -1.25819e+01  5.31946e+01             
       H -9.19772e+01 -2.41310e+01  3.68986e+01             
       O -8.60020e+01 -2.66274e+01  5.68325e+01             
       H -8.56140e+01 -2.62141e+01  5.60114e+01             
       H -8.52886e+01 -2.66083e+01  5.75020e+01             
       O -6.81861e+01 -2.76745e+01  4.94066e+01             
       H -6.75191e+01 -2.69777e+01  4.91496e+01             
       H -6.77297e+01 -2.85090e+01  4.97219e+01             
       O -5.45309e+01 -2.85998e+01  5.31674e+01             
       H -5.35586e+01 -1.59550e+01  5.30673e+01             
       H -5.46630e+01 -2.85574e+01  5.41010e+01             
       O -6.61660e+01 -1.36328e+01  6.12634e+01             
       H -5.30896e+01 -1.33949e+01  6.19514e+01             
       H -6.57185e+01 -1.37215e+01  6.04192e+01             
       O -6.54398e+01 -1.48478e+00  5.84321e+01             
       H -7.20154e+01 -3.50895e+01  4.96574e+01             
       H -7.86316e+01 -5.59098e-01  5.49684e+01             
       O -8.35391e+01 -2.33772e+01  5.53589e+01             
       H -8.27964e+01 -2.31715e+01  5.47403e+01             
       H -8.30862e+01 -2.34063e+01  5.62196e+01             
       O -7.45863e+01 -9.14512e+00  4.33254e+01             
       H -7.41101e+01 -2.22384e+01  4.39090e+01             
       H -7.39067e+01 -8.54779e+00  4.30265e+01             
       O -8.80391e+01 -2.05596e+01  5.98350e+01             
       H -8.71348e+01 -2.02088e+01  5.96263e+01             
       H -8.78790e+01 -2.12031e+01  6.04978e+01             
       O -7.84049e+01 -1.98232e+01  6.58633e+01             
       H -7.81345e+01 -1.91859e+01  6.65908e+01             
       H -7.79107e+01 -1.93461e+01  6.51761e+01             
       O -8.74709e+01 -2.25493e+01  4.93806e+01             
       H -8.64880e+01 -2.23984e+01  6.18189e+01             
       H -8.22800e+01 -4.53326e+01  4.30666e+01             
       O -6.06256e+01 -1.98917e+01  6.69274e+01             
       H -6.07040e+01 -1.89758e+01  6.67245e+01             
       H -5.97427e+01 -1.99512e+01  6.73992e+01             
       O -7.06367e+01 -2.38551e+01  6.25995e+01             
       H -7.06703e+01 -2.46912e+01  6.30102e+01             
       H -6.98188e+01 -2.37096e+01  6.20755e+01             
       O -9.44565e+01 -2.20248e+01  6.52469e+01             
       H -9.39415e+01 -2.12721e+01  6.49744e+01             
       H -9.40886e+01 -2.28406e+01  6.47966e+01             
       O -6.78233e+01 -2.54390e+01  5.72411e+01             
       H -6.73614e+01 -2.51525e+01  5.63933e+01             
       H -6.71710e+01 -2.59007e+01  5.78567e+01             
       O -8.67685e+01 -1.54809e+01  2.77236e+01             
       H -8.59771e+01 -1.50955e+01  2.72877e+01             
       H -8.64547e+01 -1.60492e+01  2.84628e+01             
       O -7.99273e+01 -2.32273e+01  3.67235e+01             
       H -5.27991e+01 -1.48454e+01  4.60483e+01             
       H -7.91413e+01 -2.27101e+01  3.70471e+01             
       O -8.18095e+01 -1.85396e+01  6.09422e+01             
       H -8.13577e+01 -1.90811e+01  6.02656e+01             
       H -8.11038e+01 -1.82486e+01  6.15712e+01             
       O -8.37612e+01 -1.96949e+01  7.48410e+01             
       H -8.36072e+01 -1.94844e+01  7.57621e+01             
       H -8.29400e+01 -1.93743e+01  7.44547e+01             
