192                                                         
# CELL(abcABC):   12.41850    12.41850    12.41850    90.00000    90.00000    90.00000  Step:           0  Bead:       0 x_centroid{angstrom}  cell{angstrom}   
       O -7.34226e+01 -8.25728e+00  6.22638e+01             
       H -7.28505e+01 -8.82365e+00  6.16646e+01             
       H -7.29082e+01 -7.44988e+00  6.24808e+01             
       O -6.45499e+01 -6.71625e+00  6.16373e+01             
       H -6.13434e+01 -1.72551e+01  5.57050e+01             
       H -6.40497e+01 -6.03336e+00  6.20703e+01             
       O -6.61352e+01 -2.69935e+01  4.69807e+01             
       H -6.56917e+01 -1.54191e+01  4.66662e+01             
       H -6.54967e+01 -2.62385e+01  4.69919e+01             
       O -6.49658e+01 -2.39199e+01  5.15290e+01             
       H -6.43040e+01 -2.31966e+01  5.15885e+01             
       H -6.44297e+01 -2.47016e+01  5.16753e+01             
       O -5.21319e+01 -2.19357e+01  5.40173e+01             
       H -5.17142e+01 -2.12990e+01  5.46146e+01             
       H -5.14347e+01 -2.22180e+01  5.33535e+01             
       O -5.49721e+01 -1.69285e+01  6.43797e+01             
       H -5.43642e+01 -1.63794e+01  6.38599e+01             
       H -5.45024e+01 -1.71290e+01  6.51749e+01             
       O -6.70261e+01 -2.01059e+01  4.15390e+01             
       H -6.64317e+01 -1.93916e+01  4.12189e+01             
       H -5.44252e+01  1.52014e+00  5.43001e+01             
       O -5.17978e+01 -1.64615e+01  6.79163e+01             
       H -5.23208e+01 -1.56824e+01  6.78060e+01             
       H -5.09020e+01 -2.85699e+01  6.81876e+01             
       O -7.41815e+01 -1.01154e+01  4.42115e+01             
       H -7.33018e+01 -9.86106e+00  4.45958e+01             
       H -7.40557e+01 -1.09273e+01  4.36803e+01             
       O -6.58573e+01 -2.74096e+01  5.09112e+01             
       H -6.48512e+01 -2.77273e+01  5.07640e+01             
       H -6.61179e+01 -2.68342e+01  5.01482e+01             
       O -7.08797e+01 -6.78597e+00  5.85607e+01             
       H -7.02510e+01 -6.37764e+00  5.79604e+01             
       H -7.03587e+01 -6.79756e+00  5.93955e+01             
       O -6.78290e+01 -1.11293e+01  4.78750e+01             
       H -6.76563e+01 -1.01452e+01  4.78849e+01             
       H -5.40410e+01 -1.44839e+01  4.45374e+01             
       O -6.09918e+01 -3.05896e+01  4.61590e+01             
       H -6.09707e+01 -3.01837e+01  4.52513e+01             
       H -5.97838e+01 -2.66666e+01  5.74556e+01             
       O -7.31463e+01 -1.34933e+01  4.98450e+01             
       H -7.27116e+01 -1.27234e+01  5.00775e+01             
       H -7.25291e+01 -1.42381e+01  4.99055e+01             
       O -5.31255e+01 -2.44428e+01  5.73888e+01             
       H -5.26136e+01 -2.40761e+01  5.80814e+01             
       H -5.25504e+01 -2.46375e+01  5.66035e+01             
       O -6.61612e+01 -1.24697e+01  6.17522e+01             
       H -6.59689e+01 -1.19847e+01  6.25694e+01             
       H -6.52354e+01 -1.23996e+01  6.13717e+01             
       O -6.71548e+01 -1.02287e+01  4.36003e+01             
       H -6.65516e+01 -2.32390e+01  4.42153e+01             
       H -6.68008e+01 -9.34131e+00  4.37151e+01             
       O -6.59446e+01 -2.67454e+01  4.16515e+01             
       H -6.52482e+01 -2.60363e+01  4.16741e+01             
       H -6.59265e+01 -2.70906e+01  4.07666e+01             
       O -7.50270e+01 -9.98005e+00  5.21385e+01             
       H -7.42725e+01 -1.05198e+01  5.23363e+01             
       H -7.47763e+01 -9.24868e+00  5.15662e+01             
       O -6.79536e+01  5.59465e+00  4.42847e+01             
       H -4.49977e+01 -1.75006e+01  4.81581e+01             
       H -6.79723e+01  4.97766e+00  4.35463e+01             
       O -5.89326e+01 -1.36037e+01  5.88037e+01             
       H -6.27062e+01 -2.09491e+01  5.62701e+01             
       H -7.10997e+01 -1.44238e+01  5.92329e+01             
       O -6.26434e+01 -3.08553e+01  5.19681e+01             
       H -6.23700e+01 -2.99726e+01  5.17331e+01             
       H -6.22017e+01 -3.15515e+01  5.14287e+01             
       O -7.10147e+01 -1.91310e+01  5.51311e+01             
       H -7.08493e+01 -2.01264e+01  5.49129e+01             
       H -7.02050e+01 -1.86247e+01  5.48258e+01             
       O -5.92063e+01 -4.03309e+01  5.08267e+01             
       H -5.93138e+01 -4.13123e+01  5.07266e+01             
       H -5.82278e+01 -4.01185e+01  6.31872e+01             
       O -6.27043e+01 -3.88591e+00  4.74742e+01             
       H -6.20877e+01 -4.51540e+00  4.71172e+01             
       H -6.21808e+01 -3.07224e+00  4.75650e+01             
       O -5.96867e+01 -2.22895e+01  6.06361e+01             
       H -5.87963e+01 -2.23000e+01  6.10305e+01             
       H -5.96057e+01 -2.22193e+01  5.96998e+01             
       O -6.42898e+01 -2.46673e+01  6.74201e+01             
       H -6.42640e+01 -2.37251e+01  6.71834e+01             
       H -6.33830e+01 -2.49650e+01  6.76498e+01             
       O -8.08639e+01 -1.91270e+01  5.07399e+01             
       H -8.00588e+01 -1.97752e+01  5.06323e+01             
       H -8.04443e+01 -1.84439e+01  5.12282e+01             
       O -5.66659e+01 -4.92560e-01  6.54358e+01             
       H -5.58799e+01  2.35900e-02  6.56355e+01             
       H -5.63092e+01 -1.23077e+00  6.49400e+01             
       O -6.15688e+01 -1.23789e+01  4.30666e+01             
       H -6.09804e+01 -1.30747e+01  4.34371e+01             
       H -6.11616e+01 -1.20594e+01  2.97911e+01             
       O -6.08689e+01 -1.49089e+01  2.83021e+01             
       H -6.03004e+01 -1.50632e+01  2.75911e+01             
       H -7.28074e+01 -1.49606e+01  2.90782e+01             
       O -5.01342e+01 -1.59426e+01  2.58966e+01             
       H -4.99827e+01 -1.58664e+01  2.49583e+01             
       H -4.98170e+01 -1.51002e+01  2.63094e+01             
       O -5.72846e+01 -2.23550e+01  3.73233e+01             
       H -5.68187e+01 -2.30220e+01  3.67699e+01             
       H -5.67279e+01 -2.19113e+01  5.03833e+01             
       O -5.87329e+01 -1.20394e+01  3.88615e+01             
       H -6.33745e+01 -9.07201e+00  4.65964e+01             
       H -5.79645e+01 -1.24202e+01  3.93364e+01             
       O -6.06257e+01 -2.36696e+01  5.34706e+01             
       H -6.01075e+01 -2.39910e+01  5.26519e+01             
       H -6.00209e+01 -2.29746e+01  5.38287e+01             
       O -5.04599e+01 -1.33328e+01  3.94596e+01             
       H -5.02176e+01 -1.38658e+01  4.02222e+01             
       H -4.96513e+01 -1.29752e+01  3.91273e+01             
       O -5.43249e+01 -3.09200e+01  4.70531e+01             
       H -5.39523e+01 -3.06385e+01  4.79085e+01             
       H -5.37441e+01 -3.04464e+01  4.64863e+01             
       O -6.16714e+01 -1.27192e+00  5.98691e+01             
       H -6.09549e+01 -8.54405e-01  5.94197e+01             
       H -6.13237e+01 -1.11057e+00  6.07917e+01             
       O -5.67305e+01  8.08727e+00  6.88137e+01             
       H -5.62334e+01  7.22074e+00  6.88686e+01             
       H -5.61152e+01  8.88097e+00  6.90506e+01             
       O -6.01446e+01 -2.68776e+01  5.65610e+01             
       H -6.63412e+01 -2.07454e+01  4.17142e+01             
       H -5.93834e+01 -2.69491e+01  5.59730e+01             
       O -6.16895e+01 -1.66337e+01  5.63710e+01             
       H -5.83275e+01 -1.15458e+01  3.81236e+01             
       H -6.10182e+01 -1.58708e+01  5.63480e+01             
       O -5.47269e+01 -1.47529e+01  4.39117e+01             
       H -6.70171e+01 -6.63882e+00  4.44347e+01             
       H -5.43892e+01 -1.45243e+01  4.30260e+01             
       O -5.67122e+01 -2.72182e+01  5.07528e+01             
       H -6.85020e+01 -2.78878e+01  6.34261e+01             
       H -5.16153e+01 -6.88417e+00  6.08048e+01             
       O -8.96388e+01 -1.65475e+01  5.82371e+01             
       H -8.96250e+01 -1.66933e+01  5.72490e+01             
       H -8.87363e+01 -1.65182e+01  5.84908e+01             
       O -5.74509e+01 -3.08287e+01  4.85294e+01             
       H -5.67970e+01 -3.09679e+01  4.92936e+01             
       H -5.80745e+01 -1.33584e+01  5.84826e+01             
       O -6.37387e+01 -9.85986e+00  4.61205e+01             
       H -6.29275e+01 -1.01071e+01  4.56883e+01             
       H -7.67238e+01 -1.82386e+01  2.80000e+01             
       O -7.51671e+01 -1.98191e+01  4.73376e+01             
       H -7.45391e+01 -1.92418e+01  4.68365e+01             
       H -7.47438e+01 -2.03103e+01  4.80574e+01             
       O -5.73996e+01 -2.31388e+01  4.44703e+01             
       H -5.65904e+01 -2.28375e+01  4.40401e+01             
       H -5.70118e+01 -2.39711e+01  4.47773e+01             
       O -4.36474e+01 -2.67441e+01  4.81940e+01             
       H -4.39481e+01 -1.34172e+01  4.79428e+01             
       H -4.27130e+01 -2.67427e+01  4.78525e+01             
       O -5.84805e+01 -9.45459e+00  5.41942e+01             
       H -4.57666e+01 -1.01295e+01  5.48350e+01             
       H -5.77896e+01 -9.46927e+00  5.34509e+01             
       O -5.45788e+01  1.13303e+00  5.34031e+01             
       H -6.00709e+01 -3.10344e+01  4.61575e+01             
       H -6.72208e+01  8.17614e-01  4.84328e+01             
       O -7.01244e+01 -1.59384e+01  4.69518e+01             
       H -6.93959e+01 -1.53545e+01  4.72698e+01             
       H -6.98412e+01 -1.61378e+01  4.60443e+01             
       O -6.78968e+01 -8.53491e+00  3.50745e+01             
       H -6.87494e+01 -2.06418e+01  3.52977e+01             
       H -6.74108e+01 -7.79643e+00  3.46297e+01             
       O -7.35930e+01 -1.88914e+01  5.43118e+01             
       H -7.26559e+01 -1.91140e+01  5.42348e+01             
       H -7.38923e+01 -1.85629e+01  5.34281e+01             
       O -6.54628e+01 -1.98291e+01  5.70520e+01             
       H -6.46114e+01 -1.98834e+01  5.65583e+01             
       H -6.54639e+01 -2.04689e+01  5.77582e+01             
       O -7.56111e+01 -2.03608e+01  4.32405e+01             
       H -7.49768e+01 -1.98410e+01  5.51295e+01             
       H -6.87786e+01 -3.94286e+01  3.74770e+01             
       O -5.40601e+01 -2.08766e+01  6.24950e+01             
       H -5.32454e+01 -2.03223e+01  6.24720e+01             
       H -5.44511e+01 -2.08620e+01  6.16422e+01             
       O -5.93185e+01 -1.85926e+01  5.05436e+01             
       H -5.87623e+01 -1.90902e+01  5.11112e+01             
       H -5.88036e+01 -1.84275e+01  4.97185e+01             
       O -8.42919e+01 -2.17765e+01  5.77647e+01             
       H -8.41475e+01 -2.08153e+01  5.77473e+01             
       H -8.34360e+01 -2.20652e+01  5.74730e+01             
       O -5.64647e+01 -2.18104e+01  5.24801e+01             
       H -5.59415e+01 -2.09260e+01  5.25284e+01             
       H -5.58025e+01 -2.24729e+01  5.27621e+01             
       O -7.64414e+01 -1.24476e+01  2.27318e+01             
       H -7.62817e+01 -1.14778e+01  2.25971e+01             
       H -7.56040e+01 -1.28837e+01  2.25823e+01             
       O -6.50317e+01 -1.80467e+01  2.85496e+01             
       H -4.13955e+01 -1.12118e+01  4.03252e+01             
       H -6.47002e+01 -1.75134e+01  2.92575e+01             
       O -6.85592e+01 -1.27102e+01  5.80679e+01             
       H -6.80777e+01 -1.21096e+01  5.87055e+01             
       H -6.80696e+01 -1.33361e+01  5.74615e+01             
       O -7.08553e+01 -1.48049e+01  6.70581e+01             
       H -7.02338e+01 -1.42752e+01  6.64918e+01             
       H -7.03341e+01 -1.55775e+01  6.71569e+01             
192                                                         
# CELL(abcABC):   12.41850    12.41850    12.41850    90.00000    90.00000    90.00000  Step:      200000  Bead:       0 x_centroid{angstrom}  cell{angstrom}   
       O -8.56331e+01 -1.23679e+01  6.85483e+01             
       H -8.57644e+01 -1.27124e+01  6.94304e+01             
       H -8.46791e+01 -1.24534e+01  6.84937e+01             
       O -7.68695e+01 -1.08903e+01  6.82867e+01             
       H -7.52506e+01 -1.72737e+01  5.97260e+01             
       H -7.65647e+01 -1.06103e+01  6.91904e+01             
       O -7.54235e+01 -2.84515e+01  5.26603e+01             
       H -7.47993e+01 -1.57006e+01  5.19199e+01             
       H -7.48031e+01 -2.90133e+01  5.31682e+01             
       O -7.80672e+01 -3.17658e+01  6.01465e+01             
       H -7.80016e+01 -3.27432e+01  6.00771e+01             
       H -7.81402e+01 -3.14191e+01  5.92619e+01             
       O -6.59441e+01 -2.62251e+01  5.76644e+01             
       H -6.52896e+01 -2.63152e+01  5.84109e+01             
       H -6.56172e+01 -2.68876e+01  5.70762e+01             
       O -6.78230e+01 -2.08220e+01  6.82514e+01             
       H -6.74567e+01 -2.17060e+01  6.82901e+01             
       H -6.71068e+01 -2.01739e+01  6.81601e+01             
       O -8.24491e+01 -2.40867e+01  4.89108e+01             
       H -8.20563e+01 -2.33175e+01  4.84422e+01             
       H -7.33775e+01 -1.96417e+00  6.35370e+01             
       O -6.42517e+01 -1.74434e+01  7.52445e+01             
       H -6.37788e+01 -1.69131e+01  7.59148e+01             
       H -6.39313e+01 -3.07905e+01  7.53531e+01             
       O -8.92722e+01 -1.40492e+01  4.74960e+01             
       H -8.88180e+01 -1.49094e+01  4.77059e+01             
       H -8.84663e+01 -1.34919e+01  4.73576e+01             
       O -7.44640e+01 -3.27760e+01  5.76644e+01             
       H -7.35569e+01 -3.31442e+01  5.74843e+01             
       H -7.42917e+01 -3.19509e+01  5.81889e+01             
       O -8.22795e+01 -8.14451e+00  6.60212e+01             
       H -8.19964e+01 -7.64820e+00  6.52119e+01             
       H -8.14398e+01 -8.34710e+00  6.65520e+01             
       O -8.00140e+01 -1.35265e+01  5.44848e+01             
       H -7.98827e+01 -1.28658e+01  5.52754e+01             
       H -6.70973e+01 -2.03741e+01  5.04798e+01             
       O -7.23468e+01 -3.39241e+01  5.39318e+01             
       H -7.14550e+01 -3.34771e+01  5.37069e+01             
       H -7.27207e+01 -2.94669e+01  6.67124e+01             
       O -8.74183e+01 -1.87614e+01  5.55819e+01             
       H -8.70377e+01 -1.94713e+01  5.62834e+01             
       H -8.66732e+01 -1.85365e+01  5.49091e+01             
       O -6.66728e+01 -2.84401e+01  6.21818e+01             
       H -6.62889e+01 -2.75678e+01  6.23952e+01             
       H -6.59501e+01 -2.90286e+01  6.22506e+01             
       O -7.65305e+01 -1.26405e+01  6.45599e+01             
       H -7.60216e+01 -1.31909e+01  6.51861e+01             
       H -7.63040e+01 -1.16421e+01  6.47320e+01             
       O -8.04460e+01 -1.35203e+01  4.87309e+01             
       H -8.03469e+01 -2.61338e+01  4.78243e+01             
       H -7.96421e+01 -1.31956e+01  4.92151e+01             
       O -8.44534e+01 -2.92109e+01  4.97943e+01             
       H -8.37604e+01 -2.85745e+01  4.99137e+01             
       H -8.43293e+01 -2.94227e+01  4.88839e+01             
       O -8.69846e+01 -1.26558e+01  5.94880e+01             
       H -8.60680e+01 -1.29237e+01  5.94669e+01             
       H -8.69793e+01 -1.22289e+01  6.03576e+01             
       O -8.45881e+01  1.60469e+00  5.05711e+01             
       H -5.27235e+01 -2.02588e+01  5.45158e+01             
       H -8.38159e+01  1.31754e+00  5.00202e+01             
       O -7.21140e+01 -1.55078e+01  6.73305e+01             
       H -8.04163e+01 -2.47042e+01  6.51599e+01             
       H -8.35728e+01 -1.55598e+01  6.76577e+01             
       O -7.80253e+01 -3.45175e+01  6.00187e+01             
       H -7.75800e+01 -3.47092e+01  6.08557e+01             
       H -7.73608e+01 -3.47690e+01  5.93300e+01             
       O -8.91965e+01 -2.21470e+01  6.23369e+01             
       H -8.84623e+01 -2.27970e+01  6.24303e+01             
       H -8.88716e+01 -2.12077e+01  6.24895e+01             
       O -7.20653e+01 -4.38477e+01  6.03162e+01             
       H -7.10720e+01 -4.38888e+01  6.02039e+01             
       H -7.22541e+01 -4.45462e+01  7.34066e+01             
       O -7.48328e+01 -8.14889e+00  5.32869e+01             
       H -7.38264e+01 -8.40480e+00  5.33682e+01             
       H -7.50684e+01 -7.75892e+00  5.41702e+01             
       O -7.00078e+01 -2.99652e+01  6.70455e+01             
       H -6.91021e+01 -2.96109e+01  6.71336e+01             
       H -6.98404e+01 -3.08624e+01  6.67163e+01             
       O -7.81814e+01 -2.93625e+01  7.05685e+01             
       H -7.75252e+01 -2.91493e+01  7.12646e+01             
       H -7.76461e+01 -2.91822e+01  6.97962e+01             
       O -9.34014e+01 -2.72334e+01  5.80285e+01             
       H -9.24664e+01 -2.68662e+01  5.78182e+01             
       H -9.33432e+01 -2.78147e+01  5.87884e+01             
       O -6.80197e+01 -4.43965e+00  7.23784e+01             
       H -6.71132e+01 -4.72493e+00  7.19997e+01             
       H -6.78642e+01 -4.32533e+00  7.32997e+01             
       O -7.39429e+01 -1.52132e+01  4.46079e+01             
       H -7.34171e+01 -1.50870e+01  4.38315e+01             
       H -7.33751e+01 -1.53276e+01  3.29663e+01             
       O -7.29553e+01 -2.06709e+01  3.76400e+01             
       H -7.25985e+01 -2.14865e+01  3.80721e+01             
       H -8.50265e+01 -1.99508e+01  3.82187e+01             
       O -6.34119e+01 -2.26927e+01  3.35526e+01             
       H -6.28769e+01 -2.18541e+01  3.35257e+01             
       H -6.28269e+01 -2.34464e+01  3.34611e+01             
       O -6.97303e+01 -2.71108e+01  4.33709e+01             
       H -6.94627e+01 -2.73801e+01  4.42781e+01             
       H -6.89589e+01 -2.68177e+01  5.52613e+01             
       O -7.19042e+01 -1.55855e+01  4.63152e+01             
       H -7.76473e+01 -1.32405e+01  5.08150e+01             
       H -7.14805e+01 -1.63179e+01  4.58083e+01             
       O -7.11044e+01 -3.01082e+01  5.71515e+01             
       H -7.05207e+01 -3.07571e+01  5.75925e+01             
       H -7.06215e+01 -3.00531e+01  5.63091e+01             
       O -6.14638e+01 -1.79640e+01  4.64921e+01             
       H -6.07377e+01 -1.83929e+01  4.70270e+01             
       H -6.10151e+01 -1.74847e+01  4.58230e+01             
       O -6.47156e+01 -3.42416e+01  5.35861e+01             
       H -6.39357e+01 -3.38300e+01  5.31463e+01             
       H -6.44099e+01 -3.46730e+01  5.44068e+01             
       O -6.97582e+01 -9.32496e+00  6.99223e+01             
       H -6.91112e+01 -8.78436e+00  6.94091e+01             
       H -6.94244e+01 -9.43511e+00  7.08212e+01             
       O -6.92303e+01  6.15090e+00  7.65876e+01             
       H -6.87210e+01  5.82418e+00  7.57909e+01             
       H -6.88712e+01  7.07307e+00  7.66485e+01             
       O -7.33135e+01 -3.00862e+01  6.62384e+01             
       H -8.16431e+01 -2.47029e+01  4.89359e+01             
       H -7.27513e+01 -3.05008e+01  6.54963e+01             
       O -7.60577e+01 -1.67605e+01  6.00581e+01             
       H -7.12871e+01 -1.48576e+01  4.63153e+01             
       H -7.62872e+01 -1.72008e+01  6.09316e+01             
       O -6.75077e+01 -1.96924e+01  4.98966e+01             
       H -8.42260e+01 -1.10194e+01  5.15077e+01             
       H -6.68077e+01 -1.93554e+01  4.92510e+01             
       O -6.93154e+01 -3.17419e+01  5.95530e+01             
       H -8.11122e+01 -3.10174e+01  7.22150e+01             
       H -6.38675e+01 -1.16183e+01  6.79496e+01             
       O -1.00330e+02 -1.99345e+01  6.32074e+01             
       H -9.94998e+01 -2.00113e+01  6.26124e+01             
       H -1.00008e+02 -2.00099e+01  6.41487e+01             
       O -6.53945e+01 -3.18460e+01  5.49683e+01             
       H -6.45642e+01 -3.15200e+01  5.53409e+01             
       H -7.21395e+01 -1.48047e+01  6.65941e+01             
       O -7.81213e+01 -1.36209e+01  5.00443e+01             
       H -7.74163e+01 -1.35819e+01  4.93294e+01             
       H -9.21717e+01 -2.19059e+01  3.52215e+01             
       O -8.76225e+01 -2.52410e+01  5.47532e+01             
       H -8.67364e+01 -2.51174e+01  5.52428e+01             
       H -8.79820e+01 -2.60690e+01  5.50710e+01             
       O -7.01344e+01 -2.74985e+01  5.04838e+01             
       H -6.94370e+01 -2.79348e+01  5.10639e+01             
       H -6.95853e+01 -2.69063e+01  4.99361e+01             
       O -5.25324e+01 -2.75912e+01  5.44767e+01             
       H -5.19764e+01 -1.51915e+01  5.36947e+01             
       H -5.20509e+01 -2.80566e+01  5.52827e+01             
       O -7.48110e+01 -1.16336e+01  6.24325e+01             
       H -6.15604e+01 -1.13599e+01  6.29507e+01             
       H -7.50076e+01 -1.24977e+01  6.28177e+01             
       O -7.41835e+01 -2.41373e+00  6.31869e+01             
       H -7.23198e+01 -3.39859e+01  5.49626e+01             
       H -7.91035e+01 -1.47951e+00  5.44616e+01             
       O -8.06726e+01 -1.63232e+01  5.17719e+01             
       H -8.02079e+01 -1.63574e+01  5.26193e+01             
       H -7.99594e+01 -1.62977e+01  5.10856e+01             
       O -8.30220e+01 -1.22091e+01  4.40568e+01             
       H -8.26313e+01 -2.54277e+01  4.37161e+01             
       H -8.24240e+01 -1.14661e+01  4.41114e+01             
       O -9.14748e+01 -2.19270e+01  6.39373e+01             
       H -9.09767e+01 -2.22242e+01  6.31197e+01             
       H -9.08047e+01 -2.17891e+01  6.46459e+01             
       O -7.95467e+01 -1.68815e+01  6.67694e+01             
       H -7.91233e+01 -1.77448e+01  6.67772e+01             
       H -7.88007e+01 -1.62914e+01  6.67626e+01             
       O -9.33319e+01 -2.40313e+01  5.22452e+01             
       H -9.26144e+01 -2.34043e+01  6.43888e+01             
       H -8.12860e+01 -4.50299e+01  4.73946e+01             
       O -6.70085e+01 -2.37020e+01  6.85214e+01             
       H -6.59970e+01 -2.34601e+01  6.83793e+01             
       H -6.68629e+01 -2.41739e+01  6.93859e+01             
       O -7.22080e+01 -2.18513e+01  5.66434e+01             
       H -7.25381e+01 -2.26856e+01  5.69600e+01             
       H -7.11983e+01 -2.18244e+01  5.69450e+01             
       O -9.59506e+01 -2.38028e+01  6.54534e+01             
       H -9.61757e+01 -2.30833e+01  6.60106e+01             
       H -9.49546e+01 -2.38596e+01  6.54293e+01             
       O -7.16920e+01 -2.49255e+01  5.92229e+01             
       H -7.10788e+01 -2.45856e+01  5.99473e+01             
       H -7.12241e+01 -2.49400e+01  5.83708e+01             
       O -8.86068e+01 -1.64180e+01  3.15015e+01             
       H -8.77955e+01 -1.59741e+01  3.18416e+01             
       H -8.82138e+01 -1.72858e+01  3.12083e+01             
       O -8.06921e+01 -2.17598e+01  3.54296e+01             
       H -6.14087e+01 -1.54529e+01  5.01114e+01             
       H -8.04769e+01 -2.12844e+01  3.62895e+01             
       O -8.43278e+01 -1.39625e+01  6.49884e+01             
       H -8.38299e+01 -1.32122e+01  6.52182e+01             
       H -8.37789e+01 -1.45368e+01  6.43526e+01             
       O -8.43071e+01 -1.89360e+01  7.64041e+01             
       H -8.43891e+01 -1.81491e+01  7.57523e+01             
       H -8.33368e+01 -1.88958e+01  7.64934e+01             
