192                                                         
# CELL(abcABC):   12.41850    12.41850    12.41850    90.00000    90.00000    90.00000  Step:           0  Bead:       0 x_centroid{angstrom}  cell{angstrom}   
       O -7.22416e+01 -9.01700e+00  6.15662e+01             
       H -7.13382e+01 -8.98003e+00  6.13114e+01             
       H -7.22806e+01 -8.39593e+00  6.23306e+01             
       O -6.31307e+01 -6.79241e+00  6.08654e+01             
       H -6.09123e+01 -1.72100e+01  5.48849e+01             
       H -6.24965e+01 -7.32151e+00  6.03025e+01             
       O -6.69963e+01 -2.47959e+01  4.57568e+01             
       H -6.60836e+01 -1.27362e+01  4.56955e+01             
       H -6.68883e+01 -2.39371e+01  4.61264e+01             
       O -6.21879e+01 -2.38747e+01  5.13054e+01             
       H -6.15644e+01 -2.41842e+01  5.06499e+01             
       H -6.17733e+01 -2.41285e+01  5.21769e+01             
       O -5.03131e+01 -1.95960e+01  5.38111e+01             
       H -4.94988e+01 -1.98961e+01  5.42943e+01             
       H -4.99753e+01 -1.92230e+01  5.29490e+01             
       O -5.28283e+01 -1.73989e+01  6.40342e+01             
       H -5.21118e+01 -1.69621e+01  6.35794e+01             
       H -5.26157e+01 -1.79172e+01  6.48290e+01             
       O -6.74767e+01 -1.95590e+01  4.16975e+01             
       H -6.67467e+01 -1.89706e+01  4.14643e+01             
       H -5.30098e+01  2.42873e+00  5.20696e+01             
       O -5.17413e+01 -1.60525e+01  6.80133e+01             
       H -5.20273e+01 -1.54156e+01  6.73217e+01             
       H -5.08885e+01 -2.87986e+01  6.77670e+01             
       O -7.18241e+01 -1.03302e+01  4.32690e+01             
       H -7.08592e+01 -1.00197e+01  4.34050e+01             
       H -7.16325e+01 -1.11599e+01  4.27284e+01             
       O -6.54608e+01 -2.60758e+01  4.91274e+01             
       H -6.50274e+01 -2.68481e+01  4.88458e+01             
       H -6.50120e+01 -2.53620e+01  4.86499e+01             
       O -7.10757e+01 -7.14211e+00  5.93183e+01             
       H -7.05050e+01 -6.82692e+00  6.00326e+01             
       H -7.05434e+01 -7.80313e+00  5.89263e+01             
       O -6.72887e+01 -9.42631e+00  4.67480e+01             
       H -6.79834e+01 -9.44031e+00  4.60246e+01             
       H -5.22838e+01 -1.29886e+01  4.20903e+01             
       O -6.08825e+01 -2.92747e+01  4.66063e+01             
       H -6.01098e+01 -2.97024e+01  4.62572e+01             
       H -5.93325e+01 -2.68133e+01  5.68782e+01             
       O -7.20169e+01 -1.48156e+01  5.09883e+01             
       H -7.13659e+01 -1.41360e+01  5.07452e+01             
       H -7.14707e+01 -1.56228e+01  5.13087e+01             
       O -5.09117e+01 -2.43839e+01  5.55625e+01             
       H -5.08471e+01 -2.35058e+01  5.59879e+01             
       H -5.01167e+01 -2.44366e+01  5.49860e+01             
       O -6.44315e+01 -1.14509e+01  6.02535e+01             
       H -6.46873e+01 -1.05812e+01  6.06551e+01             
       H -6.36134e+01 -1.12577e+01  5.97530e+01             
       O -6.54913e+01 -8.90761e+00  4.25116e+01             
       H -6.48841e+01 -2.13268e+01  4.32323e+01             
       H -6.52225e+01 -9.58943e+00  4.19001e+01             
       O -6.44706e+01 -2.51354e+01  3.91876e+01             
       H -6.35545e+01 -2.48346e+01  3.89263e+01             
       H -6.48785e+01 -2.53991e+01  3.83048e+01             
       O -7.25221e+01 -1.19020e+01  4.91555e+01             
       H -7.23370e+01 -1.09671e+01  4.89525e+01             
       H -7.16778e+01 -1.22257e+01  4.94802e+01             
       O -6.83837e+01  5.42365e+00  4.42009e+01             
       H -4.45731e+01 -1.78413e+01  4.91454e+01             
       H -6.80363e+01  5.51754e+00  4.32694e+01             
       O -5.84576e+01 -1.36737e+01  5.84944e+01             
       H -6.06825e+01 -2.13379e+01  5.54831e+01             
       H -6.99712e+01 -1.37123e+01  5.79903e+01             
       O -6.18828e+01 -3.12854e+01  5.10071e+01             
       H -6.21026e+01 -3.03456e+01  5.09518e+01             
       H -6.09051e+01 -3.14052e+01  5.09389e+01             
       O -7.00289e+01 -1.70903e+01  5.67186e+01             
       H -6.95110e+01 -1.79336e+01  5.67833e+01             
       H -6.94635e+01 -1.63227e+01  5.68909e+01             
       O -5.72613e+01 -4.11510e+01  5.15897e+01             
       H -5.64938e+01 -4.08972e+01  5.10886e+01             
       H -5.73584e+01 -4.20790e+01  6.38811e+01             
       O -6.30518e+01 -1.95729e+00  4.75359e+01             
       H -6.26742e+01 -2.74935e+00  4.71342e+01             
       H -6.23382e+01 -1.31863e+00  4.75686e+01             
       O -5.92710e+01 -2.31806e+01  5.88232e+01             
       H -5.84706e+01 -2.29387e+01  5.93311e+01             
       H -5.92188e+01 -2.28080e+01  5.79248e+01             
       O -6.37724e+01 -2.17186e+01  6.43023e+01             
       H -6.33178e+01 -2.10193e+01  6.47701e+01             
       H -6.30880e+01 -2.23594e+01  6.39946e+01             
       O -7.93901e+01 -1.94519e+01  5.02148e+01             
       H -7.88231e+01 -1.99118e+01  4.95435e+01             
       H -7.89206e+01 -1.87103e+01  5.06298e+01             
       O -5.51275e+01 -1.09346e+00  6.39810e+01             
       H -5.49194e+01 -3.50692e-01  6.34252e+01             
       H -5.47407e+01 -1.84000e+00  6.35210e+01             
       O -6.15197e+01 -1.25895e+01  4.12811e+01             
       H -6.16334e+01 -1.35532e+01  4.09914e+01             
       H -6.05735e+01 -1.24765e+01  2.87410e+01             
       O -5.72634e+01 -1.47390e+01  2.91296e+01             
       H -5.72705e+01 -1.53423e+01  2.83854e+01             
       H -6.89955e+01 -1.40413e+01  2.90349e+01             
       O -5.08256e+01 -1.61453e+01  2.54843e+01             
       H -5.07133e+01 -1.59790e+01  2.45027e+01             
       H -5.04887e+01 -1.54259e+01  2.60246e+01             
       O -5.70685e+01 -2.24226e+01  3.58145e+01             
       H -5.61497e+01 -2.23522e+01  3.54055e+01             
       H -5.69069e+01 -2.24916e+01  4.91632e+01             
       O -5.76648e+01 -1.30447e+01  3.75169e+01             
       H -6.30513e+01 -9.58913e+00  4.54401e+01             
       H -5.71392e+01 -1.27826e+01  3.82816e+01             
       O -5.88327e+01 -2.47453e+01  5.38683e+01             
       H -5.86018e+01 -2.56596e+01  5.39812e+01             
       H -5.79970e+01 -2.43207e+01  5.35683e+01             
       O -4.94226e+01 -1.50175e+01  4.01102e+01             
       H -4.91429e+01 -1.55230e+01  4.09245e+01             
       H -4.86160e+01 -1.48136e+01  3.95780e+01             
       O -5.34612e+01 -2.93042e+01  4.77686e+01             
       H -5.26044e+01 -2.96301e+01  4.78032e+01             
       H -5.34793e+01 -2.88610e+01  4.68865e+01             
       O -6.02491e+01 -2.19388e+00  6.03094e+01             
       H -5.95015e+01 -1.85502e+00  5.97567e+01             
       H -6.00453e+01 -2.31848e+00  6.12776e+01             
       O -5.40186e+01  9.52856e+00  6.99474e+01             
       H -5.39497e+01  9.01906e+00  6.91438e+01             
       H -5.31440e+01  1.01046e+01  6.98764e+01             
       O -5.94544e+01 -2.71284e+01  5.59395e+01             
       H -6.69479e+01 -2.03460e+01  4.17044e+01             
       H -5.86517e+01 -2.75539e+01  5.57639e+01             
       O -6.16655e+01 -1.65303e+01  5.50030e+01             
       H -5.70031e+01 -1.33419e+01  3.68655e+01             
       H -6.10847e+01 -1.59223e+01  5.54331e+01             
       O -5.26911e+01 -1.37219e+01  4.16108e+01             
       H -6.76228e+01 -6.99722e+00  4.48162e+01             
       H -5.25129e+01 -1.36435e+01  4.06445e+01             
       O -5.47546e+01 -2.85479e+01  5.03609e+01             
       H -6.65604e+01 -2.90485e+01  6.33371e+01             
       H -5.01456e+01 -6.56516e+00  6.16031e+01             
       O -8.94597e+01 -1.34499e+01  5.77862e+01             
       H -8.88697e+01 -1.31107e+01  5.70373e+01             
       H -8.88305e+01 -1.37669e+01  5.84991e+01             
       O -5.70405e+01 -3.12085e+01  4.92545e+01             
       H -5.60501e+01 -3.14948e+01  4.93573e+01             
       H -5.86366e+01 -1.27376e+01  5.84284e+01             
       O -6.32006e+01 -9.33677e+00  4.45518e+01             
       H -6.23766e+01 -8.77011e+00  4.43389e+01             
       H -7.67364e+01 -1.89343e+01  2.93479e+01             
       O -7.40017e+01 -2.05893e+01  4.68343e+01             
       H -7.34167e+01 -1.99147e+01  4.64877e+01             
       H -7.34717e+01 -2.11267e+01  4.74322e+01             
       O -5.63704e+01 -2.32837e+01  4.15322e+01             
       H -5.56426e+01 -2.28159e+01  4.11143e+01             
       H -5.59870e+01 -2.41382e+01  4.17571e+01             
       O -4.33605e+01 -2.62780e+01  4.81045e+01             
       H -4.24737e+01 -1.39628e+01  4.84271e+01             
       H -4.32243e+01 -2.57519e+01  4.73178e+01             
       O -5.79169e+01 -7.23513e+00  5.37447e+01             
       H -4.56755e+01 -8.15602e+00  5.40124e+01             
       H -5.69176e+01 -7.26836e+00  5.36469e+01             
       O -5.37207e+01  1.83617e+00  5.24405e+01             
       H -6.04581e+01 -2.85175e+01  4.70704e+01             
       H -6.68884e+01  3.86078e+00  4.66717e+01             
       O -6.98922e+01 -1.62885e+01  4.79694e+01             
       H -6.94887e+01 -1.54367e+01  4.77980e+01             
       H -7.00312e+01 -1.67050e+01  4.71365e+01             
       O -6.60776e+01 -6.99359e+00  3.38554e+01             
       H -6.51089e+01 -1.93891e+01  3.38165e+01             
       H -6.62932e+01 -6.27932e+00  3.43882e+01             
       O -7.19823e+01 -1.82492e+01  5.53750e+01             
       H -7.14698e+01 -1.77003e+01  5.59544e+01             
       H -7.13201e+01 -1.84931e+01  5.47091e+01             
       O -6.37374e+01 -1.72986e+01  5.83692e+01             
       H -6.38738e+01 -1.67618e+01  5.75935e+01             
       H -6.28242e+01 -1.75039e+01  5.83886e+01             
       O -7.35037e+01 -2.04461e+01  4.30706e+01             
       H -7.28973e+01 -1.97522e+01  5.57077e+01             
       H -6.66578e+01 -4.09702e+01  3.71421e+01             
       O -5.25082e+01 -2.11154e+01  6.12446e+01             
       H -5.17115e+01 -2.04877e+01  6.11937e+01             
       H -5.23804e+01 -2.15915e+01  6.20733e+01             
       O -5.90749e+01 -1.91852e+01  5.09765e+01             
       H -5.86568e+01 -1.95683e+01  5.17556e+01             
       H -5.83714e+01 -1.91028e+01  5.02934e+01             
       O -8.19384e+01 -2.19881e+01  5.64357e+01             
       H -8.15797e+01 -2.10952e+01  5.66024e+01             
       H -8.12207e+01 -2.24686e+01  5.60458e+01             
       O -5.60163e+01 -2.20556e+01  5.08075e+01             
       H -5.56932e+01 -2.11734e+01  5.08127e+01             
       H -5.54433e+01 -2.26294e+01  5.13188e+01             
       O -7.43908e+01 -1.18326e+01  2.14359e+01             
       H -7.43641e+01 -1.20848e+01  2.05358e+01             
       H -7.35801e+01 -1.14338e+01  2.17522e+01             
       O -6.51360e+01 -1.83277e+01  2.92027e+01             
       H -4.08802e+01 -1.14350e+01  3.99824e+01             
       H -6.49156e+01 -1.74722e+01  2.96754e+01             
       O -6.75271e+01 -1.30277e+01  5.49414e+01             
       H -6.73726e+01 -1.27427e+01  5.58208e+01             
       H -6.67080e+01 -1.32050e+01  5.44711e+01             
       O -6.89667e+01 -1.48289e+01  6.94062e+01             
       H -6.87407e+01 -1.46688e+01  6.85000e+01             
       H -6.80514e+01 -1.48763e+01  6.97879e+01             
192                                                         
# CELL(abcABC):   12.41850    12.41850    12.41850    90.00000    90.00000    90.00000  Step:      200000  Bead:       0 x_centroid{angstrom}  cell{angstrom}   
       O -8.41105e+01 -1.23333e+01  6.68747e+01             
       H -8.36009e+01 -1.15774e+01  6.65337e+01             
       H -8.35077e+01 -1.25392e+01  6.76426e+01             
       O -7.47409e+01 -8.84220e+00  6.62494e+01             
       H -7.36399e+01 -2.00941e+01  6.41333e+01             
       H -7.39401e+01 -8.28796e+00  6.64677e+01             
       O -7.90172e+01 -2.78516e+01  5.39273e+01             
       H -7.82508e+01 -1.53135e+01  5.45022e+01             
       H -7.86116e+01 -2.77886e+01  5.29745e+01             
       O -7.01809e+01 -2.61316e+01  5.62213e+01             
       H -6.98364e+01 -2.58413e+01  5.70882e+01             
       H -6.94491e+01 -2.59566e+01  5.55870e+01             
       O -6.32597e+01 -2.46233e+01  5.90509e+01             
       H -6.30445e+01 -2.39575e+01  5.97393e+01             
       H -6.24141e+01 -2.46045e+01  5.85174e+01             
       O -6.53583e+01 -2.25864e+01  6.98143e+01             
       H -6.46540e+01 -2.20192e+01  6.95162e+01             
       H -6.50527e+01 -2.33434e+01  7.02578e+01             
       O -8.05647e+01 -2.20612e+01  4.72550e+01             
       H -7.99005e+01 -2.14873e+01  4.67910e+01             
       H -6.32769e+01  5.71643e-01  5.52096e+01             
       O -6.32277e+01 -1.65276e+01  7.48794e+01             
       H -6.25910e+01 -1.57714e+01  7.45450e+01             
       H -6.26032e+01 -2.95893e+01  7.53710e+01             
       O -8.49573e+01 -1.44939e+01  4.74128e+01             
       H -8.41929e+01 -1.39388e+01  4.76307e+01             
       H -8.46464e+01 -1.54406e+01  4.74315e+01             
       O -7.63039e+01 -2.93710e+01  5.98087e+01             
       H -7.55293e+01 -2.97865e+01  5.93285e+01             
       H -7.61732e+01 -2.91776e+01  6.07631e+01             
       O -8.28994e+01 -8.80549e+00  6.45546e+01             
       H -8.21181e+01 -9.41221e+00  6.45227e+01             
       H -8.26715e+01 -8.27082e+00  6.37154e+01             
       O -7.84848e+01 -1.11202e+01  5.11493e+01             
       H -7.80544e+01 -1.18446e+01  5.05873e+01             
       H -6.13684e+01 -1.79423e+01  4.56210e+01             
       O -7.21164e+01 -3.27103e+01  5.41272e+01             
       H -7.12895e+01 -3.30121e+01  5.37077e+01             
       H -7.14627e+01 -2.95066e+01  6.34368e+01             
       O -8.57941e+01 -1.68964e+01  5.63483e+01             
       H -8.54479e+01 -1.60161e+01  5.65324e+01             
       H -8.49722e+01 -1.73990e+01  5.61175e+01             
       O -6.55610e+01 -2.78192e+01  6.37485e+01             
       H -6.48417e+01 -2.84673e+01  6.34914e+01             
       H -6.49853e+01 -2.70365e+01  6.35690e+01             
       O -7.46844e+01 -1.19349e+01  6.46166e+01             
       H -7.42592e+01 -1.11282e+01  6.41526e+01             
       H -7.40277e+01 -1.27236e+01  6.44210e+01             
       O -7.64060e+01 -1.33235e+01  5.06270e+01             
       H -7.56508e+01 -2.59931e+01  5.00379e+01             
       H -7.59393e+01 -1.27621e+01  5.12938e+01             
       O -7.68088e+01 -2.71502e+01  4.31132e+01             
       H -7.64859e+01 -2.67783e+01  4.39026e+01             
       H -7.60133e+01 -2.73192e+01  4.25089e+01             
       O -8.20838e+01 -1.02510e+01  5.62283e+01             
       H -8.14267e+01 -1.06784e+01  5.68787e+01             
       H -8.17875e+01 -9.38370e+00  5.59303e+01             
       O -7.95028e+01  3.21141e+00  4.95925e+01             
       H -5.48075e+01 -2.25791e+01  5.40752e+01             
       H -7.91955e+01  2.64848e+00  5.03714e+01             
       O -7.10787e+01 -1.54173e+01  6.40500e+01             
       H -7.00738e+01 -2.56494e+01  6.14472e+01             
       H -8.29230e+01 -1.56251e+01  6.48443e+01             
       O -7.41959e+01 -3.68919e+01  5.62240e+01             
       H -7.35489e+01 -3.62159e+01  5.59477e+01             
       H -7.37231e+01 -3.77087e+01  5.62728e+01             
       O -8.04741e+01 -1.83820e+01  6.45837e+01             
       H -8.00854e+01 -1.83147e+01  6.36648e+01             
       H -7.97887e+01 -1.86723e+01  6.51546e+01             
       O -6.99185e+01 -4.47096e+01  6.22958e+01             
       H -7.00886e+01 -4.51387e+01  6.14278e+01             
       H -6.90936e+01 -4.41452e+01  7.46121e+01             
       O -7.59674e+01 -5.61380e+00  5.31534e+01             
       H -7.51692e+01 -6.14596e+00  5.28632e+01             
       H -7.56158e+01 -4.81531e+00  5.36277e+01             
       O -6.91854e+01 -2.62970e+01  6.27378e+01             
       H -6.84192e+01 -2.67575e+01  6.23464e+01             
       H -6.89177e+01 -2.54774e+01  6.32549e+01             
       O -7.69275e+01 -2.69902e+01  7.10073e+01             
       H -7.67444e+01 -2.79136e+01  7.13238e+01             
       H -7.64349e+01 -2.63043e+01  7.13223e+01             
       O -9.11546e+01 -2.38118e+01  5.53053e+01             
       H -9.03419e+01 -2.41111e+01  5.47705e+01             
       H -9.08041e+01 -2.33623e+01  5.61114e+01             
       O -6.55183e+01 -4.56095e+00  6.93941e+01             
       H -6.50018e+01 -3.77742e+00  6.90320e+01             
       H -6.55333e+01 -5.28538e+00  6.87541e+01             
       O -7.46291e+01 -1.56537e+01  4.18010e+01             
       H -7.40791e+01 -1.59954e+01  4.25378e+01             
       H -7.39222e+01 -1.51756e+01  2.87857e+01             
       O -6.76869e+01 -1.79173e+01  3.70769e+01             
       H -6.69204e+01 -1.83162e+01  3.65619e+01             
       H -7.98030e+01 -1.69936e+01  3.72358e+01             
       O -6.37937e+01 -2.05524e+01  3.17219e+01             
       H -6.34316e+01 -2.04983e+01  3.08496e+01             
       H -6.30032e+01 -2.06834e+01  3.23038e+01             
       O -6.85549e+01 -2.45607e+01  3.97365e+01             
       H -6.76969e+01 -2.41484e+01  3.95636e+01             
       H -6.84631e+01 -2.51732e+01  5.29503e+01             
       O -6.80515e+01 -1.66934e+01  4.52722e+01             
       H -7.22182e+01 -9.80799e+00  5.17004e+01             
       H -6.71497e+01 -1.68843e+01  4.49039e+01             
       O -7.20325e+01 -2.94525e+01  6.02870e+01             
       H -7.21222e+01 -2.96173e+01  6.12754e+01             
       H -7.10830e+01 -2.96114e+01  6.01279e+01             
       O -6.17110e+01 -2.12543e+01  4.56652e+01             
       H -6.13544e+01 -2.04308e+01  4.61145e+01             
       H -6.09330e+01 -2.15828e+01  4.51081e+01             
       O -6.48615e+01 -3.39829e+01  5.23083e+01             
       H -6.45099e+01 -3.35062e+01  5.15553e+01             
       H -6.40981e+01 -3.39486e+01  5.29441e+01             
       O -7.29919e+01 -1.43696e+00  6.49328e+01             
       H -7.21304e+01 -1.88721e+00  6.47165e+01             
       H -7.26329e+01 -9.64902e-01  6.57400e+01             
       O -6.88027e+01  4.61820e+00  7.97614e+01             
       H -6.82625e+01  3.94674e+00  7.91640e+01             
       H -6.80440e+01  5.12274e+00  8.00774e+01             
       O -7.17605e+01 -3.02800e+01  6.29851e+01             
       H -8.01620e+01 -2.20405e+01  4.81636e+01             
       H -7.10494e+01 -3.09469e+01  6.28855e+01             
       O -7.40184e+01 -1.93257e+01  6.37777e+01             
       H -6.87110e+01 -1.69142e+01  4.46419e+01             
       H -7.32299e+01 -1.87367e+01  6.36611e+01             
       O -6.15518e+01 -1.82999e+01  4.64701e+01             
       H -7.86665e+01 -8.74126e+00  4.93788e+01             
       H -6.08452e+01 -1.78216e+01  4.70400e+01             
       O -6.66700e+01 -3.25978e+01  5.83792e+01             
       H -7.83715e+01 -3.29459e+01  7.02824e+01             
       H -6.22377e+01 -9.65962e+00  6.67628e+01             
       O -1.02927e+02 -1.90360e+01  6.70731e+01             
       H -1.02676e+02 -1.98633e+01  6.75323e+01             
       H -1.02209e+02 -1.86011e+01  6.66077e+01             
       O -6.75210e+01 -3.44049e+01  5.33826e+01             
       H -6.66452e+01 -3.42360e+01  5.29440e+01             
       H -7.05204e+01 -1.49667e+01  6.33736e+01             
       O -7.30254e+01 -1.00031e+01  5.11802e+01             
       H -7.26821e+01 -1.03195e+01  5.02878e+01             
       H -8.97038e+01 -1.80453e+01  3.53566e+01             
       O -8.48439e+01 -2.31811e+01  4.86297e+01             
       H -8.42847e+01 -2.39863e+01  4.84515e+01             
       H -8.42962e+01 -2.24328e+01  4.81968e+01             
       O -6.94674e+01 -2.99938e+01  4.74394e+01             
       H -6.87893e+01 -2.96920e+01  4.67896e+01             
       H -6.89631e+01 -3.01231e+01  4.83086e+01             
       O -5.56664e+01 -2.56989e+01  5.45399e+01             
       H -5.51427e+01 -1.25204e+01  5.48556e+01             
       H -5.51200e+01 -2.65301e+01  5.45526e+01             
       O -6.89055e+01 -1.21692e+01  5.87156e+01             
       H -5.58590e+01 -1.29167e+01  5.90202e+01             
       H -6.84523e+01 -1.13340e+01  5.89481e+01             
       O -6.37429e+01  9.70853e-01  5.44669e+01             
       H -7.16960e+01 -3.20264e+01  5.47650e+01             
       H -7.77568e+01  1.66765e+00  5.17005e+01             
       O -8.23696e+01 -1.95575e+01  5.78651e+01             
       H -8.15264e+01 -1.99616e+01  5.75462e+01             
       H -8.21259e+01 -1.91456e+01  5.87482e+01             
       O -7.60084e+01 -8.07762e+00  3.73974e+01             
       H -7.53718e+01 -2.10481e+01  3.68556e+01             
       H -7.54354e+01 -7.46386e+00  3.78773e+01             
       O -8.29792e+01 -2.13228e+01  6.00880e+01             
       H -8.20520e+01 -2.17100e+01  5.99462e+01             
       H -8.30615e+01 -2.10456e+01  5.91929e+01             
       O -7.49443e+01 -2.23954e+01  6.05479e+01             
       H -7.42134e+01 -2.28331e+01  6.08053e+01             
       H -7.46973e+01 -2.20012e+01  5.96865e+01             
       O -8.30353e+01 -2.51425e+01  4.83030e+01             
       H -8.23318e+01 -2.47996e+01  6.01239e+01             
       H -7.87224e+01 -4.43594e+01  4.65613e+01             
       O -6.02164e+01 -2.66731e+01  6.94048e+01             
       H -5.93165e+01 -2.65753e+01  6.90082e+01             
       H -5.99999e+01 -2.65987e+01  7.03695e+01             
       O -7.25735e+01 -2.22568e+01  5.61438e+01             
       H -7.17286e+01 -2.27726e+01  5.62017e+01             
       H -7.24338e+01 -2.15349e+01  5.54736e+01             
       O -9.19635e+01 -2.77713e+01  6.17001e+01             
       H -9.18166e+01 -2.73443e+01  6.08228e+01             
       H -9.12689e+01 -2.76230e+01  6.24264e+01             
       O -6.72868e+01 -2.68153e+01  5.91679e+01             
       H -6.76588e+01 -2.76542e+01  5.88284e+01             
       H -6.62932e+01 -2.69081e+01  5.89716e+01             
       O -8.64769e+01 -1.45378e+01  2.47601e+01             
       H -8.57852e+01 -1.46254e+01  2.54208e+01             
       H -8.59358e+01 -1.44366e+01  2.39043e+01             
       O -7.80189e+01 -1.87243e+01  3.57641e+01             
       H -5.08499e+01 -1.16531e+01  4.12028e+01             
       H -7.73678e+01 -1.93527e+01  3.62445e+01             
       O -8.19303e+01 -1.66867e+01  6.61599e+01             
       H -8.11179e+01 -1.62133e+01  6.62761e+01             
       H -8.16458e+01 -1.74798e+01  6.56075e+01             
       O -8.34536e+01 -1.82135e+01  8.05533e+01             
       H -8.28592e+01 -1.77035e+01  8.00152e+01             
       H -8.28879e+01 -1.87238e+01  8.11508e+01             
