192                                                         
# CELL(abcABC):   12.41850    12.41850    12.41850    90.00000    90.00000    90.00000  Step:           0  Bead:       0 x_centroid{angstrom}  cell{angstrom}   
       O -7.31300e+01 -8.72133e+00  6.14034e+01             
       H -7.26517e+01 -9.52749e+00  6.10461e+01             
       H -7.24598e+01 -8.22554e+00  6.18232e+01             
       O -6.41989e+01 -6.19437e+00  6.14560e+01             
       H -6.13413e+01 -1.68644e+01  5.51253e+01             
       H -6.36755e+01 -5.83301e+00  6.21520e+01             
       O -6.72833e+01 -2.62647e+01  4.65462e+01             
       H -6.65273e+01 -1.44212e+01  4.63507e+01             
       H -6.69243e+01 -2.53667e+01  4.64582e+01             
       O -6.40839e+01 -2.37930e+01  5.09386e+01             
       H -6.34737e+01 -2.30139e+01  5.08936e+01             
       H -6.36415e+01 -2.46497e+01  5.11576e+01             
       O -5.14289e+01 -2.05910e+01  5.35278e+01             
       H -5.08800e+01 -2.01028e+01  5.41546e+01             
       H -5.09523e+01 -2.06384e+01  5.26644e+01             
       O -5.43897e+01 -1.74074e+01  6.42805e+01             
       H -5.37718e+01 -1.76435e+01  6.36049e+01             
       H -5.39252e+01 -1.78430e+01  6.51163e+01             
       O -6.81647e+01 -1.98820e+01  4.29544e+01             
       H -6.74979e+01 -1.92917e+01  4.25140e+01             
       H -5.31612e+01  1.46406e+00  5.33484e+01             
       O -5.18370e+01 -1.64090e+01  6.73508e+01             
       H -5.21233e+01 -1.56803e+01  6.67513e+01             
       H -5.08424e+01 -2.86644e+01  6.74634e+01             
       O -7.38636e+01 -1.01965e+01  4.35694e+01             
       H -7.31216e+01 -1.02985e+01  4.42076e+01             
       H -7.37496e+01 -1.08790e+01  4.28863e+01             
       O -6.54224e+01 -2.72639e+01  5.07483e+01             
       H -6.47127e+01 -2.78548e+01  5.04008e+01             
       H -6.53041e+01 -2.64567e+01  5.02677e+01             
       O -7.13078e+01 -7.01244e+00  5.89258e+01             
       H -7.04181e+01 -7.08953e+00  5.86080e+01             
       H -7.11411e+01 -6.92884e+00  5.98757e+01             
       O -6.75253e+01 -1.08292e+01  4.75595e+01             
       H -6.73646e+01 -1.01855e+01  4.68564e+01             
       H -5.35046e+01 -1.30296e+01  4.34361e+01             
       O -6.12363e+01 -2.97533e+01  4.60270e+01             
       H -6.14358e+01 -2.95601e+01  4.50955e+01             
       H -6.00211e+01 -2.60737e+01  5.66282e+01             
       O -7.25986e+01 -1.39109e+01  5.05820e+01             
       H -7.19858e+01 -1.31638e+01  5.07397e+01             
       H -7.21487e+01 -1.47510e+01  5.08072e+01             
       O -5.19023e+01 -2.55419e+01  5.65246e+01             
       H -5.17579e+01 -2.53014e+01  5.74415e+01             
       H -5.12660e+01 -2.51216e+01  5.60184e+01             
       O -6.53101e+01 -1.19900e+01  6.09831e+01             
       H -6.49055e+01 -1.15951e+01  6.17106e+01             
       H -6.46264e+01 -1.21225e+01  6.03235e+01             
       O -6.70818e+01 -9.88421e+00  4.31923e+01             
       H -6.69015e+01 -2.32041e+01  4.29497e+01             
       H -6.63245e+01 -9.53185e+00  4.36710e+01             
       O -6.52337e+01 -2.65482e+01  4.10001e+01             
       H -6.44576e+01 -2.61407e+01  4.07211e+01             
       H -6.54650e+01 -2.70419e+01  4.02232e+01             
       O -7.46642e+01 -9.32738e+00  5.12088e+01             
       H -7.39506e+01 -9.68501e+00  5.17573e+01             
       H -7.41382e+01 -9.06240e+00  5.04316e+01             
       O -6.86243e+01  5.32453e+00  4.55928e+01             
       H -4.55263e+01 -1.76220e+01  4.85519e+01             
       H -6.85324e+01  5.20122e+00  4.46138e+01             
       O -5.90722e+01 -1.37319e+01  5.85230e+01             
       H -6.19219e+01 -2.08492e+01  5.59064e+01             
       H -7.12858e+01 -1.46701e+01  5.86399e+01             
       O -6.16673e+01 -3.13139e+01  5.17926e+01             
       H -6.16622e+01 -3.04378e+01  5.13948e+01             
       H -6.06784e+01 -3.15109e+01  5.17331e+01             
       O -7.05386e+01 -1.87698e+01  5.47124e+01             
       H -7.00924e+01 -1.95984e+01  5.48185e+01             
       H -7.04017e+01 -1.82020e+01  5.55506e+01             
       O -5.87689e+01 -4.10815e+01  5.16033e+01             
       H -5.88518e+01 -4.20116e+01  5.18599e+01             
       H -5.78378e+01 -4.08669e+01  6.38871e+01             
       O -6.30564e+01 -2.91619e+00  4.72552e+01             
       H -6.24044e+01 -3.60913e+00  4.69904e+01             
       H -6.26358e+01 -2.02317e+00  4.73930e+01             
       O -5.95362e+01 -2.31892e+01  6.04876e+01             
       H -5.86936e+01 -2.31791e+01  6.09285e+01             
       H -5.93698e+01 -2.29751e+01  5.95716e+01             
       O -6.43720e+01 -2.30603e+01  6.67549e+01             
       H -6.42685e+01 -2.21378e+01  6.64865e+01             
       H -6.35206e+01 -2.34812e+01  6.64771e+01             
       O -8.06957e+01 -1.94189e+01  5.07249e+01             
       H -8.00563e+01 -1.96971e+01  5.00847e+01             
       H -8.02686e+01 -1.86538e+01  5.11088e+01             
       O -5.58632e+01 -5.74934e-01  6.50908e+01             
       H -5.51275e+01  2.36352e-02  6.52570e+01             
       H -5.56446e+01 -1.09343e+00  6.43487e+01             
       O -6.16031e+01 -1.21161e+01  4.15380e+01             
       H -6.11137e+01 -1.27649e+01  4.20737e+01             
       H -6.09437e+01 -1.15754e+01  2.86185e+01             
       O -5.80576e+01 -1.48066e+01  2.91610e+01             
       H -5.84251e+01 -1.52759e+01  2.83904e+01             
       H -6.96898e+01 -1.43046e+01  2.88431e+01             
       O -5.07416e+01 -1.62172e+01  2.53088e+01             
       H -5.05938e+01 -1.59504e+01  2.44122e+01             
       H -5.01376e+01 -1.55928e+01  2.57884e+01             
       O -5.68384e+01 -2.28294e+01  3.71732e+01             
       H -5.61518e+01 -2.30218e+01  3.64856e+01             
       H -5.63411e+01 -2.24470e+01  5.03371e+01             
       O -5.84256e+01 -1.19042e+01  3.88853e+01             
       H -6.30980e+01 -8.94574e+00  4.64925e+01             
       H -5.76702e+01 -1.22223e+01  3.94576e+01             
       O -6.00782e+01 -2.26920e+01  5.25745e+01             
       H -5.94069e+01 -2.31948e+01  5.20504e+01             
       H -5.95424e+01 -2.24767e+01  5.33900e+01             
       O -5.02021e+01 -1.37242e+01  3.92038e+01             
       H -4.98005e+01 -1.31868e+01  3.99266e+01             
       H -4.94429e+01 -1.38642e+01  3.86242e+01             
       O -5.44088e+01 -3.00967e+01  4.86078e+01             
       H -5.34756e+01 -3.02226e+01  4.84787e+01             
       H -5.46944e+01 -3.01346e+01  4.76920e+01             
       O -6.13464e+01 -9.42544e-01  5.99321e+01             
       H -6.05106e+01 -9.67646e-01  5.94923e+01             
       H -6.11095e+01 -7.23272e-01  6.08719e+01             
       O -5.60035e+01  7.81099e+00  7.08053e+01             
       H -5.61660e+01  6.83914e+00  7.05604e+01             
       H -5.51684e+01  8.10828e+00  7.04713e+01             
       O -6.02840e+01 -2.62269e+01  5.56852e+01             
       H -6.77901e+01 -2.07535e+01  4.28753e+01             
       H -5.94956e+01 -2.66552e+01  5.53138e+01             
       O -6.17288e+01 -1.62520e+01  5.58232e+01             
       H -5.80099e+01 -1.13303e+01  3.82159e+01             
       H -6.11987e+01 -1.54509e+01  5.56825e+01             
       O -5.43278e+01 -1.28108e+01  4.29443e+01             
       H -6.77717e+01 -7.42554e+00  4.59373e+01             
       H -5.40569e+01 -1.31499e+01  4.20373e+01             
       O -5.63051e+01 -2.75939e+01  5.08037e+01             
       H -6.79593e+01 -2.81401e+01  6.34757e+01             
       H -5.11325e+01 -6.44310e+00  6.07574e+01             
       O -9.01619e+01 -1.56060e+01  5.82460e+01             
       H -8.97224e+01 -1.57964e+01  5.74004e+01             
       H -8.94396e+01 -1.54853e+01  5.89291e+01             
       O -5.79944e+01 -3.09365e+01  4.89445e+01             
       H -5.70799e+01 -3.11570e+01  4.92419e+01             
       H -5.82319e+01 -1.33801e+01  5.81733e+01             
       O -6.34980e+01 -9.60314e+00  4.58960e+01             
       H -6.28898e+01 -9.69605e+00  4.51726e+01             
       H -7.77539e+01 -1.94202e+01  2.89526e+01             
       O -7.49789e+01 -1.98636e+01  4.72373e+01             
       H -7.44640e+01 -1.92453e+01  4.66266e+01             
       H -7.43265e+01 -2.02724e+01  4.78594e+01             
       O -5.69288e+01 -2.33425e+01  4.43300e+01             
       H -5.62127e+01 -2.28054e+01  4.40389e+01             
       H -5.65461e+01 -2.41570e+01  4.46525e+01             
       O -4.42592e+01 -2.63638e+01  4.84227e+01             
       H -4.44461e+01 -1.30505e+01  4.86003e+01             
       H -4.35638e+01 -2.63151e+01  4.76839e+01             
       O -5.78569e+01 -9.81690e+00  5.41065e+01             
       H -4.50772e+01 -1.05313e+01  5.46651e+01             
       H -5.71278e+01 -9.88348e+00  5.34024e+01             
       O -5.38290e+01  1.28124e+00  5.26743e+01             
       H -6.03041e+01 -2.98047e+01  4.60855e+01             
       H -6.66475e+01  1.32327e+00  4.78208e+01             
       O -7.03331e+01 -1.62244e+01  4.75453e+01             
       H -7.00769e+01 -1.53648e+01  4.79148e+01             
       H -6.95274e+01 -1.64672e+01  4.70501e+01             
       O -6.64674e+01 -8.32352e+00  3.37644e+01             
       H -6.57963e+01 -2.06691e+01  3.31039e+01             
       H -6.61258e+01 -8.26723e+00  3.46900e+01             
       O -7.32736e+01 -1.83032e+01  5.43111e+01             
       H -7.23370e+01 -1.85021e+01  5.44489e+01             
       H -7.35552e+01 -1.85695e+01  5.33827e+01             
       O -6.51761e+01 -1.99271e+01  5.65619e+01             
       H -6.52496e+01 -1.89844e+01  5.66852e+01             
       H -6.42541e+01 -2.00779e+01  5.63031e+01             
       O -7.47373e+01 -1.99657e+01  4.34422e+01             
       H -7.40983e+01 -1.92912e+01  5.55264e+01             
       H -6.86462e+01 -3.97932e+01  3.74302e+01             
       O -5.32932e+01 -2.07348e+01  6.13854e+01             
       H -5.26915e+01 -1.99310e+01  6.13997e+01             
       H -5.27982e+01 -2.11536e+01  6.20971e+01             
       O -5.89254e+01 -1.93654e+01  5.14406e+01             
       H -5.82317e+01 -1.97604e+01  5.19384e+01             
       H -5.85855e+01 -1.91745e+01  5.05307e+01             
       O -8.41836e+01 -2.21247e+01  5.79267e+01             
       H -8.41645e+01 -2.13613e+01  5.84948e+01             
       H -8.32247e+01 -2.22867e+01  5.76514e+01             
       O -5.59271e+01 -2.19231e+01  5.23718e+01             
       H -5.58216e+01 -2.09699e+01  5.22209e+01             
       H -5.50254e+01 -2.21997e+01  5.26543e+01             
       O -7.60113e+01 -1.20749e+01  2.18052e+01             
       H -7.59894e+01 -1.11196e+01  2.14998e+01             
       H -7.50799e+01 -1.23851e+01  2.19481e+01             
       O -6.57522e+01 -1.85638e+01  2.91123e+01             
       H -4.09503e+01 -1.11880e+01  3.93966e+01             
       H -6.51885e+01 -1.78969e+01  2.96396e+01             
       O -6.91099e+01 -1.39197e+01  5.70159e+01             
       H -6.83963e+01 -1.41640e+01  5.76182e+01             
       H -6.85894e+01 -1.35761e+01  5.62755e+01             
       O -7.05060e+01 -1.65400e+01  6.88260e+01             
       H -7.02553e+01 -1.60143e+01  6.80751e+01             
       H -6.96759e+01 -1.65045e+01  6.93165e+01             
192                                                         
# CELL(abcABC):   12.41850    12.41850    12.41850    90.00000    90.00000    90.00000  Step:      200000  Bead:       0 x_centroid{angstrom}  cell{angstrom}   
       O -8.52954e+01 -1.38218e+01  6.57889e+01             
       H -8.44202e+01 -1.40379e+01  6.62426e+01             
       H -8.51117e+01 -1.28681e+01  6.57502e+01             
       O -7.87277e+01 -9.64242e+00  7.02113e+01             
       H -7.50806e+01 -2.03103e+01  5.99232e+01             
       H -7.79650e+01 -9.95105e+00  6.96557e+01             
       O -7.86062e+01 -3.00615e+01  5.69016e+01             
       H -7.93625e+01 -1.72520e+01  5.64592e+01             
       H -7.78965e+01 -3.01908e+01  5.61915e+01             
       O -7.63903e+01 -2.74139e+01  5.73942e+01             
       H -7.55302e+01 -2.74422e+01  5.68574e+01             
       H -7.62526e+01 -2.83040e+01  5.78885e+01             
       O -6.55709e+01 -2.59836e+01  5.91387e+01             
       H -6.51059e+01 -2.52602e+01  5.95397e+01             
       H -6.49447e+01 -2.63016e+01  5.84427e+01             
       O -7.14062e+01 -1.89962e+01  7.21924e+01             
       H -7.04829e+01 -1.92705e+01  7.20546e+01             
       H -7.13358e+01 -1.82331e+01  7.27744e+01             
       O -8.14599e+01 -2.42496e+01  4.87307e+01             
       H -8.07647e+01 -2.38167e+01  4.91505e+01             
       H -6.74103e+01 -8.50819e-01  5.90347e+01             
       O -6.66225e+01 -1.85941e+01  7.75983e+01             
       H -6.57611e+01 -1.85264e+01  7.80907e+01             
       H -6.63974e+01 -3.07582e+01  7.66652e+01             
       O -8.67522e+01 -1.24427e+01  5.08888e+01             
       H -8.60064e+01 -1.18034e+01  5.06987e+01             
       H -8.62844e+01 -1.32861e+01  5.07078e+01             
       O -8.01878e+01 -3.23753e+01  5.69361e+01             
       H -7.97086e+01 -3.31681e+01  5.72976e+01             
       H -7.96241e+01 -3.16425e+01  5.71249e+01             
       O -8.45921e+01 -1.09442e+01  6.60743e+01             
       H -8.39546e+01 -1.08727e+01  6.53435e+01             
       H -8.41488e+01 -1.07089e+01  6.69343e+01             
       O -8.20082e+01 -1.64729e+01  5.60803e+01             
       H -8.17066e+01 -1.63124e+01  5.70374e+01             
       H -6.57335e+01 -1.70773e+01  4.99876e+01             
       O -7.34388e+01 -3.32261e+01  5.33095e+01             
       H -7.29817e+01 -3.40118e+01  5.36402e+01             
       H -7.31206e+01 -2.96827e+01  6.31653e+01             
       O -8.46847e+01 -1.31069e+01  5.67125e+01             
       H -8.45171e+01 -1.28822e+01  5.76287e+01             
       H -8.38703e+01 -1.30315e+01  5.62302e+01             
       O -6.75697e+01 -2.89363e+01  6.68092e+01             
       H -6.67788e+01 -2.84203e+01  6.70632e+01             
       H -6.73195e+01 -2.96797e+01  6.62161e+01             
       O -7.81145e+01 -1.51427e+01  6.76789e+01             
       H -7.76503e+01 -1.51736e+01  6.85573e+01             
       H -7.74414e+01 -1.48818e+01  6.69966e+01             
       O -7.83611e+01 -1.37809e+01  5.13840e+01             
       H -7.81075e+01 -2.63741e+01  5.04430e+01             
       H -7.76165e+01 -1.40329e+01  5.19898e+01             
       O -7.73881e+01 -3.49819e+01  4.76644e+01             
       H -7.69646e+01 -3.41275e+01  4.76773e+01             
       H -7.67419e+01 -3.57001e+01  4.76813e+01             
       O -8.62780e+01 -1.52458e+01  5.58819e+01             
       H -8.55961e+01 -1.48530e+01  5.64711e+01             
       H -8.62234e+01 -1.46729e+01  5.50630e+01             
       O -8.26185e+01  2.04083e+00  5.17220e+01             
       H -5.78964e+01 -2.26663e+01  5.65479e+01             
       H -8.21301e+01  2.87112e+00  5.19515e+01             
       O -7.16357e+01 -1.92916e+01  6.48422e+01             
       H -7.51528e+01 -2.47884e+01  6.17204e+01             
       H -8.33868e+01 -1.91210e+01  6.41328e+01             
       O -8.01910e+01 -3.26508e+01  6.18792e+01             
       H -7.95343e+01 -3.19804e+01  6.20463e+01             
       H -7.99400e+01 -3.34351e+01  6.23969e+01             
       O -8.48773e+01 -2.31123e+01  6.24941e+01             
       H -8.45832e+01 -2.32465e+01  6.15580e+01             
       H -8.40156e+01 -2.29502e+01  6.30083e+01             
       O -7.01539e+01 -4.13688e+01  6.13151e+01             
       H -6.96088e+01 -4.13405e+01  6.04736e+01             
       H -6.98594e+01 -4.06670e+01  7.43243e+01             
       O -7.51520e+01 -9.19397e+00  5.11796e+01             
       H -7.44005e+01 -8.92823e+00  5.17916e+01             
       H -7.46883e+01 -9.55726e+00  5.04009e+01             
       O -7.04378e+01 -2.64585e+01  6.71165e+01             
       H -6.98967e+01 -2.72311e+01  6.74214e+01             
       H -6.98771e+01 -2.60323e+01  6.64326e+01             
       O -7.80350e+01 -2.77623e+01  7.37375e+01             
       H -7.82509e+01 -2.74060e+01  7.27953e+01             
       H -7.70981e+01 -2.78478e+01  7.37930e+01             
       O -9.32758e+01 -2.34799e+01  5.69081e+01             
       H -9.26043e+01 -2.28593e+01  5.73302e+01             
       H -9.27084e+01 -2.38382e+01  5.61826e+01             
       O -6.67955e+01 -5.63936e+00  7.20527e+01             
       H -6.60966e+01 -5.66609e+00  7.13416e+01             
       H -6.63868e+01 -5.36891e+00  7.28621e+01             
       O -7.53994e+01 -1.62520e+01  4.94504e+01             
       H -7.47404e+01 -1.56018e+01  4.97708e+01             
       H -7.49346e+01 -1.65497e+01  3.62437e+01             
       O -7.34878e+01 -2.06977e+01  3.49191e+01             
       H -7.27767e+01 -2.00849e+01  3.48111e+01             
       H -8.56252e+01 -2.16122e+01  3.50096e+01             
       O -6.46043e+01 -1.84377e+01  2.97953e+01             
       H -6.38152e+01 -1.79115e+01  2.95580e+01             
       H -6.41976e+01 -1.92158e+01  3.02305e+01             
       O -6.88588e+01 -2.87046e+01  4.63460e+01             
       H -6.81203e+01 -2.92555e+01  4.67473e+01             
       H -6.84283e+01 -2.78195e+01  5.87994e+01             
       O -7.25336e+01 -1.51118e+01  4.71693e+01             
       H -7.48388e+01 -1.17995e+01  5.41714e+01             
       H -7.18487e+01 -1.54576e+01  4.77046e+01             
       O -7.29755e+01 -2.47802e+01  5.94711e+01             
       H -7.27367e+01 -2.57427e+01  5.96506e+01             
       H -7.21666e+01 -2.43340e+01  5.96609e+01             
       O -6.30284e+01 -1.72609e+01  4.62084e+01             
       H -6.32429e+01 -1.81318e+01  4.65853e+01             
       H -6.20817e+01 -1.74213e+01  4.59192e+01             
       O -6.46448e+01 -3.52449e+01  5.58895e+01             
       H -6.43370e+01 -3.43286e+01  5.56837e+01             
       H -6.37465e+01 -3.57414e+01  5.59651e+01             
       O -7.28818e+01 -5.14581e+00  7.03942e+01             
       H -7.26703e+01 -5.18904e+00  6.94369e+01             
       H -7.22223e+01 -5.62488e+00  7.08463e+01             
       O -6.80118e+01  3.96163e+00  7.75407e+01             
       H -6.73075e+01  3.30680e+00  7.76846e+01             
       H -6.75769e+01  4.83607e+00  7.75833e+01             
       O -7.35407e+01 -3.03781e+01  6.35867e+01             
       H -8.12131e+01 -2.47856e+01  4.78912e+01             
       H -7.27918e+01 -3.09405e+01  6.39683e+01             
       O -7.60219e+01 -2.01536e+01  6.01834e+01             
       H -7.25961e+01 -1.56654e+01  4.63977e+01             
       H -7.60585e+01 -1.98749e+01  6.11192e+01             
       O -6.59656e+01 -1.79781e+01  5.01690e+01             
       H -8.21191e+01 -1.11534e+01  5.20210e+01             
       H -6.50742e+01 -1.84177e+01  5.02546e+01             
       O -6.96840e+01 -3.27610e+01  5.48662e+01             
       H -8.13650e+01 -3.26828e+01  6.79854e+01             
       H -6.60336e+01 -9.88188e+00  7.11358e+01             
       O -1.02488e+02 -2.32021e+01  6.44488e+01             
       H -1.01621e+02 -2.27783e+01  6.45275e+01             
       H -1.02311e+02 -2.41130e+01  6.46391e+01             
       O -7.10931e+01 -3.48388e+01  5.61161e+01             
       H -7.06866e+01 -3.41280e+01  5.55708e+01             
       H -7.14808e+01 -1.87671e+01  6.56837e+01             
       O -7.53584e+01 -1.20369e+01  5.33422e+01             
       H -7.45900e+01 -1.20813e+01  5.26665e+01             
       H -8.76000e+01 -1.86743e+01  3.81965e+01             
       O -8.78838e+01 -2.06642e+01  5.53107e+01             
       H -8.75429e+01 -2.05524e+01  5.43709e+01             
       H -8.71779e+01 -2.08119e+01  5.59586e+01             
       O -7.03307e+01 -2.64680e+01  5.01418e+01             
       H -6.99691e+01 -2.56775e+01  4.96877e+01             
       H -6.97262e+01 -2.67174e+01  5.08939e+01             
       O -6.24188e+01 -2.95036e+01  5.34812e+01             
       H -6.19998e+01 -1.76274e+01  5.27960e+01             
       H -6.17289e+01 -2.92044e+01  5.40010e+01             
       O -7.09288e+01 -1.03549e+01  5.99894e+01             
       H -5.78058e+01 -1.08695e+01  6.05539e+01             
       H -7.03967e+01 -9.61921e+00  5.96263e+01             
       O -6.83414e+01 -6.08523e-01  5.89774e+01             
       H -7.26556e+01 -3.27361e+01  5.29766e+01             
       H -8.11799e+01 -4.25934e+00  5.55481e+01             
       O -8.39046e+01 -1.82361e+01  5.52241e+01             
       H -8.32388e+01 -1.75536e+01  5.54567e+01             
       H -8.33749e+01 -1.90418e+01  5.53143e+01             
       O -8.11113e+01 -1.22306e+01  4.05474e+01             
       H -8.09863e+01 -2.54390e+01  4.00452e+01             
       H -8.03042e+01 -1.20362e+01  4.10719e+01             
       O -8.70037e+01 -2.42764e+01  5.63453e+01             
       H -8.63218e+01 -2.49958e+01  5.63966e+01             
       H -8.66285e+01 -2.34627e+01  5.68256e+01             
       O -7.93548e+01 -2.29948e+01  6.20785e+01             
       H -7.87832e+01 -2.32619e+01  6.27855e+01             
       H -7.86650e+01 -2.28053e+01  6.13865e+01             
       O -8.78880e+01 -2.46500e+01  4.83745e+01             
       H -8.70668e+01 -2.46381e+01  6.03060e+01             
       H -8.17069e+01 -4.53669e+01  4.15940e+01             
       O -6.66884e+01 -2.43305e+01  6.72550e+01             
       H -6.60170e+01 -2.37072e+01  6.76036e+01             
       H -6.63745e+01 -2.52707e+01  6.73047e+01             
       O -7.35885e+01 -2.16954e+01  5.71656e+01             
       H -7.26341e+01 -2.18194e+01  5.68416e+01             
       H -7.33702e+01 -2.11509e+01  5.79957e+01             
       O -9.76331e+01 -2.75264e+01  6.30004e+01             
       H -9.76028e+01 -2.73316e+01  6.39194e+01             
       H -9.68227e+01 -2.71626e+01  6.26376e+01             
       O -6.91801e+01 -2.05734e+01  5.95452e+01             
       H -6.84960e+01 -2.05082e+01  6.02847e+01             
       H -6.86790e+01 -2.03813e+01  5.86580e+01             
       O -8.88407e+01 -1.45425e+01  2.84182e+01             
       H -8.82870e+01 -1.53339e+01  2.83215e+01             
       H -8.83572e+01 -1.36688e+01  2.83747e+01             
       O -7.59525e+01 -1.91463e+01  3.79688e+01             
       H -5.60707e+01 -1.23873e+01  4.57937e+01             
       H -7.57872e+01 -2.01048e+01  3.83097e+01             
       O -8.06434e+01 -1.51600e+01  6.41701e+01             
       H -8.06651e+01 -1.57170e+01  6.49521e+01             
       H -7.97412e+01 -1.47762e+01  6.40784e+01             
       O -8.24309e+01 -1.89925e+01  7.53875e+01             
       H -8.16340e+01 -1.95159e+01  7.50691e+01             
       H -8.25413e+01 -1.82311e+01  7.47930e+01             
