192                                                         
# CELL(abcABC):   12.41850    12.41850    12.41850    90.00000    90.00000    90.00000  Step:           0  Bead:       0 x_centroid{angstrom}  cell{angstrom}   
       O -7.32303e+01 -8.17708e+00  6.25729e+01             
       H -7.32226e+01 -8.61887e+00  6.17131e+01             
       H -7.23294e+01 -8.17994e+00  6.28511e+01             
       O -6.53792e+01 -5.99379e+00  6.22962e+01             
       H -6.20357e+01 -1.67603e+01  5.57487e+01             
       H -6.51046e+01 -5.32485e+00  6.29238e+01             
       O -6.66880e+01 -2.76369e+01  4.60055e+01             
       H -6.60146e+01 -1.59021e+01  4.59788e+01             
       H -6.61673e+01 -2.68277e+01  4.58337e+01             
       O -6.46881e+01 -2.33343e+01  5.16057e+01             
       H -6.39632e+01 -2.25782e+01  5.16500e+01             
       H -6.43396e+01 -2.40072e+01  5.22256e+01             
       O -5.30801e+01 -2.20500e+01  5.43972e+01             
       H -5.24931e+01 -2.15805e+01  5.50201e+01             
       H -5.26246e+01 -2.21626e+01  5.35683e+01             
       O -5.52194e+01 -1.66704e+01  6.47539e+01             
       H -5.48767e+01 -1.58394e+01  6.44803e+01             
       H -5.44953e+01 -1.70338e+01  6.53290e+01             
       O -6.75316e+01 -1.97560e+01  4.26482e+01             
       H -6.71210e+01 -1.89951e+01  4.22299e+01             
       H -5.49944e+01  8.55380e-01  5.29485e+01             
       O -5.26835e+01 -1.58504e+01  6.79343e+01             
       H -5.28152e+01 -1.54935e+01  6.70645e+01             
       H -5.17052e+01 -2.83058e+01  6.81251e+01             
       O -7.43966e+01 -9.62812e+00  4.49310e+01             
       H -7.35628e+01 -9.35892e+00  4.53634e+01             
       H -7.42922e+01 -1.04707e+01  4.45323e+01             
       O -6.60770e+01 -2.70302e+01  5.12435e+01             
       H -6.52542e+01 -2.75418e+01  5.10261e+01             
       H -6.62207e+01 -2.64466e+01  5.05035e+01             
       O -7.19591e+01 -6.43216e+00  5.91424e+01             
       H -7.14877e+01 -5.92641e+00  5.84412e+01             
       H -7.15390e+01 -6.10604e+00  5.99399e+01             
       O -6.84831e+01 -1.23224e+01  4.77978e+01             
       H -6.83307e+01 -1.15114e+01  4.72576e+01             
       H -5.48980e+01 -1.53335e+01  4.39102e+01             
       O -6.24171e+01 -3.09474e+01  4.59240e+01             
       H -6.21089e+01 -3.02267e+01  4.53184e+01             
       H -6.05187e+01 -2.66860e+01  5.71816e+01             
       O -7.41051e+01 -1.37136e+01  5.13338e+01             
       H -7.32152e+01 -1.32861e+01  5.13561e+01             
       H -7.43926e+01 -1.35495e+01  5.04258e+01             
       O -5.33607e+01 -2.51289e+01  5.78313e+01             
       H -5.26123e+01 -2.49105e+01  5.85198e+01             
       H -5.29591e+01 -2.50269e+01  5.69786e+01             
       O -6.58639e+01 -1.23499e+01  6.16639e+01             
       H -6.53527e+01 -1.21466e+01  6.24249e+01             
       H -6.52146e+01 -1.25751e+01  6.09838e+01             
       O -6.76569e+01 -1.07127e+01  4.57732e+01             
       H -6.70084e+01 -2.37354e+01  4.54840e+01             
       H -6.71181e+01 -9.90693e+00  4.60272e+01             
       O -6.64377e+01 -2.63196e+01  4.15413e+01             
       H -6.57285e+01 -2.57812e+01  4.19319e+01             
       H -6.62222e+01 -2.64978e+01  4.06010e+01             
       O -7.50602e+01 -8.98725e+00  5.21457e+01             
       H -7.44976e+01 -9.51568e+00  5.27322e+01             
       H -7.44564e+01 -8.75282e+00  5.13703e+01             
       O -6.93084e+01  5.08847e+00  4.45164e+01             
       H -4.50548e+01 -1.68178e+01  4.82258e+01             
       H -6.85754e+01  5.05020e+00  4.39004e+01             
       O -5.97703e+01 -1.41438e+01  5.87573e+01             
       H -6.35308e+01 -2.09241e+01  5.66250e+01             
       H -7.20301e+01 -1.50575e+01  5.88685e+01             
       O -6.33982e+01 -3.11973e+01  5.37945e+01             
       H -6.25762e+01 -3.09401e+01  5.42029e+01             
       H -6.33002e+01 -3.20378e+01  5.33370e+01             
       O -7.17584e+01 -1.96484e+01  5.60025e+01             
       H -7.17059e+01 -2.05120e+01  5.55708e+01             
       H -7.09493e+01 -1.96929e+01  5.64954e+01             
       O -6.07134e+01 -4.23400e+01  4.93664e+01             
       H -5.97737e+01 -4.23244e+01  4.93521e+01             
       H -6.07982e+01 -4.22646e+01  6.27243e+01             
       O -6.25736e+01 -3.42573e+00  4.83615e+01             
       H -6.17843e+01 -3.99084e+00  4.84742e+01             
       H -6.22103e+01 -2.49395e+00  4.83276e+01             
       O -6.04524e+01 -2.29497e+01  6.07407e+01             
       H -5.95188e+01 -2.28964e+01  6.09932e+01             
       H -6.03062e+01 -2.25084e+01  5.98299e+01             
       O -6.48214e+01 -2.46025e+01  6.76442e+01             
       H -6.51027e+01 -2.36950e+01  6.74496e+01             
       H -6.38512e+01 -2.45643e+01  6.77778e+01             
       O -8.13120e+01 -1.86087e+01  5.08879e+01             
       H -8.05675e+01 -1.91894e+01  5.07462e+01             
       H -8.09001e+01 -1.77751e+01  5.12525e+01             
       O -5.73389e+01 -9.78551e-01  6.46994e+01             
       H -5.65311e+01 -6.13292e-01  6.42843e+01             
       H -5.75603e+01 -1.82114e+00  6.42960e+01             
       O -6.21481e+01 -1.20015e+01  4.33783e+01             
       H -6.18480e+01 -1.29102e+01  4.36133e+01             
       H -6.17040e+01 -1.19118e+01  3.01271e+01             
       O -6.02882e+01 -1.80470e+01  2.74384e+01             
       H -5.97878e+01 -1.88829e+01  2.72720e+01             
       H -7.19607e+01 -1.74389e+01  2.73502e+01             
       O -5.13901e+01 -1.62227e+01  2.64443e+01             
       H -5.06217e+01 -1.61987e+01  2.58692e+01             
       H -5.12177e+01 -1.67788e+01  2.72122e+01             
       O -5.78590e+01 -2.29923e+01  3.66905e+01             
       H -5.72584e+01 -2.36965e+01  3.63555e+01             
       H -5.72209e+01 -2.22326e+01  4.91914e+01             
       O -5.95021e+01 -1.18982e+01  3.88171e+01             
       H -6.32076e+01 -8.59543e+00  4.77698e+01             
       H -5.87556e+01 -1.24245e+01  3.91106e+01             
       O -6.11338e+01 -2.30696e+01  5.36500e+01             
       H -6.06233e+01 -2.34485e+01  5.29008e+01             
       H -6.03233e+01 -2.27716e+01  5.41662e+01             
       O -5.14958e+01 -1.32454e+01  4.03279e+01             
       H -5.13713e+01 -1.35044e+01  4.12240e+01             
       H -5.07053e+01 -1.34463e+01  3.97460e+01             
       O -5.52031e+01 -3.14031e+01  4.68371e+01             
       H -5.47808e+01 -3.05568e+01  4.70104e+01             
       H -5.44727e+01 -3.20553e+01  4.66447e+01             
       O -6.15087e+01 -5.84509e-01  6.06588e+01             
       H -6.08404e+01 -1.10165e+00  6.01960e+01             
       H -6.10752e+01  2.58538e-01  6.08259e+01             
       O -5.72032e+01  8.02653e+00  6.70487e+01             
       H -5.69186e+01  7.16470e+00  6.73659e+01             
       H -5.65713e+01  8.69780e+00  6.73667e+01             
       O -6.08635e+01 -2.65776e+01  5.62670e+01             
       H -6.68961e+01 -2.04733e+01  4.25267e+01             
       H -6.01699e+01 -2.66936e+01  5.55922e+01             
       O -6.26410e+01 -1.61366e+01  5.61661e+01             
       H -5.91012e+01 -1.12515e+01  3.82377e+01             
       H -6.20118e+01 -1.53533e+01  5.62456e+01             
       O -5.56279e+01 -1.49141e+01  4.34376e+01             
       H -6.89560e+01 -7.03602e+00  4.53599e+01             
       H -5.50872e+01 -1.44510e+01  4.27054e+01             
       O -5.79893e+01 -2.87214e+01  5.20329e+01             
       H -6.97246e+01 -2.89764e+01  6.51073e+01             
       H -5.22329e+01 -6.02261e+00  6.16815e+01             
       O -8.97372e+01 -1.71828e+01  5.91031e+01             
       H -8.91949e+01 -1.77550e+01  5.85524e+01             
       H -8.90445e+01 -1.66574e+01  5.95698e+01             
       O -5.79223e+01 -2.98352e+01  4.89074e+01             
       H -5.72896e+01 -3.06084e+01  4.90112e+01             
       H -5.88022e+01 -1.37656e+01  5.86235e+01             
       O -6.35201e+01 -9.40748e+00  4.73400e+01             
       H -6.28440e+01 -9.66802e+00  4.67196e+01             
       H -7.76137e+01 -1.83202e+01  2.89397e+01             
       O -7.54845e+01 -1.93210e+01  4.87388e+01             
       H -7.52279e+01 -1.85611e+01  4.82555e+01             
       H -7.47763e+01 -1.93723e+01  4.93919e+01             
       O -5.79201e+01 -2.32855e+01  4.48032e+01             
       H -5.70056e+01 -2.30113e+01  4.49156e+01             
       H -5.78238e+01 -2.42916e+01  4.48621e+01             
       O -4.39464e+01 -2.80237e+01  4.76526e+01             
       H -4.41568e+01 -1.48016e+01  4.81498e+01             
       H -4.31019e+01 -2.79121e+01  4.72111e+01             
       O -5.89562e+01 -9.85307e+00  5.48001e+01             
       H -4.63019e+01 -1.03166e+01  5.56461e+01             
       H -5.82063e+01 -9.94128e+00  5.42293e+01             
       O -5.51618e+01  1.13251e+00  5.20317e+01             
       H -6.15386e+01 -3.12010e+01  4.62627e+01             
       H -6.76665e+01 -6.09729e-02  4.82712e+01             
       O -7.04970e+01 -1.66145e+01  4.55242e+01             
       H -6.98072e+01 -1.61353e+01  4.59792e+01             
       H -7.03524e+01 -1.64660e+01  4.45884e+01             
       O -6.84922e+01 -8.59756e+00  3.65696e+01             
       H -6.75659e+01 -2.12610e+01  3.69597e+01             
       H -6.83177e+01 -7.86050e+00  3.59206e+01             
       O -7.35901e+01 -1.78397e+01  5.46894e+01             
       H -7.30942e+01 -1.84219e+01  5.52710e+01             
       H -7.32692e+01 -1.78728e+01  5.37710e+01             
       O -6.58891e+01 -2.10328e+01  5.83176e+01             
       H -6.56116e+01 -2.05684e+01  5.75310e+01             
       H -6.50682e+01 -2.13064e+01  5.87857e+01             
       O -7.66524e+01 -2.05469e+01  4.37206e+01             
       H -7.62757e+01 -1.97515e+01  5.56823e+01             
       H -6.99879e+01 -4.14274e+01  3.88171e+01             
       O -5.36680e+01 -2.08851e+01  6.28261e+01             
       H -5.33071e+01 -1.99942e+01  6.26607e+01             
       H -5.29218e+01 -2.14485e+01  6.27703e+01             
       O -5.87056e+01 -2.01092e+01  5.14972e+01             
       H -5.82234e+01 -2.04652e+01  5.22656e+01             
       H -5.80277e+01 -1.94937e+01  5.11617e+01             
       O -8.45296e+01 -2.15412e+01  5.85859e+01             
       H -8.43792e+01 -2.06164e+01  5.87366e+01             
       H -8.38604e+01 -2.19743e+01  5.80991e+01             
       O -5.67911e+01 -2.19836e+01  5.31163e+01             
       H -5.60812e+01 -2.13649e+01  5.35437e+01             
       H -5.62836e+01 -2.25033e+01  5.24309e+01             
       O -7.63085e+01 -1.20048e+01  2.25718e+01             
       H -7.62547e+01 -1.10476e+01  2.25782e+01             
       H -7.54004e+01 -1.22047e+01  2.29383e+01             
       O -6.59801e+01 -1.77865e+01  2.92377e+01             
       H -4.20209e+01 -1.08233e+01  3.92404e+01             
       H -6.55972e+01 -1.72425e+01  2.99474e+01             
       O -6.97193e+01 -1.35021e+01  5.77173e+01             
       H -6.89905e+01 -1.33518e+01  5.83515e+01             
       H -6.93438e+01 -1.39674e+01  5.69578e+01             
       O -7.12552e+01 -1.43625e+01  6.70429e+01             
       H -7.05194e+01 -1.37232e+01  6.69463e+01             
       H -7.09740e+01 -1.51672e+01  6.65235e+01             
192                                                         
# CELL(abcABC):   12.41850    12.41850    12.41850    90.00000    90.00000    90.00000  Step:      200000  Bead:       0 x_centroid{angstrom}  cell{angstrom}   
       O -8.48238e+01 -1.21895e+01  6.62858e+01             
       H -8.42041e+01 -1.24686e+01  6.55843e+01             
       H -8.42313e+01 -1.20057e+01  6.70709e+01             
       O -7.58811e+01 -8.83805e+00  6.71879e+01             
       H -7.23000e+01 -1.89346e+01  5.98401e+01             
       H -7.51555e+01 -9.27056e+00  6.67020e+01             
       O -7.89925e+01 -2.78191e+01  5.14543e+01             
       H -7.84775e+01 -1.47433e+01  5.19439e+01             
       H -7.83021e+01 -2.82540e+01  5.08190e+01             
       O -7.34156e+01 -2.34339e+01  6.12641e+01             
       H -7.25688e+01 -2.34100e+01  6.05375e+01             
       H -7.30109e+01 -2.29979e+01  6.20666e+01             
       O -5.87041e+01 -2.30300e+01  5.58534e+01             
       H -5.79586e+01 -2.34904e+01  5.63157e+01             
       H -5.82786e+01 -2.22317e+01  5.53885e+01             
       O -6.49024e+01 -1.97098e+01  7.10698e+01             
       H -6.43198e+01 -1.89601e+01  7.09519e+01             
       H -6.44354e+01 -2.03023e+01  7.16864e+01             
       O -7.91187e+01 -2.46468e+01  4.73212e+01             
       H -7.82025e+01 -2.44175e+01  4.72902e+01             
       H -6.72819e+01 -8.75349e-01  5.33251e+01             
       O -6.65693e+01 -1.82051e+01  7.26241e+01             
       H -6.59865e+01 -1.87064e+01  7.19440e+01             
       H -6.59898e+01 -2.99985e+01  7.31310e+01             
       O -8.25172e+01 -1.09388e+01  5.08102e+01             
       H -8.17788e+01 -1.10657e+01  5.01529e+01             
       H -8.20372e+01 -1.06572e+01  5.15909e+01             
       O -7.61054e+01 -2.99018e+01  5.76122e+01             
       H -7.53513e+01 -2.94232e+01  5.79894e+01             
       H -7.56778e+01 -3.02299e+01  5.67607e+01             
       O -8.46698e+01 -9.09392e+00  6.34211e+01             
       H -8.38607e+01 -9.55767e+00  6.33444e+01             
       H -8.44139e+01 -8.39087e+00  6.40185e+01             
       O -7.76809e+01 -1.34712e+01  5.28645e+01             
       H -7.70361e+01 -1.38662e+01  5.35492e+01             
       H -6.44969e+01 -1.73382e+01  4.99624e+01             
       O -7.45283e+01 -3.25915e+01  4.92628e+01             
       H -7.40156e+01 -3.21008e+01  4.86055e+01             
       H -6.95011e+01 -3.10317e+01  6.33437e+01             
       O -8.47024e+01 -1.47603e+01  5.73955e+01             
       H -8.42812e+01 -1.40409e+01  5.79360e+01             
       H -8.39630e+01 -1.52078e+01  5.69478e+01             
       O -6.36413e+01 -2.73488e+01  6.68368e+01             
       H -6.29051e+01 -2.70205e+01  6.73792e+01             
       H -6.31222e+01 -2.77826e+01  6.60563e+01             
       O -7.78924e+01 -1.59943e+01  6.86929e+01             
       H -7.72759e+01 -1.55670e+01  6.80820e+01             
       H -7.72447e+01 -1.65110e+01  6.92368e+01             
       O -7.63345e+01 -1.47725e+01  4.76277e+01             
       H -7.55497e+01 -2.76401e+01  4.72449e+01             
       H -7.60318e+01 -1.41180e+01  4.83152e+01             
       O -7.86175e+01 -2.70609e+01  4.61537e+01             
       H -7.77987e+01 -2.71837e+01  4.66901e+01             
       H -7.84746e+01 -2.75881e+01  4.53145e+01             
       O -8.55511e+01 -1.02504e+01  5.76238e+01             
       H -8.47734e+01 -1.04720e+01  5.82275e+01             
       H -8.49565e+01 -1.02130e+01  5.69026e+01             
       O -8.02662e+01  9.29912e-01  4.95433e+01             
       H -5.54914e+01 -2.21646e+01  5.26612e+01             
       H -7.94224e+01  1.32263e+00  4.98910e+01             
       O -7.17629e+01 -1.96767e+01  6.53695e+01             
       H -7.57785e+01 -2.39824e+01  5.98447e+01             
       H -8.36414e+01 -1.91930e+01  6.47119e+01             
       O -7.51035e+01 -3.66980e+01  5.70184e+01             
       H -7.45493e+01 -3.74220e+01  5.66426e+01             
       H -7.44418e+01 -3.59721e+01  5.70730e+01             
       O -8.37991e+01 -2.33138e+01  5.95858e+01             
       H -8.33899e+01 -2.41391e+01  5.93116e+01             
       H -8.31270e+01 -2.27099e+01  6.00275e+01             
       O -7.42033e+01 -4.49994e+01  5.81241e+01             
       H -7.40027e+01 -4.59587e+01  5.78940e+01             
       H -7.33869e+01 -4.46329e+01  7.08606e+01             
       O -7.45445e+01 -6.40647e+00  5.57745e+01             
       H -7.41551e+01 -6.75129e+00  5.66285e+01             
       H -7.39014e+01 -5.86862e+00  5.52513e+01             
       O -7.10341e+01 -2.57058e+01  6.42051e+01             
       H -7.03056e+01 -2.63811e+01  6.41632e+01             
       H -7.07158e+01 -2.49478e+01  6.36693e+01             
       O -7.47464e+01 -2.89091e+01  7.74888e+01             
       H -7.42439e+01 -2.83207e+01  7.68133e+01             
       H -7.40722e+01 -2.91468e+01  7.81628e+01             
       O -9.11246e+01 -2.12520e+01  5.68925e+01             
       H -9.05035e+01 -2.14663e+01  5.61595e+01             
       H -9.05455e+01 -2.09262e+01  5.75680e+01             
       O -6.82900e+01 -4.29566e+00  7.17341e+01             
       H -6.77536e+01 -3.65957e+00  7.11808e+01             
       H -6.75873e+01 -4.88559e+00  7.21964e+01             
       O -7.31558e+01 -1.48535e+01  5.09602e+01             
       H -7.25408e+01 -1.41684e+01  5.12787e+01             
       H -7.25857e+01 -1.55333e+01  3.81012e+01             
       O -7.11441e+01 -1.98763e+01  3.39864e+01             
       H -7.04916e+01 -2.02789e+01  3.45635e+01             
       H -8.31400e+01 -1.93309e+01  3.33428e+01             
       O -6.35972e+01 -1.84542e+01  3.83671e+01             
       H -6.31937e+01 -1.91472e+01  3.78278e+01             
       H -6.28654e+01 -1.79945e+01  3.88222e+01             
       O -6.84216e+01 -2.89511e+01  4.08309e+01             
       H -6.77981e+01 -2.84915e+01  4.02327e+01             
       H -6.78462e+01 -2.95117e+01  5.38461e+01             
       O -7.02964e+01 -1.62918e+01  4.29023e+01             
       H -7.50299e+01 -1.11433e+01  5.21864e+01             
       H -7.00248e+01 -1.69924e+01  4.35852e+01             
       O -6.93487e+01 -2.42875e+01  5.73824e+01             
       H -6.89531e+01 -2.34829e+01  5.78874e+01             
       H -6.84335e+01 -2.46253e+01  5.69916e+01             
       O -6.17854e+01 -1.61642e+01  4.66783e+01             
       H -6.13730e+01 -1.68944e+01  4.72107e+01             
       H -6.11872e+01 -1.57750e+01  4.60192e+01             
       O -6.24536e+01 -3.79888e+01  4.96761e+01             
       H -6.17568e+01 -3.73218e+01  4.93553e+01             
       H -6.18963e+01 -3.87067e+01  5.01358e+01             
       O -7.27377e+01 -4.96295e+00  6.66041e+01             
       H -7.22990e+01 -5.69775e+00  6.61105e+01             
       H -7.19729e+01 -4.50302e+00  6.70231e+01             
       O -6.83756e+01  5.28750e+00  7.47412e+01             
       H -6.77623e+01  4.85950e+00  7.53768e+01             
       H -6.78754e+01  5.85114e+00  7.40871e+01             
       O -7.00654e+01 -3.06041e+01  6.39952e+01             
       H -7.91260e+01 -2.55540e+01  4.68685e+01             
       H -6.95242e+01 -3.00569e+01  6.46087e+01             
       O -7.30151e+01 -1.84756e+01  6.03142e+01             
       H -6.95692e+01 -1.61962e+01  4.22691e+01             
       H -7.25534e+01 -1.80488e+01  6.11259e+01             
       O -6.51499e+01 -1.66503e+01  4.95988e+01             
       H -8.00378e+01 -1.18024e+01  4.85917e+01             
       H -6.46522e+01 -1.59852e+01  4.90174e+01             
       O -6.97028e+01 -3.04572e+01  5.73569e+01             
       H -8.16736e+01 -3.00361e+01  7.05691e+01             
       H -6.30259e+01 -8.01790e+00  6.75326e+01             
       O -1.02112e+02 -1.93695e+01  6.55381e+01             
       H -1.01642e+02 -1.87652e+01  6.49461e+01             
       H -1.01460e+02 -1.99404e+01  6.59302e+01             
       O -6.87001e+01 -3.50377e+01  5.30089e+01             
       H -6.84573e+01 -3.59296e+01  5.32955e+01             
       H -7.11688e+01 -2.02070e+01  6.59075e+01             
       O -7.58294e+01 -1.15086e+01  5.17109e+01             
       H -7.54036e+01 -1.21075e+01  5.10275e+01             
       H -8.88805e+01 -2.20437e+01  3.55121e+01             
       O -8.63095e+01 -2.25165e+01  5.32259e+01             
       H -8.58633e+01 -2.21975e+01  5.24114e+01             
       H -8.56819e+01 -2.32216e+01  5.35597e+01             
       O -7.00378e+01 -2.79527e+01  4.84005e+01             
       H -6.94196e+01 -2.84629e+01  4.78127e+01             
       H -6.95817e+01 -2.75516e+01  4.91290e+01             
       O -5.56701e+01 -3.18878e+01  5.57515e+01             
       H -5.50393e+01 -1.87836e+01  5.54292e+01             
       H -5.51231e+01 -3.26324e+01  5.62137e+01             
       O -7.06389e+01 -1.34090e+01  5.90004e+01             
       H -5.75389e+01 -1.29486e+01  5.85721e+01             
       H -7.04160e+01 -1.41604e+01  5.95768e+01             
       O -6.82204e+01 -6.72409e-01  5.35852e+01             
       H -7.39167e+01 -3.31071e+01  4.97770e+01             
       H -7.71510e+01 -3.11698e-01  5.25340e+01             
       O -7.93837e+01 -2.08014e+01  5.18951e+01             
       H -7.88229e+01 -2.01429e+01  5.23387e+01             
       H -7.86616e+01 -2.13224e+01  5.15230e+01             
       O -7.76183e+01 -1.14242e+01  4.33608e+01             
       H -7.74522e+01 -2.38036e+01  4.24323e+01             
       H -7.67970e+01 -1.16914e+01  4.37823e+01             
       O -8.21481e+01 -2.13825e+01  6.07220e+01             
       H -8.13150e+01 -2.15051e+01  6.01286e+01             
       H -8.17213e+01 -2.08477e+01  6.15310e+01             
       O -7.77981e+01 -2.25588e+01  6.28866e+01             
       H -7.75062e+01 -2.20604e+01  6.21245e+01             
       H -7.70114e+01 -2.30856e+01  6.32586e+01             
       O -8.89889e+01 -2.39083e+01  4.68814e+01             
       H -8.87063e+01 -2.38780e+01  5.83703e+01             
       H -8.13776e+01 -4.33884e+01  4.44331e+01             
       O -6.71961e+01 -2.53651e+01  6.87940e+01             
       H -6.64789e+01 -2.46948e+01  6.85169e+01             
       H -6.68261e+01 -2.60309e+01  6.94619e+01             
       O -7.00103e+01 -2.07882e+01  5.44092e+01             
       H -6.94002e+01 -2.03127e+01  5.49674e+01             
       H -6.94147e+01 -2.14137e+01  5.38578e+01             
       O -9.35424e+01 -2.67986e+01  6.27604e+01             
       H -9.28821e+01 -2.73741e+01  6.32369e+01             
       H -9.32244e+01 -2.58626e+01  6.25409e+01             
       O -6.78759e+01 -2.24045e+01  5.85623e+01             
       H -6.74182e+01 -2.31824e+01  5.89793e+01             
       H -6.72876e+01 -2.21250e+01  5.77869e+01             
       O -8.63960e+01 -1.36885e+01  3.08846e+01             
       H -8.59533e+01 -1.32184e+01  3.01510e+01             
       H -8.56315e+01 -1.41288e+01  3.14618e+01             
       O -7.66239e+01 -2.12064e+01  3.59875e+01             
       H -5.57598e+01 -1.31785e+01  4.20934e+01             
       H -7.57185e+01 -2.08756e+01  3.62772e+01             
       O -7.89468e+01 -1.77877e+01  6.71917e+01             
       H -7.85628e+01 -1.71517e+01  6.77825e+01             
       H -7.82505e+01 -1.83997e+01  6.68126e+01             
       O -8.42988e+01 -1.69442e+01  7.46103e+01             
       H -8.36460e+01 -1.64709e+01  7.39647e+01             
       H -8.36869e+01 -1.73583e+01  7.52266e+01             
