192                                                         
# CELL(abcABC):   12.41850    12.41850    12.41850    90.00000    90.00000    90.00000  Step:           0  Bead:       0 x_centroid{angstrom}  cell{angstrom}   
       O -7.58185e+01 -9.74412e+00  6.36690e+01             
       H -7.54891e+01 -1.04492e+01  6.31216e+01             
       H -7.49836e+01 -9.34488e+00  6.40702e+01             
       O -6.70129e+01 -7.56698e+00  6.37972e+01             
       H -6.45082e+01 -1.78813e+01  5.68966e+01             
       H -6.68125e+01 -7.61925e+00  6.47324e+01             
       O -6.88758e+01 -2.72967e+01  4.72232e+01             
       H -6.81627e+01 -1.54660e+01  4.76104e+01             
       H -6.85823e+01 -2.63964e+01  4.71646e+01             
       O -6.67383e+01 -2.48634e+01  5.29678e+01             
       H -6.62621e+01 -2.40329e+01  5.30959e+01             
       H -6.59887e+01 -2.55264e+01  5.30894e+01             
       O -5.55953e+01 -2.20391e+01  5.58449e+01             
       H -5.47784e+01 -2.14596e+01  5.57348e+01             
       H -5.60346e+01 -2.18936e+01  5.49889e+01             
       O -5.64991e+01 -1.61559e+01  6.56689e+01             
       H -5.57726e+01 -1.61876e+01  6.50054e+01             
       H -5.65579e+01 -1.69962e+01  6.61805e+01             
       O -7.02561e+01 -2.00999e+01  4.34300e+01             
       H -6.95074e+01 -1.94486e+01  4.32191e+01             
       H -5.68386e+01  4.85453e-01  5.38965e+01             
       O -5.48843e+01 -1.66841e+01  6.92002e+01             
       H -5.44375e+01 -1.59317e+01  6.87941e+01             
       H -5.42594e+01 -2.92956e+01  6.99202e+01             
       O -7.63091e+01 -1.02861e+01  4.57408e+01             
       H -7.53724e+01 -1.01027e+01  4.60760e+01             
       H -7.62250e+01 -1.05365e+01  4.48346e+01             
       O -6.72198e+01 -2.86289e+01  5.12254e+01             
       H -6.64929e+01 -2.90798e+01  5.16490e+01             
       H -6.72136e+01 -2.76834e+01  5.11995e+01             
       O -7.27576e+01 -7.86327e+00  6.00242e+01             
       H -7.23961e+01 -7.63551e+00  6.09183e+01             
       H -7.21242e+01 -7.42247e+00  5.95173e+01             
       O -7.02378e+01 -9.90279e+00  5.00161e+01             
       H -7.01619e+01 -9.94989e+00  4.90137e+01             
       H -5.71831e+01 -1.57231e+01  4.58770e+01             
       O -6.28984e+01 -3.17441e+01  4.74900e+01             
       H -6.31486e+01 -3.19670e+01  4.65689e+01             
       H -6.20499e+01 -2.92790e+01  5.89381e+01             
       O -7.71682e+01 -1.41316e+01  5.31924e+01             
       H -7.62288e+01 -1.40825e+01  5.34550e+01             
       H -7.71897e+01 -1.49773e+01  5.26048e+01             
       O -5.57712e+01 -2.48231e+01  5.93413e+01             
       H -5.49951e+01 -2.48731e+01  5.99878e+01             
       H -5.55435e+01 -2.47909e+01  5.83589e+01             
       O -6.79313e+01 -1.35908e+01  6.32198e+01             
       H -6.76558e+01 -1.31736e+01  6.41108e+01             
       H -6.73763e+01 -1.31532e+01  6.25348e+01             
       O -6.99841e+01 -1.04449e+01  4.71188e+01             
       H -6.92761e+01 -2.35645e+01  4.69392e+01             
       H -6.95226e+01 -9.64393e+00  4.68212e+01             
       O -6.94569e+01 -2.60968e+01  4.24335e+01             
       H -6.87805e+01 -2.57567e+01  4.30245e+01             
       H -6.90119e+01 -2.67732e+01  4.19582e+01             
       O -7.73297e+01 -1.00580e+01  5.32850e+01             
       H -7.67222e+01 -1.02054e+01  5.41036e+01             
       H -7.66895e+01 -1.01366e+01  5.25242e+01             
       O -7.21998e+01  6.52978e+00  4.40266e+01             
       H -4.63917e+01 -1.58416e+01  4.95338e+01             
       H -7.15037e+01  5.79910e+00  4.39617e+01             
       O -6.15483e+01 -1.40609e+01  5.91531e+01             
       H -6.49544e+01 -2.11251e+01  5.78307e+01             
       H -7.33433e+01 -1.33737e+01  5.88464e+01             
       O -6.63122e+01 -3.25353e+01  5.40625e+01             
       H -6.55843e+01 -3.19898e+01  5.43427e+01             
       H -6.58674e+01 -3.33353e+01  5.37922e+01             
       O -7.44973e+01 -1.99606e+01  5.71376e+01             
       H -7.42490e+01 -2.08549e+01  5.68443e+01             
       H -7.37278e+01 -1.93759e+01  5.69693e+01             
       O -6.05573e+01 -4.14223e+01  4.76134e+01             
       H -6.04364e+01 -4.15402e+01  4.85785e+01             
       H -5.98699e+01 -4.20146e+01  5.97227e+01             
       O -6.41189e+01 -4.63638e+00  4.86259e+01             
       H -6.36715e+01 -3.81737e+00  4.84098e+01             
       H -6.36117e+01 -5.33557e+00  4.81655e+01             
       O -6.24637e+01 -2.41149e+01  6.16191e+01             
       H -6.15914e+01 -2.39740e+01  6.20097e+01             
       H -6.24126e+01 -2.35682e+01  6.08497e+01             
       O -6.78817e+01 -2.48210e+01  6.90138e+01             
       H -6.79589e+01 -2.38311e+01  6.88021e+01             
       H -6.70604e+01 -2.52001e+01  6.85942e+01             
       O -8.20223e+01 -1.86226e+01  5.05876e+01             
       H -8.15266e+01 -1.89028e+01  4.97695e+01             
       H -8.13206e+01 -1.85212e+01  5.12092e+01             
       O -5.98124e+01 -8.49007e-01  6.56400e+01             
       H -5.90528e+01 -4.32298e-01  6.60914e+01             
       H -5.93892e+01 -1.62994e+00  6.52062e+01             
       O -6.37979e+01 -1.39732e+01  4.49232e+01             
       H -6.28859e+01 -1.43339e+01  4.52874e+01             
       H -6.36902e+01 -1.30307e+01  3.24786e+01             
       O -6.27292e+01 -1.85738e+01  2.81742e+01             
       H -6.25035e+01 -1.94238e+01  2.78363e+01             
       H -7.42006e+01 -1.82251e+01  2.84293e+01             
       O -5.21925e+01 -1.67974e+01  2.69272e+01             
       H -5.20010e+01 -1.68909e+01  2.59820e+01             
       H -5.14970e+01 -1.72839e+01  2.73574e+01             
       O -6.01332e+01 -2.39666e+01  3.83753e+01             
       H -5.92992e+01 -2.35277e+01  3.81828e+01             
       H -6.00509e+01 -2.46231e+01  5.15152e+01             
       O -6.24447e+01 -1.36724e+01  4.17764e+01             
       H -6.48163e+01 -9.16705e+00  4.89285e+01             
       H -6.22320e+01 -1.42790e+01  4.25244e+01             
       O -6.32397e+01 -2.35677e+01  5.52755e+01             
       H -6.30573e+01 -2.44296e+01  5.48545e+01             
       H -6.24153e+01 -2.31984e+01  5.55930e+01             
       O -5.36025e+01 -1.44597e+01  4.34158e+01             
       H -5.29006e+01 -1.43840e+01  4.40939e+01             
       H -5.31126e+01 -1.44300e+01  4.25919e+01             
       O -5.61234e+01 -3.16075e+01  4.82117e+01             
       H -5.54877e+01 -3.08904e+01  4.79986e+01             
       H -5.56713e+01 -3.24530e+01  4.79120e+01             
       O -6.39613e+01 -1.83840e+00  6.08220e+01             
       H -6.33463e+01 -1.65601e+00  6.00846e+01             
       H -6.36128e+01 -1.25997e+00  6.15191e+01             
       O -6.05020e+01  7.13484e+00  6.62216e+01             
       H -5.99205e+01  6.78407e+00  6.69594e+01             
       H -5.99056e+01  7.78211e+00  6.58056e+01             
       O -6.26579e+01 -2.90363e+01  5.82321e+01             
       H -6.98172e+01 -2.08402e+01  4.39104e+01             
       H -6.21007e+01 -2.85301e+01  5.76331e+01             
       O -6.49748e+01 -1.81106e+01  5.76708e+01             
       H -6.15665e+01 -1.34305e+01  4.14209e+01             
       H -6.43038e+01 -1.78269e+01  5.82825e+01             
       O -5.74590e+01 -1.63333e+01  4.51801e+01             
       H -7.17735e+01 -5.42405e+00  4.47191e+01             
       H -5.65657e+01 -1.65115e+01  4.47678e+01             
       O -5.90972e+01 -2.81228e+01  5.24328e+01             
       H -7.05962e+01 -2.82947e+01  6.51344e+01             
       H -5.37237e+01 -7.36847e+00  6.34246e+01             
       O -9.18477e+01 -1.67155e+01  6.06090e+01             
       H -9.09085e+01 -1.67205e+01  6.05912e+01             
       H -9.20454e+01 -1.66436e+01  6.15598e+01             
       O -5.91816e+01 -2.90524e+01  4.99284e+01             
       H -5.84959e+01 -2.97424e+01  5.01449e+01             
       H -6.11355e+01 -1.47248e+01  5.97290e+01             
       O -6.52301e+01 -9.82425e+00  4.84109e+01             
       H -6.46433e+01 -9.92391e+00  4.76647e+01             
       H -8.00077e+01 -1.90974e+01  3.00265e+01             
       O -7.70037e+01 -1.99100e+01  4.99338e+01             
       H -7.63589e+01 -1.94126e+01  4.93842e+01             
       H -7.65191e+01 -2.06372e+01  5.04457e+01             
       O -5.96259e+01 -2.47195e+01  4.58230e+01             
       H -5.89005e+01 -2.42951e+01  4.62240e+01             
       H -5.93319e+01 -2.53996e+01  4.51946e+01             
       O -4.59585e+01 -2.68136e+01  4.90845e+01             
       H -4.54122e+01 -1.39441e+01  4.97367e+01             
       H -4.53326e+01 -2.68726e+01  4.83483e+01             
       O -6.09618e+01 -1.03987e+01  5.61586e+01             
       H -4.80845e+01 -1.09714e+01  5.68116e+01             
       H -6.03891e+01 -9.90988e+00  5.55111e+01             
       O -5.70237e+01  1.37368e+00  5.36313e+01             
       H -6.19448e+01 -3.19917e+01  4.74913e+01             
       H -6.92853e+01  2.70324e+00  5.03052e+01             
       O -7.07240e+01 -1.86011e+01  4.67723e+01             
       H -6.99782e+01 -1.87507e+01  4.74316e+01             
       H -7.02535e+01 -1.80629e+01  4.61164e+01             
       O -7.17330e+01 -7.69760e+00  3.79504e+01             
       H -7.10598e+01 -2.08358e+01  3.78761e+01             
       H -7.11234e+01 -6.96694e+00  3.82593e+01             
       O -7.64635e+01 -1.87636e+01  5.52201e+01             
       H -7.58811e+01 -1.93319e+01  5.57272e+01             
       H -7.58730e+01 -1.86818e+01  5.44112e+01             
       O -6.75474e+01 -2.13671e+01  5.95069e+01             
       H -6.69122e+01 -2.11589e+01  5.87322e+01             
       H -6.69252e+01 -2.18408e+01  6.00859e+01             
       O -7.82370e+01 -2.06636e+01  4.53388e+01             
       H -7.80327e+01 -1.97357e+01  5.79043e+01             
       H -7.15785e+01 -4.09000e+01  3.91228e+01             
       O -5.53737e+01 -2.25507e+01  6.37001e+01             
       H -5.47820e+01 -2.18132e+01  6.39820e+01             
       H -5.47901e+01 -2.32679e+01  6.33862e+01             
       O -6.13252e+01 -2.08365e+01  5.20898e+01             
       H -6.06855e+01 -2.11946e+01  5.27829e+01             
       H -6.06812e+01 -2.06577e+01  5.13402e+01             
       O -8.64352e+01 -2.23812e+01  5.93834e+01             
       H -8.58882e+01 -2.15357e+01  5.96624e+01             
       H -8.58848e+01 -2.30660e+01  5.90196e+01             
       O -5.92563e+01 -2.17634e+01  5.41075e+01             
       H -5.85843e+01 -2.12728e+01  5.45997e+01             
       H -5.87905e+01 -2.25281e+01  5.36857e+01             
       O -7.88098e+01 -1.24044e+01  2.39723e+01             
       H -7.84468e+01 -1.15297e+01  2.38058e+01             
       H -7.80358e+01 -1.29907e+01  2.38607e+01             
       O -6.82896e+01 -1.84583e+01  3.01306e+01             
       H -4.39536e+01 -1.07961e+01  4.05015e+01             
       H -6.79587e+01 -1.78465e+01  3.07922e+01             
       O -7.13675e+01 -1.43267e+01  5.65202e+01             
       H -7.07103e+01 -1.41086e+01  5.58312e+01             
       H -7.07620e+01 -1.50813e+01  5.69253e+01             
       O -7.38213e+01 -1.54893e+01  6.83510e+01             
       H -7.29407e+01 -1.50377e+01  6.84670e+01             
       H -7.36137e+01 -1.61709e+01  6.76840e+01             
192                                                         
# CELL(abcABC):   12.41850    12.41850    12.41850    90.00000    90.00000    90.00000  Step:      200000  Bead:       0 x_centroid{angstrom}  cell{angstrom}   
       O -8.86526e+01 -1.51613e+01  7.08928e+01             
       H -8.83560e+01 -1.57603e+01  7.01551e+01             
       H -8.79525e+01 -1.52213e+01  7.15249e+01             
       O -8.28439e+01 -1.39117e+01  7.10027e+01             
       H -7.86208e+01 -2.18566e+01  6.50115e+01             
       H -8.25866e+01 -1.38535e+01  7.19674e+01             
       O -8.34117e+01 -2.94170e+01  5.49870e+01             
       H -8.28174e+01 -1.71178e+01  5.57406e+01             
       H -8.29738e+01 -2.87196e+01  5.44433e+01             
       O -8.23185e+01 -2.74887e+01  6.11307e+01             
       H -8.19702e+01 -2.82348e+01  6.05954e+01             
       H -8.14982e+01 -2.71038e+01  6.15742e+01             
       O -7.10057e+01 -2.56091e+01  6.47740e+01             
       H -7.06646e+01 -2.64962e+01  6.49190e+01             
       H -7.03386e+01 -2.50157e+01  6.51543e+01             
       O -6.97647e+01 -1.92447e+01  7.42789e+01             
       H -6.93302e+01 -1.86572e+01  7.36570e+01             
       H -6.90938e+01 -1.93767e+01  7.49793e+01             
       O -8.40459e+01 -2.41459e+01  4.99065e+01             
       H -8.31665e+01 -2.37887e+01  4.97912e+01             
       H -7.35675e+01 -3.00546e+00  6.05868e+01             
       O -6.82802e+01 -1.90780e+01  7.64864e+01             
       H -6.80596e+01 -1.81199e+01  7.64019e+01             
       H -6.75402e+01 -3.19785e+01  7.68545e+01             
       O -9.01110e+01 -1.41422e+01  5.42806e+01             
       H -8.92442e+01 -1.46115e+01  5.42162e+01             
       H -8.97630e+01 -1.32571e+01  5.46019e+01             
       O -8.14782e+01 -3.26228e+01  5.92031e+01             
       H -8.07939e+01 -3.32501e+01  5.95408e+01             
       H -8.11155e+01 -3.17693e+01  5.94828e+01             
       O -8.79921e+01 -1.14456e+01  6.69709e+01             
       H -8.77851e+01 -1.16119e+01  6.60414e+01             
       H -8.74260e+01 -1.21143e+01  6.74346e+01             
       O -8.68150e+01 -1.94458e+01  5.70730e+01             
       H -8.58345e+01 -1.93937e+01  5.71827e+01             
       H -7.04207e+01 -1.85718e+01  5.40668e+01             
       O -7.92532e+01 -3.53219e+01  5.72167e+01             
       H -7.94331e+01 -3.46249e+01  5.64743e+01             
       H -7.60574e+01 -3.26669e+01  6.64619e+01             
       O -9.35794e+01 -1.73671e+01  5.98992e+01             
       H -9.26171e+01 -1.73619e+01  6.03100e+01             
       H -9.35300e+01 -1.70114e+01  5.90065e+01             
       O -6.89165e+01 -2.94039e+01  6.94917e+01             
       H -6.83112e+01 -3.01592e+01  6.92479e+01             
       H -6.84132e+01 -2.87463e+01  6.89934e+01             
       O -8.22429e+01 -2.06918e+01  6.90673e+01             
       H -8.14645e+01 -2.07871e+01  6.84313e+01             
       H -8.18981e+01 -2.05176e+01  6.99664e+01             
       O -8.50455e+01 -1.29894e+01  5.46234e+01             
       H -8.45072e+01 -2.55154e+01  5.37858e+01             
       H -8.47154e+01 -1.22550e+01  5.51715e+01             
       O -8.47891e+01 -2.81716e+01  5.01544e+01             
       H -8.39307e+01 -2.80027e+01  4.97220e+01             
       H -8.46143e+01 -2.90942e+01  5.05280e+01             
       O -9.06407e+01 -1.33894e+01  5.87139e+01             
       H -8.99420e+01 -1.40755e+01  5.87353e+01             
       H -9.01370e+01 -1.25718e+01  5.88081e+01             
       O -8.57959e+01  2.49471e+00  5.13801e+01             
       H -5.95125e+01 -1.96322e+01  5.94009e+01             
       H -8.50963e+01  2.00823e+00  5.08748e+01             
       O -7.77220e+01 -1.73420e+01  6.62092e+01             
       H -7.92712e+01 -2.45634e+01  6.48048e+01             
       H -8.97181e+01 -1.82086e+01  6.60760e+01             
       O -8.13655e+01 -3.55267e+01  6.19862e+01             
       H -8.10987e+01 -3.52327e+01  6.10855e+01             
       H -8.07673e+01 -3.62807e+01  6.21449e+01             
       O -8.79856e+01 -2.41023e+01  6.38849e+01             
       H -8.80098e+01 -2.47466e+01  6.31591e+01             
       H -8.71837e+01 -2.35828e+01  6.36585e+01             
       O -7.50366e+01 -4.59187e+01  5.50305e+01             
       H -7.53787e+01 -4.68448e+01  5.50963e+01             
       H -7.41807e+01 -4.59495e+01  6.69398e+01             
       O -7.60808e+01 -8.45573e+00  5.88057e+01             
       H -7.53882e+01 -8.56683e+00  5.94979e+01             
       H -7.55495e+01 -7.82433e+00  5.82241e+01             
       O -7.52058e+01 -2.93347e+01  6.88830e+01             
       H -7.43582e+01 -2.88289e+01  6.87974e+01             
       H -7.49005e+01 -3.03202e+01  6.90337e+01             
       O -8.20583e+01 -2.76362e+01  7.83938e+01             
       H -8.13638e+01 -2.80270e+01  7.77488e+01             
       H -8.16151e+01 -2.71669e+01  7.90661e+01             
       O -9.72003e+01 -2.46662e+01  5.79234e+01             
       H -9.67783e+01 -2.38666e+01  5.74805e+01             
       H -9.65075e+01 -2.52897e+01  5.81746e+01             
       O -7.65876e+01 -6.91789e+00  7.45363e+01             
       H -7.59748e+01 -6.71800e+00  7.37576e+01             
       H -7.58435e+01 -6.83346e+00  7.51628e+01             
       O -7.98958e+01 -1.62745e+01  5.21270e+01             
       H -7.93123e+01 -1.66743e+01  5.27587e+01             
       H -7.93704e+01 -1.56780e+01  3.90965e+01             
       O -7.75084e+01 -2.18647e+01  3.69054e+01             
       H -7.67232e+01 -2.22000e+01  3.64846e+01             
       H -8.96992e+01 -2.09413e+01  3.71292e+01             
       O -6.74048e+01 -2.24215e+01  3.49321e+01             
       H -6.71797e+01 -2.25858e+01  3.39567e+01             
       H -6.66376e+01 -2.23044e+01  3.55343e+01             
       O -7.30332e+01 -2.78244e+01  4.34386e+01             
       H -7.27837e+01 -2.69293e+01  4.30428e+01             
       H -7.23772e+01 -2.84646e+01  5.54820e+01             
       O -7.86213e+01 -1.75983e+01  4.86094e+01             
       H -7.94448e+01 -1.46276e+01  5.53532e+01             
       H -7.84282e+01 -1.83470e+01  4.91835e+01             
       O -7.81746e+01 -2.75371e+01  6.24996e+01             
       H -7.79638e+01 -2.83112e+01  6.18553e+01             
       H -7.73385e+01 -2.70938e+01  6.25824e+01             
       O -6.76303e+01 -1.31806e+01  4.90760e+01             
       H -6.74264e+01 -1.30149e+01  4.81314e+01             
       H -6.69032e+01 -1.37492e+01  4.93906e+01             
       O -7.10117e+01 -3.53703e+01  5.56728e+01             
       H -7.05482e+01 -3.46361e+01  5.62080e+01             
       H -7.02649e+01 -3.56883e+01  5.50332e+01             
       O -7.75018e+01 -5.76080e+00  7.09444e+01             
       H -7.71497e+01 -6.66942e+00  7.10706e+01             
       H -7.67160e+01 -5.31958e+00  7.07291e+01             
       O -7.47686e+01  2.53168e+00  7.33024e+01             
       H -7.40583e+01  3.16334e+00  7.34611e+01             
       H -7.43792e+01  1.67787e+00  7.30713e+01             
       O -7.65038e+01 -3.22195e+01  6.57010e+01             
       H -8.38119e+01 -2.48911e+01  5.04919e+01             
       H -7.56180e+01 -3.20878e+01  6.52569e+01             
       O -7.87933e+01 -2.09561e+01  6.52249e+01             
       H -7.80198e+01 -1.77256e+01  4.78818e+01             
       H -7.79242e+01 -2.05412e+01  6.51880e+01             
       O -7.04979e+01 -1.94143e+01  5.36364e+01             
       H -8.54115e+01 -9.80042e+00  5.22619e+01             
       H -6.95403e+01 -1.95014e+01  5.33621e+01             
       O -7.46002e+01 -3.08197e+01  6.03919e+01             
       H -8.62556e+01 -3.14379e+01  7.28231e+01             
       H -6.97043e+01 -1.35304e+01  7.05049e+01             
       O -1.04700e+02 -2.08527e+01  6.77898e+01             
       H -1.04348e+02 -2.08769e+01  6.68437e+01             
       H -1.04179e+02 -2.00452e+01  6.81000e+01             
       O -7.24347e+01 -3.22328e+01  6.02289e+01             
       H -7.16584e+01 -3.24148e+01  6.07822e+01             
       H -7.69849e+01 -1.68139e+01  6.60259e+01             
       O -8.04336e+01 -1.46632e+01  5.56160e+01             
       H -8.05198e+01 -1.38855e+01  5.62069e+01             
       H -9.40747e+01 -2.22882e+01  3.86692e+01             
       O -9.29917e+01 -2.51962e+01  5.75407e+01             
       H -9.27728e+01 -2.42730e+01  5.72068e+01             
       H -9.21354e+01 -2.53412e+01  5.80519e+01             
       O -7.39361e+01 -2.69347e+01  5.19194e+01             
       H -7.34335e+01 -2.61244e+01  5.22112e+01             
       H -7.32448e+01 -2.74441e+01  5.13521e+01             
       O -5.93034e+01 -3.14966e+01  5.76962e+01             
       H -5.85875e+01 -1.94312e+01  5.71969e+01             
       H -5.92460e+01 -3.05300e+01  5.78522e+01             
       O -7.54435e+01 -1.36859e+01  6.18937e+01             
       H -6.24505e+01 -1.41077e+01  6.25878e+01             
       H -7.48789e+01 -1.33975e+01  6.11301e+01             
       O -7.39082e+01 -3.43635e+00  5.97935e+01             
       H -7.82750e+01 -3.55958e+01  5.72384e+01             
       H -8.70409e+01 -7.65221e+00  5.63013e+01             
       O -8.51054e+01 -2.14443e+01  5.39075e+01             
       H -8.46394e+01 -2.20117e+01  5.45998e+01             
       H -8.44304e+01 -2.08017e+01  5.36483e+01             
       O -8.73292e+01 -1.28031e+01  4.44975e+01             
       H -8.75054e+01 -2.60744e+01  4.49667e+01             
       H -8.64467e+01 -1.26370e+01  4.48515e+01             
       O -9.06027e+01 -2.35390e+01  6.38836e+01             
       H -8.96012e+01 -2.34714e+01  6.40105e+01             
       H -9.06209e+01 -2.31288e+01  6.30182e+01             
       O -8.17380e+01 -2.40102e+01  6.60614e+01             
       H -8.18176e+01 -2.32345e+01  6.54793e+01             
       H -8.09339e+01 -2.46320e+01  6.57952e+01             
       O -9.22906e+01 -2.54027e+01  5.26004e+01             
       H -9.16538e+01 -2.59052e+01  6.55546e+01             
       H -8.67225e+01 -4.22878e+01  4.79587e+01             
       O -7.19508e+01 -2.86009e+01  7.06722e+01             
       H -7.23513e+01 -2.82206e+01  6.98685e+01             
       H -7.11765e+01 -2.80626e+01  7.09781e+01             
       O -7.68666e+01 -2.34023e+01  5.78295e+01             
       H -7.62033e+01 -2.39768e+01  5.73557e+01             
       H -7.64222e+01 -2.25128e+01  5.80010e+01             
       O -1.00352e+02 -2.81704e+01  6.61400e+01             
       H -9.99179e+01 -2.85129e+01  6.69310e+01             
       H -9.97159e+01 -2.77061e+01  6.55722e+01             
       O -7.34992e+01 -2.47494e+01  6.03878e+01             
       H -7.27587e+01 -2.48435e+01  6.11009e+01             
       H -7.30199e+01 -2.48218e+01  5.95331e+01             
       O -9.14554e+01 -1.82167e+01  3.11750e+01             
       H -9.10191e+01 -1.76566e+01  3.04516e+01             
       H -9.08960e+01 -1.82076e+01  3.19379e+01             
       O -8.19911e+01 -2.18338e+01  3.94653e+01             
       H -6.06661e+01 -1.60729e+01  4.68473e+01             
       H -8.15745e+01 -2.10062e+01  3.93311e+01             
       O -8.41620e+01 -1.82263e+01  6.36349e+01             
       H -8.35290e+01 -1.85227e+01  6.28994e+01             
       H -8.37009e+01 -1.85420e+01  6.44244e+01             
       O -8.67187e+01 -1.97122e+01  7.62560e+01             
       H -8.58250e+01 -1.92970e+01  7.62785e+01             
       H -8.65674e+01 -2.06906e+01  7.61614e+01             
