192                                                         
# CELL(abcABC):   12.41850    12.41850    12.41850    90.00000    90.00000    90.00000  Step:           0  Bead:       0 x_centroid{angstrom}  cell{angstrom}   
       O -7.12970e+01 -8.40511e+00  6.10310e+01             
       H -7.09819e+01 -8.26330e+00  6.01442e+01             
       H -7.05940e+01 -8.04014e+00  6.15750e+01             
       O -6.16266e+01 -7.90612e+00  6.09707e+01             
       H -5.90210e+01 -1.69013e+01  5.45354e+01             
       H -6.14400e+01 -7.44976e+00  6.01327e+01             
       O -6.54093e+01 -2.37155e+01  4.49043e+01             
       H -6.48897e+01 -1.18974e+01  4.43801e+01             
       H -6.49754e+01 -2.28919e+01  4.47401e+01             
       O -5.99840e+01 -2.31095e+01  5.18227e+01             
       H -5.94995e+01 -2.35059e+01  5.10186e+01             
       H -5.93336e+01 -2.28852e+01  5.24526e+01             
       O -4.91631e+01 -1.91208e+01  5.28732e+01             
       H -4.87078e+01 -1.94372e+01  5.36321e+01             
       H -4.84880e+01 -1.88335e+01  5.22818e+01             
       O -5.31225e+01 -1.64429e+01  6.32072e+01             
       H -5.25533e+01 -1.62802e+01  6.24590e+01             
       H -5.25852e+01 -1.68488e+01  6.38627e+01             
       O -6.52389e+01 -1.83381e+01  4.27653e+01             
       H -6.49244e+01 -1.80010e+01  4.19089e+01             
       H -5.25278e+01  3.06583e+00  5.17208e+01             
       O -4.93632e+01 -1.51030e+01  6.69306e+01             
       H -4.91270e+01 -1.42564e+01  6.73426e+01             
       H -4.84830e+01 -2.79441e+01  6.69507e+01             
       O -7.00325e+01 -9.25903e+00  4.26723e+01             
       H -6.92203e+01 -9.01257e+00  4.32049e+01             
       H -6.97127e+01 -9.71139e+00  4.18769e+01             
       O -6.34804e+01 -2.36639e+01  4.97596e+01             
       H -6.32248e+01 -2.31041e+01  5.05205e+01             
       H -6.28401e+01 -2.36367e+01  4.90043e+01             
       O -6.96256e+01 -5.49916e+00  5.81017e+01             
       H -6.96231e+01 -4.77121e+00  5.87320e+01             
       H -6.89482e+01 -5.32375e+00  5.73949e+01             
       O -6.41043e+01 -8.42986e+00  4.50477e+01             
       H -6.34901e+01 -8.44983e+00  4.43223e+01             
       H -5.22378e+01 -1.18678e+01  4.15275e+01             
       O -5.96069e+01 -3.06337e+01  4.45079e+01             
       H -5.86505e+01 -3.05058e+01  4.48557e+01             
       H -5.71784e+01 -2.63867e+01  5.57673e+01             
       O -6.98727e+01 -1.63969e+01  4.83187e+01             
       H -6.91465e+01 -1.69740e+01  4.84618e+01             
       H -6.95564e+01 -1.54748e+01  4.85308e+01             
       O -4.84357e+01 -2.52560e+01  5.61333e+01             
       H -4.81550e+01 -2.55887e+01  5.69656e+01             
       H -4.76985e+01 -2.47464e+01  5.57412e+01             
       O -6.26545e+01 -1.00947e+01  5.94058e+01             
       H -6.22798e+01 -9.40350e+00  5.99780e+01             
       H -6.18810e+01 -1.04068e+01  5.89051e+01             
       O -6.57050e+01 -8.53746e+00  4.24582e+01             
       H -6.48484e+01 -2.14151e+01  4.24107e+01             
       H -6.59833e+01 -8.83958e+00  4.15304e+01             
       O -6.46961e+01 -2.56034e+01  3.87450e+01             
       H -6.42876e+01 -2.50434e+01  3.80844e+01             
       H -6.39973e+01 -2.62608e+01  3.88427e+01             
       O -7.10671e+01 -1.14353e+01  4.95424e+01             
       H -7.08147e+01 -1.06166e+01  4.91564e+01             
       H -7.04352e+01 -1.21229e+01  4.93104e+01             
       O -6.44620e+01  7.10555e+00  4.60143e+01             
       H -4.20797e+01 -1.76921e+01  4.99862e+01             
       H -6.41882e+01  6.46833e+00  4.53529e+01             
       O -5.70050e+01 -1.35536e+01  5.73144e+01             
       H -5.91822e+01 -2.08056e+01  5.49406e+01             
       H -6.85347e+01 -1.40508e+01  5.73016e+01             
       O -5.96984e+01 -3.07178e+01  5.08417e+01             
       H -5.90191e+01 -3.13399e+01  5.09082e+01             
       H -5.93038e+01 -2.99136e+01  5.12263e+01             
       O -6.81579e+01 -1.74802e+01  5.59101e+01             
       H -6.73925e+01 -1.80207e+01  5.59013e+01             
       H -6.77713e+01 -1.66226e+01  5.62270e+01             
       O -5.76416e+01 -4.07385e+01  5.20450e+01             
       H -5.67347e+01 -4.05840e+01  5.17693e+01             
       H -5.74876e+01 -4.09864e+01  6.54146e+01             
       O -6.28050e+01 -1.85987e+00  4.72455e+01             
       H -6.22620e+01 -2.52757e+00  4.66804e+01             
       H -6.20757e+01 -1.21970e+00  4.75490e+01             
       O -5.56581e+01 -2.38263e+01  5.67721e+01             
       H -5.57266e+01 -2.28544e+01  5.66219e+01             
       H -5.47087e+01 -2.37977e+01  5.70650e+01             
       O -6.22746e+01 -2.19620e+01  6.39327e+01             
       H -6.22887e+01 -2.10086e+01  6.38137e+01             
       H -6.14384e+01 -2.23739e+01  6.42122e+01             
       O -7.84324e+01 -1.93631e+01  4.78822e+01             
       H -7.80556e+01 -1.89170e+01  4.71655e+01             
       H -7.77638e+01 -1.97246e+01  4.85088e+01             
       O -5.68262e+01 -1.27805e+00  6.11371e+01             
       H -5.62001e+01 -1.03371e+00  6.03608e+01             
       H -5.63889e+01 -1.72874e+00  6.18641e+01             
       O -5.89079e+01 -1.16919e+01  4.24100e+01             
       H -5.83936e+01 -1.25259e+01  4.23058e+01             
       H -5.83816e+01 -1.09599e+01  3.04446e+01             
       O -5.55401e+01 -1.21390e+01  2.92243e+01             
       H -5.45626e+01 -1.20906e+01  2.89989e+01             
       H -6.80270e+01 -1.18201e+01  3.01349e+01             
       O -5.01923e+01 -1.51654e+01  2.70243e+01             
       H -4.99780e+01 -1.49744e+01  2.79523e+01             
       H -4.94178e+01 -1.49684e+01  2.64633e+01             
       O -5.80922e+01 -2.09299e+01  3.36354e+01             
       H -5.80983e+01 -2.02986e+01  3.28797e+01             
       H -5.71490e+01 -2.10803e+01  4.62393e+01             
       O -5.47187e+01 -1.32692e+01  3.45597e+01             
       H -6.27060e+01 -9.92710e+00  4.26226e+01             
       H -5.42067e+01 -1.25771e+01  3.49870e+01             
       O -5.70535e+01 -2.27666e+01  5.25003e+01             
       H -5.66493e+01 -2.36759e+01  5.25563e+01             
       H -5.67404e+01 -2.23754e+01  5.16127e+01             
       O -4.77760e+01 -1.49017e+01  3.79975e+01             
       H -4.71269e+01 -1.49880e+01  3.86995e+01             
       H -4.74977e+01 -1.54661e+01  3.72326e+01             
       O -5.11628e+01 -2.91406e+01  4.87403e+01             
       H -5.03255e+01 -2.92817e+01  4.91826e+01             
       H -5.09975e+01 -2.82361e+01  4.84124e+01             
       O -5.91543e+01 -2.35132e+00  5.82612e+01             
       H -5.83112e+01 -1.99928e+00  5.79578e+01             
       H -5.87894e+01 -2.96948e+00  5.89321e+01             
       O -4.90779e+01  5.80032e+00  7.12201e+01             
       H -4.84938e+01  6.58751e+00  7.12570e+01             
       H -4.88530e+01  5.49432e+00  7.03255e+01             
       O -5.74967e+01 -2.66507e+01  5.48378e+01             
       H -6.52063e+01 -1.92826e+01  4.27007e+01             
       H -5.68726e+01 -2.62019e+01  5.42610e+01             
       O -5.94473e+01 -1.61904e+01  5.50455e+01             
       H -5.41117e+01 -1.40528e+01  3.45284e+01             
       H -5.87275e+01 -1.56501e+01  5.53628e+01             
       O -5.29793e+01 -1.20246e+01  4.09670e+01             
       H -6.38533e+01 -5.30363e+00  4.67094e+01             
       H -5.27068e+01 -1.25149e+01  4.01968e+01             
       O -5.49907e+01 -2.66800e+01  5.07065e+01             
       H -6.67762e+01 -2.73614e+01  6.31428e+01             
       H -4.83145e+01 -8.07486e+00  6.13137e+01             
       O -8.87272e+01 -1.29983e+01  5.58798e+01             
       H -8.78168e+01 -1.26560e+01  5.60263e+01             
       H -8.88288e+01 -1.37270e+01  5.65017e+01             
       O -5.52685e+01 -3.04173e+01  4.94929e+01             
       H -5.48219e+01 -3.09114e+01  4.87240e+01             
       H -5.67255e+01 -1.25689e+01  5.71921e+01             
       O -6.34416e+01 -1.02543e+01  4.20317e+01             
       H -6.31549e+01 -9.87558e+00  4.11584e+01             
       H -7.57467e+01 -1.85786e+01  2.77939e+01             
       O -7.25597e+01 -2.29121e+01  4.56807e+01             
       H -7.24630e+01 -2.37848e+01  4.61002e+01             
       H -7.18862e+01 -2.22484e+01  4.59363e+01             
       O -5.57225e+01 -2.20864e+01  3.77074e+01             
       H -5.55007e+01 -2.14507e+01  3.69928e+01             
       H -5.48613e+01 -2.22760e+01  3.80965e+01             
       O -4.11054e+01 -2.32040e+01  4.78987e+01             
       H -4.05860e+01 -1.06776e+01  4.87127e+01             
       H -4.04929e+01 -2.34215e+01  4.71915e+01             
       O -5.68973e+01 -6.82724e+00  5.13379e+01             
       H -4.39545e+01 -7.53812e+00  5.17331e+01             
       H -5.62489e+01 -6.37034e+00  5.07331e+01             
       O -5.33187e+01  2.89895e+00  5.21799e+01             
       H -5.97718e+01 -2.98348e+01  4.39468e+01             
       H -6.35597e+01  3.56209e+00  4.57182e+01             
       O -6.51186e+01 -1.47258e+01  4.63243e+01             
       H -6.47997e+01 -1.56324e+01  4.64489e+01             
       H -6.43600e+01 -1.41538e+01  4.64766e+01             
       O -6.16288e+01 -3.23178e+00  3.25840e+01             
       H -6.06782e+01 -1.54372e+01  3.25150e+01             
       H -6.19330e+01 -3.12503e+00  3.16622e+01             
       O -7.00990e+01 -1.79847e+01  5.39068e+01             
       H -6.92564e+01 -1.77843e+01  5.43393e+01             
       H -6.98472e+01 -1.82209e+01  5.29897e+01             
       O -6.16826e+01 -2.17160e+01  5.60180e+01             
       H -6.10871e+01 -2.11156e+01  5.55837e+01             
       H -6.11985e+01 -2.24309e+01  5.65362e+01             
       O -7.23655e+01 -2.01958e+01  4.24439e+01             
       H -7.21092e+01 -1.95089e+01  5.55306e+01             
       H -6.69886e+01 -3.83165e+01  3.86463e+01             
       O -5.16350e+01 -2.02313e+01  6.24689e+01             
       H -5.06910e+01 -2.01848e+01  6.21962e+01             
       H -5.17855e+01 -1.94637e+01  6.29919e+01             
       O -6.01285e+01 -1.68596e+01  4.82481e+01             
       H -6.04757e+01 -1.75037e+01  4.88683e+01             
       H -5.92041e+01 -1.70910e+01  4.81998e+01             
       O -8.01187e+01 -2.10826e+01  5.65429e+01             
       H -7.98493e+01 -2.07759e+01  5.73833e+01             
       H -7.93459e+01 -2.10188e+01  5.59712e+01             
       O -5.55051e+01 -2.11384e+01  4.75576e+01             
       H -5.48141e+01 -2.04468e+01  4.76371e+01             
       H -5.50237e+01 -2.19604e+01  4.74730e+01             
       O -7.28846e+01 -1.27219e+01  2.26652e+01             
       H -7.23124e+01 -1.34568e+01  2.22944e+01             
       H -7.23107e+01 -1.23271e+01  2.33509e+01             
       O -6.38962e+01 -1.78252e+01  2.76799e+01             
       H -4.07258e+01 -1.03752e+01  4.02199e+01             
       H -6.32798e+01 -1.70468e+01  2.75906e+01             
       O -6.51877e+01 -1.52476e+01  5.45278e+01             
       H -6.45070e+01 -1.58783e+01  5.48360e+01             
       H -6.47781e+01 -1.43604e+01  5.44850e+01             
       O -6.69992e+01 -1.49118e+01  6.89181e+01             
       H -6.64181e+01 -1.49471e+01  6.80917e+01             
       H -6.63627e+01 -1.51103e+01  6.96076e+01             
192                                                         
# CELL(abcABC):   12.41850    12.41850    12.41850    90.00000    90.00000    90.00000  Step:      200000  Bead:       0 x_centroid{angstrom}  cell{angstrom}   
       O -8.18822e+01 -1.41875e+01  6.84052e+01             
       H -8.15470e+01 -1.42150e+01  6.74892e+01             
       H -8.11796e+01 -1.39947e+01  6.90839e+01             
       O -6.54905e+01 -9.72203e+00  6.94845e+01             
       H -6.67416e+01 -1.66356e+01  6.05351e+01             
       H -6.47336e+01 -9.48151e+00  6.89264e+01             
       O -7.64698e+01 -2.83802e+01  5.07283e+01             
       H -7.62279e+01 -1.52565e+01  5.13293e+01             
       H -7.56589e+01 -2.86171e+01  5.01872e+01             
       O -7.27393e+01 -2.96077e+01  5.23227e+01             
       H -7.23889e+01 -2.86810e+01  5.22136e+01             
       H -7.19310e+01 -3.01286e+01  5.21303e+01             
       O -6.11886e+01 -1.90925e+01  5.84364e+01             
       H -6.06429e+01 -1.82879e+01  5.84580e+01             
       H -6.04951e+01 -1.97415e+01  5.82111e+01             
       O -6.30828e+01 -1.24083e+01  6.89345e+01             
       H -6.25550e+01 -1.31156e+01  6.93338e+01             
       H -6.24946e+01 -1.16369e+01  6.89156e+01             
       O -7.41639e+01 -2.18786e+01  4.76604e+01             
       H -7.36153e+01 -2.26559e+01  4.76642e+01             
       H -5.93729e+01  3.19019e+00  5.84071e+01             
       O -5.92390e+01 -1.59872e+01  7.32172e+01             
       H -5.90624e+01 -1.67311e+01  7.26131e+01             
       H -5.84849e+01 -2.84567e+01  7.38604e+01             
       O -8.08092e+01 -9.79329e+00  5.10002e+01             
       H -7.99213e+01 -9.28844e+00  5.07699e+01             
       H -8.05036e+01 -1.07067e+01  5.08829e+01             
       O -7.35173e+01 -2.66835e+01  5.39424e+01             
       H -7.33343e+01 -2.58819e+01  5.44191e+01             
       H -7.27927e+01 -2.67942e+01  5.32883e+01             
       O -7.84866e+01 -9.00139e+00  6.25566e+01             
       H -7.81801e+01 -8.04397e+00  6.25449e+01             
       H -7.76015e+01 -9.42646e+00  6.23499e+01             
       O -7.34891e+01 -1.19615e+01  4.90649e+01             
       H -7.27657e+01 -1.23234e+01  4.85329e+01             
       H -6.47525e+01 -1.43890e+01  4.20898e+01             
       O -7.23808e+01 -3.21679e+01  4.87381e+01             
       H -7.19970e+01 -3.15036e+01  4.82035e+01             
       H -6.98527e+01 -2.97306e+01  5.58090e+01             
       O -7.92720e+01 -2.09147e+01  5.38529e+01             
       H -7.84881e+01 -2.08865e+01  5.44773e+01             
       H -7.89144e+01 -2.05371e+01  5.30158e+01             
       O -5.51098e+01 -2.62571e+01  5.77494e+01             
       H -5.44479e+01 -2.69242e+01  5.81650e+01             
       H -5.47174e+01 -2.53833e+01  5.75834e+01             
       O -7.14727e+01 -1.48046e+01  6.44358e+01             
       H -7.12852e+01 -1.43796e+01  6.35831e+01             
       H -7.05600e+01 -1.49015e+01  6.47796e+01             
       O -7.96427e+01 -1.01182e+01  4.72702e+01             
       H -7.99138e+01 -2.19936e+01  4.79860e+01             
       H -7.86616e+01 -1.01642e+01  4.73039e+01             
       O -7.13651e+01 -2.44462e+01  4.25871e+01             
       H -7.07150e+01 -2.38277e+01  4.21754e+01             
       H -7.08614e+01 -2.50884e+01  4.30183e+01             
       O -8.13641e+01 -1.48393e+01  5.31468e+01             
       H -8.10067e+01 -1.40504e+01  5.26979e+01             
       H -8.06732e+01 -1.55149e+01  5.33548e+01             
       O -7.59966e+01 -1.68568e+00  5.25223e+01             
       H -5.12791e+01 -2.01444e+01  5.54041e+01             
       H -7.61275e+01 -7.43762e-01  5.25712e+01             
       O -6.33447e+01 -1.51694e+01  5.95783e+01             
       H -6.82742e+01 -1.86956e+01  6.02409e+01             
       H -7.54239e+01 -1.59075e+01  6.00827e+01             
       O -6.90772e+01 -3.42301e+01  5.64763e+01             
       H -6.85519e+01 -3.50149e+01  5.62736e+01             
       H -6.85101e+01 -3.35698e+01  5.68518e+01             
       O -7.84582e+01 -2.63477e+01  6.22835e+01             
       H -7.78304e+01 -2.56584e+01  6.19929e+01             
       H -7.78273e+01 -2.70107e+01  6.25639e+01             
       O -6.86532e+01 -4.33894e+01  5.47137e+01             
       H -6.83339e+01 -4.42471e+01  5.49592e+01             
       H -6.79308e+01 -4.27233e+01  6.71840e+01             
       O -7.48242e+01 -6.09185e+00  5.33578e+01             
       H -7.44439e+01 -6.94070e+00  5.38225e+01             
       H -7.41049e+01 -5.46575e+00  5.30748e+01             
       O -6.35471e+01 -2.49975e+01  6.09371e+01             
       H -6.26511e+01 -2.47587e+01  6.12779e+01             
       H -6.33437e+01 -2.58711e+01  6.06158e+01             
       O -6.97062e+01 -2.23760e+01  6.59767e+01             
       H -6.91917e+01 -2.19718e+01  6.67047e+01             
       H -6.92722e+01 -2.22674e+01  6.51070e+01             
       O -8.77703e+01 -2.38663e+01  5.17238e+01             
       H -8.67762e+01 -2.39906e+01  5.16847e+01             
       H -8.78777e+01 -2.30850e+01  5.11723e+01             
       O -7.02019e+01 -6.19873e+00  6.46810e+01             
       H -6.95871e+01 -6.12836e+00  6.55015e+01             
       H -6.97230e+01 -5.86388e+00  6.39634e+01             
       O -6.78967e+01 -1.28512e+01  5.17328e+01             
       H -6.72356e+01 -1.32220e+01  5.10765e+01             
       H -6.75233e+01 -1.21232e+01  3.98817e+01             
       O -6.43609e+01 -1.04080e+01  3.46891e+01             
       H -6.40760e+01 -1.12575e+01  3.50894e+01             
       H -7.59881e+01 -9.85016e+00  3.45580e+01             
       O -5.85145e+01 -1.80874e+01  3.39152e+01             
       H -5.76544e+01 -1.84780e+01  3.41707e+01             
       H -5.83861e+01 -1.75450e+01  3.30709e+01             
       O -6.67507e+01 -2.37140e+01  4.11302e+01             
       H -6.68242e+01 -2.26815e+01  4.11926e+01             
       H -6.57783e+01 -2.39275e+01  5.36393e+01             
       O -6.48433e+01 -1.74581e+01  4.04715e+01             
       H -7.08285e+01 -1.09588e+01  4.68494e+01             
       H -6.46385e+01 -1.67180e+01  3.98451e+01             
       O -6.71900e+01 -2.41677e+01  5.63547e+01             
       H -6.63733e+01 -2.35386e+01  5.64154e+01             
       H -6.70339e+01 -2.45742e+01  5.55353e+01             
       O -6.06659e+01 -1.65844e+01  4.32094e+01             
       H -6.09229e+01 -1.58876e+01  4.25655e+01             
       H -5.97150e+01 -1.68356e+01  4.31123e+01             
       O -6.16712e+01 -3.35417e+01  5.39016e+01             
       H -6.08679e+01 -3.35453e+01  5.34160e+01             
       H -6.15048e+01 -3.40835e+01  5.47305e+01             
       O -6.54301e+01 -6.13348e+00  6.26811e+01             
       H -6.46324e+01 -6.04485e+00  6.21192e+01             
       H -6.52064e+01 -5.71558e+00  6.35102e+01             
       O -5.75863e+01  3.64397e+00  7.36444e+01             
       H -5.69912e+01  3.33482e+00  7.43689e+01             
       H -5.71330e+01  4.26307e+00  7.30827e+01             
       O -7.04526e+01 -2.91794e+01  5.62838e+01             
       H -7.35131e+01 -2.11582e+01  4.76887e+01             
       H -7.01485e+01 -2.82431e+01  5.62537e+01             
       O -6.72382e+01 -1.74334e+01  6.09434e+01             
       H -6.39720e+01 -1.78861e+01  4.06662e+01             
       H -6.67142e+01 -1.77765e+01  6.17030e+01             
       O -6.54016e+01 -1.43294e+01  4.27786e+01             
       H -7.51506e+01 -1.42622e+01  5.29624e+01             
       H -6.49634e+01 -1.37363e+01  4.34386e+01             
       O -6.55376e+01 -3.02331e+01  5.70004e+01             
       H -7.70380e+01 -3.06294e+01  6.92936e+01             
       H -5.26425e+01 -1.01511e+01  7.02837e+01             
       O -9.87664e+01 -1.65834e+01  6.21971e+01             
       H -9.80576e+01 -1.61030e+01  6.17325e+01             
       H -9.84102e+01 -1.68772e+01  6.30570e+01             
       O -6.43108e+01 -3.32600e+01  5.51184e+01             
       H -6.37948e+01 -3.39059e+01  5.45743e+01             
       H -6.27069e+01 -1.49619e+01  5.88314e+01             
       O -7.15072e+01 -1.04759e+01  4.73380e+01             
       H -7.08768e+01 -9.95934e+00  4.79068e+01             
       H -8.72472e+01 -1.88293e+01  3.22023e+01             
       O -8.26100e+01 -2.55815e+01  5.01375e+01             
       H -8.23803e+01 -2.55699e+01  4.92012e+01             
       H -8.17775e+01 -2.55105e+01  5.06736e+01             
       O -6.10584e+01 -2.28510e+01  4.35650e+01             
       H -6.06219e+01 -2.23020e+01  4.42402e+01             
       H -6.02480e+01 -2.34061e+01  4.31992e+01             
       O -4.89792e+01 -2.70499e+01  5.73561e+01             
       H -4.86548e+01 -1.53705e+01  5.68909e+01             
       H -4.82851e+01 -2.68307e+01  5.79943e+01             
       O -6.72366e+01 -7.61271e+00  5.76774e+01             
       H -5.41777e+01 -6.96894e+00  5.72956e+01             
       H -6.67273e+01 -8.44397e+00  5.78572e+01             
       O -5.95882e+01  3.59071e+00  5.75302e+01             
       H -7.16405e+01 -3.28053e+01  4.88741e+01             
       H -7.29963e+01  8.32112e-01  4.98377e+01             
       O -7.43207e+01 -1.96192e+01  5.09674e+01             
       H -7.39114e+01 -1.96293e+01  5.18147e+01             
       H -7.36274e+01 -1.97167e+01  5.03401e+01             
       O -7.57432e+01 -5.55812e+00  3.55719e+01             
       H -7.49113e+01 -1.79071e+01  3.61013e+01             
       H -7.55048e+01 -6.23281e+00  3.49153e+01             
       O -7.86051e+01 -1.60180e+01  5.89499e+01             
       H -7.84639e+01 -1.68056e+01  5.82600e+01             
       H -7.76485e+01 -1.58028e+01  5.91816e+01             
       O -6.92363e+01 -2.47463e+01  5.99194e+01             
       H -6.86510e+01 -2.39603e+01  5.98078e+01             
       H -6.86704e+01 -2.54293e+01  5.94532e+01             
       O -8.11753e+01 -1.93534e+01  4.73111e+01             
       H -8.06020e+01 -1.94818e+01  5.89585e+01             
       H -7.83984e+01 -4.24063e+01  4.37500e+01             
       O -5.97195e+01 -2.36666e+01  6.37446e+01             
       H -5.89214e+01 -2.40882e+01  6.33553e+01             
       H -5.95206e+01 -2.27234e+01  6.40015e+01             
       O -7.17349e+01 -2.09306e+01  5.26559e+01             
       H -7.09763e+01 -2.13534e+01  5.30805e+01             
       H -7.12351e+01 -2.01510e+01  5.22984e+01             
       O -9.15826e+01 -2.90420e+01  6.70524e+01             
       H -9.09526e+01 -2.94421e+01  6.64768e+01             
       H -9.11548e+01 -2.82013e+01  6.72304e+01             
       O -6.39711e+01 -2.36663e+01  5.40239e+01             
       H -6.33315e+01 -2.41604e+01  5.45670e+01             
       H -6.36619e+01 -2.36783e+01  5.30888e+01             
       O -8.18453e+01 -1.65376e+01  2.51640e+01             
       H -8.10124e+01 -1.67542e+01  2.45850e+01             
       H -8.16898e+01 -1.58421e+01  2.57932e+01             
       O -7.53883e+01 -1.85986e+01  3.14480e+01             
       H -4.63360e+01 -8.69920e+00  4.46991e+01             
       H -7.49796e+01 -1.78778e+01  3.09631e+01             
       O -7.21217e+01 -1.37373e+01  5.94389e+01             
       H -7.14130e+01 -1.31079e+01  5.93463e+01             
       H -7.17170e+01 -1.44641e+01  5.98939e+01             
       O -7.57215e+01 -2.15468e+01  7.49005e+01             
       H -7.53503e+01 -2.08332e+01  7.54386e+01             
       H -7.52828e+01 -2.15825e+01  7.39753e+01             
