192                                                         
# CELL(abcABC):   12.41850    12.41850    12.41850    90.00000    90.00000    90.00000  Step:           0  Bead:       0 x_centroid{angstrom}  cell{angstrom}   
       O -7.52408e+01 -8.95434e+00  6.37141e+01             
       H -7.49046e+01 -9.83625e+00  6.35478e+01             
       H -7.44076e+01 -8.51657e+00  6.39415e+01             
       O -6.66540e+01 -6.82566e+00  6.34546e+01             
       H -6.35862e+01 -1.75559e+01  5.63641e+01             
       H -6.62074e+01 -6.72160e+00  6.43413e+01             
       O -6.82283e+01 -2.77147e+01  4.64909e+01             
       H -6.74699e+01 -1.57553e+01  4.68632e+01             
       H -6.78039e+01 -2.68492e+01  4.62730e+01             
       O -6.58775e+01 -2.50334e+01  5.24513e+01             
       H -6.55410e+01 -2.41607e+01  5.26600e+01             
       H -6.50902e+01 -2.55705e+01  5.23950e+01             
       O -5.38282e+01 -2.20015e+01  5.56011e+01             
       H -5.32883e+01 -2.13014e+01  5.59861e+01             
       H -5.35042e+01 -2.19885e+01  5.46822e+01             
       O -5.65528e+01 -1.74257e+01  6.51569e+01             
       H -5.59696e+01 -1.68485e+01  6.46249e+01             
       H -5.59195e+01 -1.77491e+01  6.58394e+01             
       O -6.89342e+01 -2.07311e+01  4.32672e+01             
       H -6.86645e+01 -1.98289e+01  4.32266e+01             
       H -5.68370e+01  9.26288e-01  5.30460e+01             
       O -5.37228e+01 -1.61380e+01  6.87378e+01             
       H -5.32434e+01 -1.54616e+01  6.81783e+01             
       H -5.29861e+01 -2.90669e+01  6.90965e+01             
       O -7.57145e+01 -1.00923e+01  4.60761e+01             
       H -7.51415e+01 -1.00256e+01  4.68328e+01             
       H -7.57343e+01 -1.09909e+01  4.57423e+01             
       O -6.69190e+01 -2.84127e+01  5.14395e+01             
       H -6.59590e+01 -2.87055e+01  5.13773e+01             
       H -6.70178e+01 -2.75777e+01  5.10397e+01             
       O -7.26255e+01 -7.84826e+00  5.97527e+01             
       H -7.18396e+01 -7.51938e+00  6.02690e+01             
       H -7.23482e+01 -7.92403e+00  5.88160e+01             
       O -6.99711e+01 -1.02688e+01  4.92087e+01             
       H -6.99224e+01 -1.02378e+01  4.82977e+01             
       H -5.54382e+01 -1.58507e+01  4.37174e+01             
       O -6.28624e+01 -3.15659e+01  4.70579e+01             
       H -6.34025e+01 -3.12900e+01  4.62850e+01             
       H -6.13745e+01 -2.80392e+01  5.88698e+01             
       O -7.62771e+01 -1.40877e+01  5.29692e+01             
       H -7.53559e+01 -1.38403e+01  5.28465e+01             
       H -7.63799e+01 -1.48712e+01  5.23799e+01             
       O -5.49370e+01 -2.52537e+01  5.88768e+01             
       H -5.41374e+01 -2.50885e+01  5.94452e+01             
       H -5.47148e+01 -2.48916e+01  5.80018e+01             
       O -6.73335e+01 -1.33482e+01  6.24990e+01             
       H -6.70770e+01 -1.30400e+01  6.33780e+01             
       H -6.65810e+01 -1.30949e+01  6.19771e+01             
       O -6.92349e+01 -1.05945e+01  4.66097e+01             
       H -6.86390e+01 -2.37512e+01  4.65013e+01             
       H -6.86320e+01 -9.81529e+00  4.66083e+01             
       O -6.81938e+01 -2.53108e+01  4.16087e+01             
       H -6.79701e+01 -2.51868e+01  4.25382e+01             
       H -6.73048e+01 -2.53219e+01  4.11418e+01             
       O -7.69731e+01 -1.01177e+01  5.31243e+01             
       H -7.64379e+01 -1.05957e+01  5.37714e+01             
       H -7.63383e+01 -9.69520e+00  5.25433e+01             
       O -7.14466e+01  4.84557e+00  4.48705e+01             
       H -4.59409e+01 -1.53892e+01  4.90329e+01             
       H -7.08861e+01  4.09160e+00  4.47268e+01             
       O -6.00947e+01 -1.31217e+01  5.95373e+01             
       H -6.39904e+01 -2.11594e+01  5.75155e+01             
       H -7.16856e+01 -1.32119e+01  6.00463e+01             
       O -6.52461e+01 -3.21500e+01  5.34996e+01             
       H -6.44142e+01 -3.16432e+01  5.37517e+01             
       H -6.50091e+01 -3.30404e+01  5.33946e+01             
       O -7.40200e+01 -1.99194e+01  5.60415e+01             
       H -7.38552e+01 -2.08287e+01  5.57481e+01             
       H -7.32168e+01 -1.96781e+01  5.64804e+01             
       O -6.06050e+01 -4.15405e+01  4.75471e+01             
       H -5.98340e+01 -4.13369e+01  4.81106e+01             
       H -6.02344e+01 -4.17534e+01  5.90515e+01             
       O -6.35844e+01 -3.79394e+00  4.85076e+01             
       H -6.33230e+01 -2.83770e+00  4.84487e+01             
       H -6.28152e+01 -4.18466e+00  4.80769e+01             
       O -6.16994e+01 -2.41436e+01  6.28571e+01             
       H -6.07641e+01 -2.43067e+01  6.31976e+01             
       H -6.15253e+01 -2.35371e+01  6.21074e+01             
       O -6.68826e+01 -2.45133e+01  6.87061e+01             
       H -6.64613e+01 -2.36515e+01  6.84535e+01             
       H -6.61370e+01 -2.51697e+01  6.85577e+01             
       O -8.16484e+01 -1.85768e+01  5.01123e+01             
       H -8.13112e+01 -1.86138e+01  4.91680e+01             
       H -8.08604e+01 -1.87223e+01  5.06805e+01             
       O -5.80755e+01 -1.24170e+00  6.55801e+01             
       H -5.71221e+01 -1.29761e+00  6.58049e+01             
       H -5.82997e+01 -2.17090e+00  6.53629e+01             
       O -6.28284e+01 -1.27757e+01  4.49080e+01             
       H -6.25205e+01 -1.35398e+01  4.53916e+01             
       H -6.22088e+01 -1.24230e+01  3.18198e+01             
       O -6.17434e+01 -1.75953e+01  2.75627e+01             
       H -6.13173e+01 -1.84742e+01  2.75711e+01             
       H -7.33664e+01 -1.70532e+01  2.75903e+01             
       O -5.16563e+01 -1.64753e+01  2.64680e+01             
       H -5.15456e+01 -1.63685e+01  2.54929e+01             
       H -5.09303e+01 -1.70260e+01  2.68172e+01             
       O -5.91133e+01 -2.43518e+01  3.84085e+01             
       H -5.85320e+01 -2.38784e+01  3.77504e+01             
       H -5.84706e+01 -2.45074e+01  5.15352e+01             
       O -6.11919e+01 -1.38957e+01  4.08924e+01             
       H -6.48106e+01 -8.63641e+00  4.85061e+01             
       H -6.09225e+01 -1.45557e+01  4.15254e+01             
       O -6.26354e+01 -2.40168e+01  5.43602e+01             
       H -6.23259e+01 -2.47611e+01  5.38561e+01             
       H -6.17480e+01 -2.34256e+01  5.42875e+01             
       O -5.23798e+01 -1.36671e+01  4.31173e+01             
       H -5.16184e+01 -1.33660e+01  4.36806e+01             
       H -5.19952e+01 -1.36618e+01  4.22444e+01             
       O -5.64688e+01 -3.10767e+01  4.73768e+01             
       H -5.57304e+01 -3.04722e+01  4.75586e+01             
       H -5.59712e+01 -3.20036e+01  4.72796e+01             
       O -6.26076e+01 -9.79580e-01  6.07532e+01             
       H -6.18997e+01 -1.00958e+00  6.01276e+01             
       H -6.22569e+01 -5.51810e-01  6.15825e+01             
       O -5.93215e+01  6.30153e+00  6.72178e+01             
       H -5.96851e+01  5.47317e+00  6.68827e+01             
       H -5.84308e+01  6.10186e+00  6.74192e+01             
       O -6.19718e+01 -2.78425e+01  5.80801e+01             
       H -6.81524e+01 -2.12702e+01  4.32308e+01             
       H -6.14552e+01 -2.79481e+01  5.72362e+01             
       O -6.40063e+01 -1.74822e+01  5.72409e+01             
       H -6.04706e+01 -1.37481e+01  4.02943e+01             
       H -6.34635e+01 -1.68355e+01  5.76731e+01             
       O -5.63247e+01 -1.56553e+01  4.33494e+01             
       H -7.08400e+01 -6.77516e+00  4.48694e+01             
       H -5.61848e+01 -1.56930e+01  4.23998e+01             
       O -5.89732e+01 -2.85293e+01  5.21193e+01             
       H -7.05839e+01 -2.90893e+01  6.47531e+01             
       H -5.34713e+01 -6.75464e+00  6.28346e+01             
       O -9.14457e+01 -1.67476e+01  6.08076e+01             
       H -9.04777e+01 -1.69841e+01  6.07887e+01             
       H -9.17304e+01 -1.67890e+01  6.17252e+01             
       O -5.87620e+01 -2.85908e+01  4.93748e+01             
       H -5.79942e+01 -2.91503e+01  4.94786e+01             
       H -5.96856e+01 -1.25755e+01  5.88643e+01             
       O -6.52030e+01 -9.43211e+00  4.80811e+01             
       H -6.45965e+01 -9.75820e+00  4.74291e+01             
       H -7.91393e+01 -1.89814e+01  2.96339e+01             
       O -7.66167e+01 -1.98265e+01  4.94487e+01             
       H -7.59643e+01 -1.94536e+01  4.88207e+01             
       H -7.60730e+01 -2.03625e+01  5.00678e+01             
       O -5.90241e+01 -2.39598e+01  4.49963e+01             
       H -5.82142e+01 -2.35426e+01  4.53752e+01             
       H -5.87629e+01 -2.48191e+01  4.45381e+01             
       O -4.51727e+01 -2.66138e+01  4.81559e+01             
       H -4.45792e+01 -1.36870e+01  4.87196e+01             
       H -4.45559e+01 -2.72190e+01  4.76222e+01             
       O -6.05387e+01 -9.91321e+00  5.53469e+01             
       H -4.78154e+01 -1.03350e+01  5.61475e+01             
       H -5.98566e+01 -9.67185e+00  5.47166e+01             
       O -5.69877e+01  1.64502e+00  5.24244e+01             
       H -6.19256e+01 -3.16042e+01  4.69343e+01             
       H -6.91424e+01  2.44254e+00  4.95521e+01             
       O -7.00695e+01 -1.77657e+01  4.51186e+01             
       H -6.96348e+01 -1.79384e+01  4.59919e+01             
       H -6.93353e+01 -1.73193e+01  4.46894e+01             
       O -7.12749e+01 -7.83156e+00  3.74791e+01             
       H -7.09458e+01 -2.11827e+01  3.72386e+01             
       H -7.04598e+01 -7.26382e+00  3.75537e+01             
       O -7.55779e+01 -1.82077e+01  5.49219e+01             
       H -7.48782e+01 -1.89205e+01  5.53089e+01             
       H -7.51577e+01 -1.77093e+01  5.42294e+01             
       O -6.70851e+01 -2.06813e+01  5.92423e+01             
       H -6.64127e+01 -2.04035e+01  5.85916e+01             
       H -6.65051e+01 -2.11840e+01  5.98046e+01             
       O -7.71070e+01 -2.05095e+01  4.47857e+01             
       H -7.66352e+01 -1.98490e+01  5.67864e+01             
       H -7.12615e+01 -4.06945e+01  3.87689e+01             
       O -5.52698e+01 -2.18377e+01  6.29347e+01             
       H -5.51104e+01 -2.08719e+01  6.31196e+01             
       H -5.45203e+01 -2.20783e+01  6.23444e+01             
       O -6.05964e+01 -2.01535e+01  5.19175e+01             
       H -5.97881e+01 -2.05395e+01  5.23752e+01             
       H -6.01330e+01 -2.01377e+01  5.10323e+01             
       O -8.61659e+01 -2.27400e+01  6.03966e+01             
       H -8.55873e+01 -2.19304e+01  6.02335e+01             
       H -8.57205e+01 -2.35158e+01  6.00787e+01             
       O -5.85577e+01 -2.14093e+01  5.34082e+01             
       H -5.79800e+01 -2.11743e+01  5.41532e+01             
       H -5.82331e+01 -2.21337e+01  5.29165e+01             
       O -7.76636e+01 -1.21797e+01  2.33088e+01             
       H -7.75370e+01 -1.12605e+01  2.35927e+01             
       H -7.67461e+01 -1.25804e+01  2.33186e+01             
       O -6.72907e+01 -1.83593e+01  3.00781e+01             
       H -4.37952e+01 -1.06488e+01  3.94623e+01             
       H -6.66648e+01 -1.76851e+01  3.03838e+01             
       O -7.06883e+01 -1.35961e+01  5.59308e+01             
       H -7.08000e+01 -1.33620e+01  5.50389e+01             
       H -6.99760e+01 -1.41978e+01  5.59448e+01             
       O -7.28107e+01 -1.58760e+01  6.82983e+01             
       H -7.20448e+01 -1.53769e+01  6.81509e+01             
       H -7.25851e+01 -1.67596e+01  6.79853e+01             
192                                                         
# CELL(abcABC):   12.41850    12.41850    12.41850    90.00000    90.00000    90.00000  Step:      200000  Bead:       0 x_centroid{angstrom}  cell{angstrom}   
       O -9.06517e+01 -1.37087e+01  7.06183e+01             
       H -9.01825e+01 -1.42661e+01  6.99344e+01             
       H -8.98770e+01 -1.34429e+01  7.11888e+01             
       O -8.24473e+01 -1.15027e+01  7.32812e+01             
       H -7.43415e+01 -2.20874e+01  6.41338e+01             
       H -8.16601e+01 -1.18215e+01  7.38110e+01             
       O -8.10234e+01 -3.26061e+01  5.49110e+01             
       H -8.04753e+01 -1.98178e+01  5.55753e+01             
       H -8.03556e+01 -3.29404e+01  5.42285e+01             
       O -8.17458e+01 -2.92893e+01  5.71427e+01             
       H -8.15258e+01 -2.85302e+01  5.77090e+01             
       H -8.10800e+01 -2.92489e+01  5.64446e+01             
       O -6.68597e+01 -2.69088e+01  6.29934e+01             
       H -6.61313e+01 -2.71863e+01  6.24964e+01             
       H -6.65914e+01 -2.71399e+01  6.39243e+01             
       O -6.92809e+01 -2.00805e+01  7.56781e+01             
       H -6.85494e+01 -1.95484e+01  7.53320e+01             
       H -6.89714e+01 -2.10027e+01  7.57373e+01             
       O -8.13113e+01 -2.28363e+01  5.16682e+01             
       H -8.07473e+01 -2.26711e+01  5.24090e+01             
       H -7.24280e+01 -3.09456e+00  6.05134e+01             
       O -6.66526e+01 -2.10786e+01  7.80726e+01             
       H -6.59516e+01 -2.17101e+01  7.82714e+01             
       H -6.62310e+01 -3.28134e+01  7.74727e+01             
       O -9.11645e+01 -1.58340e+01  5.29264e+01             
       H -9.04656e+01 -1.53661e+01  5.33922e+01             
       H -9.07554e+01 -1.65591e+01  5.24089e+01             
       O -8.00695e+01 -2.95881e+01  5.50802e+01             
       H -7.91981e+01 -2.97758e+01  5.53189e+01             
       H -7.99546e+01 -2.91521e+01  5.42333e+01             
       O -8.77835e+01 -1.20210e+01  6.63900e+01             
       H -8.74656e+01 -1.21263e+01  6.73027e+01             
       H -8.69624e+01 -1.17756e+01  6.58625e+01             
       O -8.18790e+01 -1.43135e+01  5.30264e+01             
       H -8.10160e+01 -1.41587e+01  5.34060e+01             
       H -6.96471e+01 -1.93022e+01  5.37965e+01             
       O -7.78855e+01 -3.43586e+01  5.70782e+01             
       H -7.73175e+01 -3.44483e+01  5.78187e+01             
       H -7.63184e+01 -3.29199e+01  6.66302e+01             
       O -9.15284e+01 -1.79049e+01  5.96559e+01             
       H -9.05705e+01 -1.78096e+01  5.95331e+01             
       H -9.18372e+01 -1.85569e+01  5.89287e+01             
       O -7.19697e+01 -2.69282e+01  6.66410e+01             
       H -7.17826e+01 -2.66699e+01  6.75395e+01             
       H -7.11092e+01 -2.71374e+01  6.61870e+01             
       O -8.17981e+01 -1.18000e+01  6.82722e+01             
       H -8.10422e+01 -1.16747e+01  6.89901e+01             
       H -8.13402e+01 -1.21336e+01  6.74880e+01             
       O -8.42037e+01 -1.31937e+01  5.66237e+01             
       H -8.33882e+01 -2.50386e+01  5.64700e+01             
       H -8.40512e+01 -1.34918e+01  5.75396e+01             
       O -8.24032e+01 -3.19965e+01  4.64324e+01             
       H -8.23730e+01 -3.10930e+01  4.61152e+01             
       H -8.16845e+01 -3.25236e+01  4.61622e+01             
       O -9.29422e+01 -1.50868e+01  5.91548e+01             
       H -9.25687e+01 -1.59494e+01  5.96153e+01             
       H -9.21488e+01 -1.46814e+01  5.87979e+01             
       O -8.56099e+01  1.63842e+00  5.24779e+01             
       H -5.91358e+01 -2.34911e+01  6.12388e+01             
       H -8.48366e+01  1.03774e+00  5.22871e+01             
       O -7.19636e+01 -1.73303e+01  6.84018e+01             
       H -7.92758e+01 -2.53190e+01  6.73640e+01             
       H -8.44548e+01 -1.68649e+01  6.75449e+01             
       O -7.98968e+01 -3.68435e+01  6.18284e+01             
       H -7.92688e+01 -3.61906e+01  6.15166e+01             
       H -7.94817e+01 -3.76772e+01  6.20571e+01             
       O -8.94388e+01 -2.43039e+01  6.25701e+01             
       H -8.90196e+01 -2.51600e+01  6.28346e+01             
       H -8.86460e+01 -2.37365e+01  6.23841e+01             
       O -7.59636e+01 -4.33013e+01  5.43341e+01             
       H -7.52326e+01 -4.34397e+01  5.49505e+01             
       H -7.54863e+01 -4.31132e+01  6.59137e+01             
       O -7.95304e+01 -7.06243e+00  5.73941e+01             
       H -7.88106e+01 -6.44346e+00  5.70505e+01             
       H -7.90712e+01 -7.94844e+00  5.74852e+01             
       O -7.65108e+01 -2.74233e+01  6.91599e+01             
       H -7.56091e+01 -2.75505e+01  6.95077e+01             
       H -7.64794e+01 -2.72446e+01  6.81809e+01             
       O -8.12718e+01 -2.84740e+01  7.57604e+01             
       H -8.07257e+01 -2.77609e+01  7.54154e+01             
       H -8.08934e+01 -2.92855e+01  7.54302e+01             
       O -9.67383e+01 -2.15024e+01  5.83312e+01             
       H -9.63917e+01 -2.17735e+01  5.74849e+01             
       H -9.61018e+01 -2.07986e+01  5.86283e+01             
       O -7.12929e+01 -4.12209e+00  7.44565e+01             
       H -7.05432e+01 -3.83884e+00  7.50487e+01             
       H -7.10970e+01 -5.00327e+00  7.41983e+01             
       O -7.74788e+01 -1.74225e+01  5.12194e+01             
       H -7.65815e+01 -1.76613e+01  5.14498e+01             
       H -7.73745e+01 -1.66402e+01  3.81708e+01             
       O -7.41701e+01 -2.19122e+01  3.25715e+01             
       H -7.41797e+01 -2.11962e+01  3.19186e+01             
       H -8.57187e+01 -2.17151e+01  3.31097e+01             
       O -6.63349e+01 -2.19355e+01  3.60510e+01             
       H -6.56270e+01 -2.18830e+01  3.53951e+01             
       H -6.59717e+01 -2.14262e+01  3.67792e+01             
       O -7.40763e+01 -2.84600e+01  4.53883e+01             
       H -7.34045e+01 -2.86239e+01  4.47384e+01             
       H -7.37061e+01 -2.80263e+01  5.85706e+01             
       O -7.63125e+01 -1.72520e+01  4.72690e+01             
       H -7.70415e+01 -1.16143e+01  5.30853e+01             
       H -7.59881e+01 -1.81498e+01  4.75603e+01             
       O -7.69805e+01 -2.78606e+01  6.16788e+01             
       H -7.66536e+01 -2.86121e+01  6.10776e+01             
       H -7.63002e+01 -2.73997e+01  6.21994e+01             
       O -6.74897e+01 -1.82253e+01  5.00621e+01             
       H -6.67096e+01 -1.82718e+01  5.06055e+01             
       H -6.71910e+01 -1.80585e+01  4.91462e+01             
       O -7.04884e+01 -3.42408e+01  5.58538e+01             
       H -6.98086e+01 -3.36410e+01  5.54850e+01             
       H -7.01743e+01 -3.51395e+01  5.56432e+01             
       O -7.74946e+01 -5.26118e+00  6.88649e+01             
       H -7.70094e+01 -5.52056e+00  6.80532e+01             
       H -7.71484e+01 -4.37522e+00  6.90361e+01             
       O -7.34552e+01  3.95711e+00  7.40081e+01             
       H -7.27100e+01  4.63129e+00  7.40217e+01             
       H -7.31782e+01  3.11450e+00  7.36343e+01             
       O -7.63199e+01 -3.38688e+01  6.67929e+01             
       H -8.07772e+01 -2.32673e+01  5.09763e+01             
       H -7.54629e+01 -3.42302e+01  6.64873e+01             
       O -7.48748e+01 -2.13863e+01  6.37647e+01             
       H -7.57951e+01 -1.71036e+01  4.64874e+01             
       H -7.43094e+01 -2.11746e+01  6.29342e+01             
       O -7.02974e+01 -1.91754e+01  5.30979e+01             
       H -8.51109e+01 -1.01039e+01  5.30646e+01             
       H -6.98255e+01 -1.95023e+01  5.23020e+01             
       O -7.11864e+01 -3.17982e+01  6.14689e+01             
       H -8.28953e+01 -3.22436e+01  7.44752e+01             
       H -6.96683e+01 -1.08626e+01  7.25941e+01             
       O -1.05743e+02 -2.22060e+01  7.17243e+01             
       H -1.05072e+02 -2.19168e+01  7.24238e+01             
       H -1.05228e+02 -2.26425e+01  7.10685e+01             
       O -7.25391e+01 -3.57181e+01  6.14436e+01             
       H -7.26314e+01 -3.58393e+01  6.24164e+01             
       H -7.11188e+01 -1.71564e+01  6.88190e+01             
       O -7.78183e+01 -1.13570e+01  5.25493e+01             
       H -7.74779e+01 -1.14082e+01  5.15762e+01             
       H -8.86407e+01 -2.06512e+01  3.53728e+01             
       O -9.19066e+01 -2.38480e+01  5.72546e+01             
       H -9.13605e+01 -2.30003e+01  5.71258e+01             
       H -9.13855e+01 -2.45406e+01  5.77045e+01             
       O -7.39314e+01 -2.78815e+01  5.27303e+01             
       H -7.32831e+01 -2.73987e+01  5.33469e+01             
       H -7.34414e+01 -2.87200e+01  5.25652e+01             
       O -6.13976e+01 -3.18414e+01  5.57609e+01             
       H -6.08653e+01 -1.86655e+01  5.59751e+01             
       H -6.08126e+01 -3.24114e+01  5.51777e+01             
       O -7.52677e+01 -1.41291e+01  6.32323e+01             
       H -6.24237e+01 -1.45500e+01  6.40523e+01             
       H -7.45330e+01 -1.38222e+01  6.26074e+01             
       O -7.27596e+01 -2.49600e+00  5.97995e+01             
       H -7.73301e+01 -3.43141e+01  5.62171e+01             
       H -8.16268e+01 -2.56604e+00  5.22841e+01             
       O -8.46045e+01 -2.08612e+01  5.39529e+01             
       H -8.40636e+01 -2.12065e+01  5.47073e+01             
       H -8.39711e+01 -2.04125e+01  5.34129e+01             
       O -8.68139e+01 -1.22088e+01  4.42532e+01             
       H -8.68260e+01 -2.36966e+01  4.45899e+01             
       H -8.59673e+01 -1.26653e+01  4.44390e+01             
       O -8.87350e+01 -2.22037e+01  5.92325e+01             
       H -8.85751e+01 -2.31979e+01  5.92724e+01             
       H -8.79895e+01 -2.18214e+01  5.87517e+01             
       O -8.33242e+01 -2.45252e+01  6.44686e+01             
       H -8.26618e+01 -2.39345e+01  6.41290e+01             
       H -8.28165e+01 -2.53336e+01  6.47409e+01             
       O -9.21617e+01 -2.51773e+01  5.41161e+01             
       H -9.15427e+01 -2.47570e+01  6.58745e+01             
       H -8.32758e+01 -4.43225e+01  4.81269e+01             
       O -7.04891e+01 -2.60272e+01  7.17253e+01             
       H -7.01994e+01 -2.52871e+01  7.22591e+01             
       H -6.96322e+01 -2.65346e+01  7.16165e+01             
       O -7.57987e+01 -2.47893e+01  5.91949e+01             
       H -7.51224e+01 -2.51227e+01  5.97728e+01             
       H -7.54617e+01 -2.48277e+01  5.82759e+01             
       O -1.01091e+02 -2.71343e+01  6.64950e+01             
       H -1.00773e+02 -2.62018e+01  6.62813e+01             
       H -1.00432e+02 -2.77291e+01  6.61426e+01             
       O -7.40459e+01 -2.54544e+01  6.11986e+01             
       H -7.35000e+01 -2.46171e+01  6.12169e+01             
       H -7.35395e+01 -2.61209e+01  6.06783e+01             
       O -9.00340e+01 -2.04566e+01  2.58799e+01             
       H -8.95223e+01 -1.97645e+01  2.54205e+01             
       H -8.93440e+01 -2.09487e+01  2.62748e+01             
       O -7.59216e+01 -1.98093e+01  3.58045e+01             
       H -5.95174e+01 -1.44216e+01  4.71378e+01             
       H -7.50317e+01 -2.01823e+01  3.61475e+01             
       O -8.45869e+01 -1.73999e+01  6.46418e+01             
       H -8.41994e+01 -1.70439e+01  6.38376e+01             
       H -8.39219e+01 -1.79379e+01  6.50426e+01             
       O -8.74085e+01 -1.84958e+01  7.64719e+01             
       H -8.73642e+01 -1.95067e+01  7.65782e+01             
       H -8.64981e+01 -1.81918e+01  7.64239e+01             
