192                                                         
# CELL(abcABC):   12.41850    12.41850    12.41850    90.00000    90.00000    90.00000  Step:           0  Bead:       0 x_centroid{angstrom}  cell{angstrom}   
       O -7.57931e+01 -9.59418e+00  6.37426e+01             
       H -7.54238e+01 -1.02200e+01  6.30998e+01             
       H -7.50448e+01 -9.26244e+00  6.42378e+01             
       O -6.68478e+01 -7.02831e+00  6.34527e+01             
       H -6.47564e+01 -1.82351e+01  5.70723e+01             
       H -6.64531e+01 -7.30918e+00  6.42938e+01             
       O -6.90381e+01 -2.74787e+01  4.74792e+01             
       H -6.83159e+01 -1.56792e+01  4.77484e+01             
       H -6.84634e+01 -2.67438e+01  4.70905e+01             
       O -6.65887e+01 -2.47763e+01  5.28995e+01             
       H -6.60164e+01 -2.39969e+01  5.29722e+01             
       H -6.59606e+01 -2.55133e+01  5.29305e+01             
       O -5.55022e+01 -2.23591e+01  5.59117e+01             
       H -5.47715e+01 -2.17447e+01  5.61842e+01             
       H -5.56272e+01 -2.22327e+01  5.49686e+01             
       O -5.63394e+01 -1.62482e+01  6.57272e+01             
       H -5.56202e+01 -1.63275e+01  6.50528e+01             
       H -5.63498e+01 -1.71309e+01  6.62004e+01             
       O -6.99805e+01 -2.02636e+01  4.34105e+01             
       H -6.93391e+01 -1.96080e+01  4.30492e+01             
       H -5.65224e+01  5.84595e-01  5.35209e+01             
       O -5.50491e+01 -1.66578e+01  6.89185e+01             
       H -5.45828e+01 -1.58793e+01  6.85476e+01             
       H -5.43827e+01 -2.93846e+01  6.95836e+01             
       O -7.65450e+01 -1.04096e+01  4.54986e+01             
       H -7.57749e+01 -1.00923e+01  4.59523e+01             
       H -7.61394e+01 -1.07515e+01  4.46751e+01             
       O -6.69322e+01 -2.87377e+01  5.14168e+01             
       H -6.59613e+01 -2.88856e+01  5.15683e+01             
       H -6.71738e+01 -2.78350e+01  5.11508e+01             
       O -7.29676e+01 -7.62730e+00  6.01511e+01             
       H -7.25608e+01 -7.69319e+00  6.09814e+01             
       H -7.22062e+01 -7.12836e+00  5.96329e+01             
       O -7.06305e+01 -1.03189e+01  4.96125e+01             
       H -7.04054e+01 -1.04165e+01  4.86778e+01             
       H -5.72995e+01 -1.59072e+01  4.59060e+01             
       O -6.29722e+01 -3.18002e+01  4.76121e+01             
       H -6.31271e+01 -3.15647e+01  4.67078e+01             
       H -6.21596e+01 -2.92621e+01  5.88172e+01             
       O -7.71534e+01 -1.45590e+01  5.28690e+01             
       H -7.63055e+01 -1.41484e+01  5.30130e+01             
       H -7.68857e+01 -1.53573e+01  5.23857e+01             
       O -5.54287e+01 -2.51106e+01  5.93307e+01             
       H -5.45527e+01 -2.50895e+01  5.97560e+01             
       H -5.52965e+01 -2.51450e+01  5.84041e+01             
       O -6.75572e+01 -1.36886e+01  6.31076e+01             
       H -6.72274e+01 -1.31049e+01  6.38232e+01             
       H -6.69112e+01 -1.35208e+01  6.24286e+01             
       O -6.98286e+01 -1.05425e+01  4.69238e+01             
       H -6.93409e+01 -2.38401e+01  4.69017e+01             
       H -6.90745e+01 -9.92362e+00  4.68677e+01             
       O -6.94943e+01 -2.61926e+01  4.21532e+01             
       H -6.88715e+01 -2.58120e+01  4.27741e+01             
       H -6.89570e+01 -2.68508e+01  4.16874e+01             
       O -7.72922e+01 -1.02329e+01  5.35674e+01             
       H -7.66668e+01 -1.05076e+01  5.42558e+01             
       H -7.67136e+01 -1.00461e+01  5.27664e+01             
       O -7.20950e+01  6.11988e+00  4.43078e+01             
       H -4.67959e+01 -1.57425e+01  4.96447e+01             
       H -7.12536e+01  5.62940e+00  4.42831e+01             
       O -6.11931e+01 -1.39162e+01  5.92182e+01             
       H -6.52440e+01 -2.16557e+01  5.73552e+01             
       H -7.30630e+01 -1.33515e+01  5.97940e+01             
       O -6.60423e+01 -3.25444e+01  5.39927e+01             
       H -6.52365e+01 -3.22125e+01  5.44252e+01             
       H -6.58311e+01 -3.34764e+01  5.39408e+01             
       O -7.45476e+01 -1.99288e+01  5.69804e+01             
       H -7.45162e+01 -2.08420e+01  5.66022e+01             
       H -7.36228e+01 -1.96085e+01  5.69399e+01             
       O -6.05661e+01 -4.16202e+01  4.72230e+01             
       H -6.06388e+01 -4.14010e+01  4.81804e+01             
       H -5.97417e+01 -4.21819e+01  5.95765e+01             
       O -6.42583e+01 -4.35799e+00  4.87390e+01             
       H -6.38530e+01 -3.49935e+00  4.88322e+01             
       H -6.35710e+01 -4.78003e+00  4.82662e+01             
       O -6.22658e+01 -2.39895e+01  6.18401e+01             
       H -6.14317e+01 -2.41405e+01  6.23598e+01             
       H -6.19354e+01 -2.35653e+01  6.10403e+01             
       O -6.77885e+01 -2.52353e+01  6.88785e+01             
       H -6.78214e+01 -2.42729e+01  6.87668e+01             
       H -6.69126e+01 -2.55353e+01  6.86823e+01             
       O -8.23052e+01 -1.84719e+01  5.05298e+01             
       H -8.17132e+01 -1.84048e+01  4.96956e+01             
       H -8.15218e+01 -1.87344e+01  5.11206e+01             
       O -5.97615e+01 -7.32644e-01  6.55224e+01             
       H -5.89420e+01 -2.25842e-01  6.57960e+01             
       H -5.94170e+01 -1.67381e+00  6.55168e+01             
       O -6.35601e+01 -1.36006e+01  4.48478e+01             
       H -6.31682e+01 -1.42275e+01  4.54767e+01             
       H -6.34142e+01 -1.26901e+01  3.27346e+01             
       O -6.24908e+01 -1.81956e+01  2.82566e+01             
       H -6.22298e+01 -1.91153e+01  2.83687e+01             
       H -7.41063e+01 -1.77462e+01  2.86205e+01             
       O -5.17960e+01 -1.68838e+01  2.66708e+01             
       H -5.16885e+01 -1.70956e+01  2.57378e+01             
       H -5.11068e+01 -1.73698e+01  2.71068e+01             
       O -6.02640e+01 -2.38497e+01  3.85064e+01             
       H -5.94045e+01 -2.36803e+01  3.80988e+01             
       H -6.01554e+01 -2.45146e+01  5.16095e+01             
       O -6.24277e+01 -1.36368e+01  4.16631e+01             
       H -6.49767e+01 -9.14923e+00  4.86425e+01             
       H -6.22628e+01 -1.42803e+01  4.23198e+01             
       O -6.32140e+01 -2.36098e+01  5.54678e+01             
       H -6.29497e+01 -2.45325e+01  5.53146e+01             
       H -6.23489e+01 -2.30902e+01  5.55695e+01             
       O -5.31959e+01 -1.41941e+01  4.32202e+01             
       H -5.22824e+01 -1.38718e+01  4.34818e+01             
       H -5.31706e+01 -1.45964e+01  4.23504e+01             
       O -5.61353e+01 -3.11287e+01  4.82251e+01             
       H -5.53900e+01 -3.04792e+01  4.81115e+01             
       H -5.57456e+01 -3.19745e+01  4.81827e+01             
       O -6.33319e+01 -1.50122e+00  6.09627e+01             
       H -6.26944e+01 -1.74257e+00  6.03148e+01             
       H -6.29743e+01 -6.25844e-01  6.12728e+01             
       O -6.00440e+01  7.31602e+00  6.67118e+01             
       H -5.95001e+01  6.88027e+00  6.73651e+01             
       H -5.93981e+01  7.92380e+00  6.62816e+01             
       O -6.29162e+01 -2.89337e+01  5.82432e+01             
       H -6.93708e+01 -2.09883e+01  4.36161e+01             
       H -6.25595e+01 -2.89985e+01  5.73255e+01             
       O -6.52720e+01 -1.78081e+01  5.77738e+01             
       H -6.15337e+01 -1.34661e+01  4.12920e+01             
       H -6.45883e+01 -1.72266e+01  5.82040e+01             
       O -5.75182e+01 -1.65256e+01  4.51712e+01             
       H -7.19211e+01 -5.49283e+00  4.48305e+01             
       H -5.66909e+01 -1.65286e+01  4.47054e+01             
       O -5.87835e+01 -2.81209e+01  5.27316e+01             
       H -7.02547e+01 -2.83719e+01  6.52828e+01             
       H -5.37462e+01 -7.08125e+00  6.27749e+01             
       O -9.17502e+01 -1.66727e+01  6.08194e+01             
       H -9.08345e+01 -1.65738e+01  6.06464e+01             
       H -9.17080e+01 -1.66719e+01  6.18101e+01             
       O -5.94830e+01 -2.89758e+01  5.00822e+01             
       H -5.86776e+01 -2.95681e+01  5.01102e+01             
       H -6.07594e+01 -1.47588e+01  5.90155e+01             
       O -6.54979e+01 -9.82969e+00  4.82433e+01             
       H -6.50553e+01 -1.00147e+01  4.74185e+01             
       H -7.97128e+01 -1.89845e+01  2.94625e+01             
       O -7.69236e+01 -2.00829e+01  4.95327e+01             
       H -7.64003e+01 -1.95961e+01  4.88790e+01             
       H -7.63547e+01 -2.05489e+01  5.01139e+01             
       O -5.94797e+01 -2.37745e+01  4.53504e+01             
       H -5.86681e+01 -2.34059e+01  4.58556e+01             
       H -5.93475e+01 -2.46977e+01  4.50474e+01             
       O -4.60783e+01 -2.63589e+01  4.92974e+01             
       H -4.55728e+01 -1.36500e+01  5.00639e+01             
       H -4.54111e+01 -2.65552e+01  4.86219e+01             
       O -6.10430e+01 -9.67127e+00  5.60557e+01             
       H -4.80555e+01 -1.01880e+01  5.67088e+01             
       H -6.04663e+01 -9.42830e+00  5.53318e+01             
       O -5.69551e+01  1.46679e+00  5.34651e+01             
       H -6.20412e+01 -3.18991e+01  4.77532e+01             
       H -6.97625e+01  2.22404e+00  5.00213e+01             
       O -7.08537e+01 -1.83039e+01  4.70134e+01             
       H -7.00057e+01 -1.84118e+01  4.74731e+01             
       H -7.05545e+01 -1.78087e+01  4.62303e+01             
       O -7.19439e+01 -7.94100e+00  3.80207e+01             
       H -7.13930e+01 -2.11213e+01  3.78282e+01             
       H -7.12660e+01 -7.23290e+00  3.80596e+01             
       O -7.63455e+01 -1.89605e+01  5.56390e+01             
       H -7.55635e+01 -1.91264e+01  5.62888e+01             
       H -7.60643e+01 -1.83073e+01  5.49801e+01             
       O -6.78281e+01 -2.12174e+01  5.96583e+01             
       H -6.73858e+01 -2.10491e+01  5.88154e+01             
       H -6.71200e+01 -2.15624e+01  6.02291e+01             
       O -7.83854e+01 -2.10305e+01  4.47208e+01             
       H -7.79932e+01 -2.01141e+01  5.71106e+01             
       H -7.15094e+01 -4.09458e+01  3.94855e+01             
       O -5.58025e+01 -2.25482e+01  6.34913e+01             
       H -5.52884e+01 -2.17414e+01  6.35504e+01             
       H -5.51222e+01 -2.32190e+01  6.33274e+01             
       O -6.14336e+01 -2.08343e+01  5.26202e+01             
       H -6.08140e+01 -2.13836e+01  5.31032e+01             
       H -6.08420e+01 -2.06080e+01  5.19096e+01             
       O -8.62344e+01 -2.26882e+01  5.93513e+01             
       H -8.58525e+01 -2.18771e+01  5.97181e+01             
       H -8.55320e+01 -2.32215e+01  5.89606e+01             
       O -5.91798e+01 -2.18180e+01  5.40369e+01             
       H -5.87170e+01 -2.10528e+01  5.44058e+01             
       H -5.84832e+01 -2.25021e+01  5.38642e+01             
       O -7.81401e+01 -1.27098e+01  2.37908e+01             
       H -7.79027e+01 -1.17931e+01  2.39499e+01             
       H -7.73046e+01 -1.31954e+01  2.36920e+01             
       O -6.80829e+01 -1.85381e+01  2.97929e+01             
       H -4.40722e+01 -1.04403e+01  4.03813e+01             
       H -6.78122e+01 -1.78798e+01  3.04976e+01             
       O -7.17395e+01 -1.45205e+01  5.65982e+01             
       H -7.13728e+01 -1.41239e+01  5.58160e+01             
       H -7.11251e+01 -1.52533e+01  5.68164e+01             
       O -7.39817e+01 -1.61280e+01  6.83515e+01             
       H -7.34135e+01 -1.54380e+01  6.87561e+01             
       H -7.33995e+01 -1.66850e+01  6.77387e+01             
192                                                         
# CELL(abcABC):   12.41850    12.41850    12.41850    90.00000    90.00000    90.00000  Step:      200000  Bead:       0 x_centroid{angstrom}  cell{angstrom}   
       O -8.80568e+01 -1.34346e+01  7.05002e+01             
       H -8.77170e+01 -1.41127e+01  6.98839e+01             
       H -8.72911e+01 -1.28661e+01  7.06867e+01             
       O -8.13284e+01 -9.91322e+00  7.24344e+01             
       H -7.83355e+01 -2.06735e+01  6.43876e+01             
       H -8.07469e+01 -9.11773e+00  7.24067e+01             
       O -7.80858e+01 -3.04602e+01  5.34124e+01             
       H -7.70858e+01 -1.81496e+01  5.34143e+01             
       H -7.83014e+01 -3.09370e+01  5.25978e+01             
       O -7.97106e+01 -2.77209e+01  5.98015e+01             
       H -7.96331e+01 -2.79420e+01  5.88981e+01             
       H -7.87431e+01 -2.76935e+01  6.01404e+01             
       O -6.64161e+01 -2.40496e+01  6.04582e+01             
       H -6.57405e+01 -2.34478e+01  6.08144e+01             
       H -6.60854e+01 -2.42455e+01  5.95260e+01             
       O -6.75943e+01 -2.00477e+01  7.27260e+01             
       H -6.69223e+01 -2.01449e+01  7.34250e+01             
       H -6.71164e+01 -2.01053e+01  7.18276e+01             
       O -8.33178e+01 -2.34706e+01  5.09743e+01             
       H -8.31218e+01 -2.26705e+01  5.04234e+01             
       H -6.90096e+01 -1.79709e+00  5.97633e+01             
       O -6.88360e+01 -1.95517e+01  7.59038e+01             
       H -6.78227e+01 -1.97785e+01  7.59946e+01             
       H -6.86479e+01 -3.10241e+01  7.56044e+01             
       O -8.96340e+01 -1.34846e+01  5.18808e+01             
       H -8.91571e+01 -1.32754e+01  5.27225e+01             
       H -8.89645e+01 -1.38680e+01  5.13227e+01             
       O -7.88027e+01 -3.21793e+01  5.78406e+01             
       H -7.80376e+01 -3.28526e+01  5.77981e+01             
       H -7.83186e+01 -3.13577e+01  5.79053e+01             
       O -8.63604e+01 -1.18617e+01  6.72180e+01             
       H -8.60469e+01 -1.16925e+01  6.63182e+01             
       H -8.55424e+01 -1.16655e+01  6.77904e+01             
       O -8.23157e+01 -1.32105e+01  5.69430e+01             
       H -8.23967e+01 -1.39214e+01  5.62120e+01             
       H -6.64664e+01 -1.62860e+01  5.35630e+01             
       O -7.75512e+01 -3.45784e+01  5.29999e+01             
       H -7.71179e+01 -3.45476e+01  5.38681e+01             
       H -7.92535e+01 -2.79882e+01  6.24972e+01             
       O -8.77169e+01 -1.92737e+01  5.67893e+01             
       H -8.69062e+01 -1.95556e+01  5.72159e+01             
       H -8.74955e+01 -1.93246e+01  5.58757e+01             
       O -6.95489e+01 -2.72752e+01  6.51318e+01             
       H -6.86184e+01 -2.76835e+01  6.53810e+01             
       H -6.92786e+01 -2.64076e+01  6.48228e+01             
       O -7.90742e+01 -1.58567e+01  6.92257e+01             
       H -7.82408e+01 -1.62533e+01  6.96161e+01             
       H -7.87443e+01 -1.50930e+01  6.87338e+01             
       O -8.11981e+01 -1.25303e+01  5.16474e+01             
       H -8.06048e+01 -2.52994e+01  5.09144e+01             
       H -8.06697e+01 -1.20142e+01  5.22564e+01             
       O -8.39662e+01 -3.00102e+01  4.91761e+01             
       H -8.42076e+01 -2.92340e+01  4.86459e+01             
       H -8.30757e+01 -3.01780e+01  4.87639e+01             
       O -8.94505e+01 -1.53545e+01  6.04527e+01             
       H -8.88357e+01 -1.52641e+01  6.12562e+01             
       H -8.89622e+01 -1.48702e+01  5.98096e+01             
       O -8.59087e+01  6.18292e-01  5.19539e+01             
       H -5.88395e+01 -2.05809e+01  5.57119e+01             
       H -8.59133e+01 -3.00904e-01  5.15569e+01             
       O -7.07051e+01 -1.54895e+01  6.73542e+01             
       H -7.46237e+01 -2.59501e+01  6.75248e+01             
       H -8.25124e+01 -1.61968e+01  6.75822e+01             
       O -7.73967e+01 -3.22026e+01  6.15352e+01             
       H -7.67554e+01 -3.17623e+01  6.09702e+01             
       H -7.70409e+01 -3.31717e+01  6.15661e+01             
       O -8.79999e+01 -2.26312e+01  6.38575e+01             
       H -8.72838e+01 -2.33179e+01  6.40435e+01             
       H -8.75752e+01 -2.16731e+01  6.38341e+01             
       O -7.61331e+01 -4.26008e+01  5.11562e+01             
       H -7.56704e+01 -4.32713e+01  5.06880e+01             
       H -7.58303e+01 -4.27136e+01  6.45143e+01             
       O -7.57273e+01 -9.88121e+00  5.50845e+01             
       H -7.49848e+01 -9.28360e+00  5.47188e+01             
       H -7.52830e+01 -1.07903e+01  5.51255e+01             
       O -7.53205e+01 -3.09035e+01  6.62971e+01             
       H -7.47521e+01 -3.02103e+01  6.67062e+01             
       H -7.47362e+01 -3.17090e+01  6.61374e+01             
       O -7.92462e+01 -2.60317e+01  7.47097e+01             
       H -7.91645e+01 -2.54367e+01  7.39271e+01             
       H -7.85753e+01 -2.57368e+01  7.52643e+01             
       O -9.52454e+01 -2.21067e+01  5.71709e+01             
       H -9.47085e+01 -2.20927e+01  5.63821e+01             
       H -9.46291e+01 -2.22937e+01  5.78805e+01             
       O -7.18842e+01 -3.32381e+00  7.16845e+01             
       H -7.12557e+01 -2.57640e+00  7.15937e+01             
       H -7.14730e+01 -4.00700e+00  7.11257e+01             
       O -7.32950e+01 -1.62668e+01  5.43514e+01             
       H -7.30711e+01 -1.61358e+01  5.33714e+01             
       H -7.24114e+01 -1.60189e+01  4.23496e+01             
       O -7.47476e+01 -2.20528e+01  3.48939e+01             
       H -7.43538e+01 -2.29622e+01  3.47164e+01             
       H -8.64940e+01 -2.14901e+01  3.52448e+01             
       O -6.43829e+01 -2.15481e+01  3.31726e+01             
       H -6.39993e+01 -2.16571e+01  3.22958e+01             
       H -6.37335e+01 -2.16953e+01  3.38337e+01             
       O -7.44803e+01 -2.84922e+01  4.56705e+01             
       H -7.42848e+01 -2.87086e+01  4.47682e+01             
       H -7.36431e+01 -2.81252e+01  5.85085e+01             
       O -7.47464e+01 -1.82152e+01  4.80285e+01             
       H -7.81859e+01 -1.42298e+01  5.41292e+01             
       H -7.43614e+01 -1.84126e+01  4.71891e+01             
       O -7.57424e+01 -2.76322e+01  6.27562e+01             
       H -7.58006e+01 -2.84669e+01  6.33088e+01             
       H -7.48343e+01 -2.73458e+01  6.28183e+01             
       O -6.89568e+01 -1.78704e+01  4.80131e+01             
       H -6.83067e+01 -1.71309e+01  4.82811e+01             
       H -6.84353e+01 -1.86699e+01  4.79586e+01             
       O -6.93939e+01 -3.39513e+01  5.45401e+01             
       H -6.87420e+01 -3.32008e+01  5.46647e+01             
       H -6.88180e+01 -3.46371e+01  5.41120e+01             
       O -7.39264e+01 -8.30822e+00  6.65762e+01             
       H -7.32594e+01 -8.13101e+00  6.72470e+01             
       H -7.33502e+01 -8.83611e+00  6.60587e+01             
       O -7.26609e+01  5.42742e+00  7.10198e+01             
       H -7.26204e+01  4.93906e+00  7.18398e+01             
       H -7.19020e+01  5.97371e+00  7.08260e+01             
       O -7.93701e+01 -2.89035e+01  6.26513e+01             
       H -8.24871e+01 -2.40425e+01  5.10531e+01             
       H -7.83971e+01 -2.91171e+01  6.25115e+01             
       O -7.85717e+01 -1.98936e+01  6.39565e+01             
       H -7.43439e+01 -1.73517e+01  4.81814e+01             
       H -7.79650e+01 -1.96799e+01  6.32115e+01             
       O -6.70889e+01 -1.57207e+01  5.31733e+01             
       H -8.51441e+01 -1.13386e+01  5.15207e+01             
       H -6.70434e+01 -1.59588e+01  5.22154e+01             
       O -7.03858e+01 -2.99789e+01  5.80686e+01             
       H -8.21415e+01 -3.01129e+01  7.12832e+01             
       H -6.84145e+01 -1.06789e+01  7.27590e+01             
       O -1.04649e+02 -1.98666e+01  6.76070e+01             
       H -1.03900e+02 -1.95067e+01  6.71041e+01             
       H -1.04279e+02 -1.99238e+01  6.85384e+01             
       O -7.21258e+01 -3.27758e+01  5.59440e+01             
       H -7.21581e+01 -3.26415e+01  5.68884e+01             
       H -7.04003e+01 -1.50974e+01  6.64672e+01             
       O -7.80275e+01 -1.38592e+01  5.50384e+01             
       H -7.70497e+01 -1.39674e+01  5.52016e+01             
       H -9.47870e+01 -2.16693e+01  3.65009e+01             
       O -8.99753e+01 -2.41289e+01  5.79937e+01             
       H -8.92985e+01 -2.48177e+01  5.78521e+01             
       H -8.96318e+01 -2.32430e+01  5.77892e+01             
       O -7.16744e+01 -2.84100e+01  5.15279e+01             
       H -7.16356e+01 -2.91346e+01  5.09186e+01             
       H -7.08125e+01 -2.81199e+01  5.18601e+01             
       O -5.63602e+01 -3.00106e+01  5.56204e+01             
       H -5.55826e+01 -1.70826e+01  5.58737e+01             
       H -5.59685e+01 -3.09132e+01  5.54010e+01             
       O -7.34025e+01 -1.40959e+01  6.29326e+01             
       H -6.03860e+01 -1.46485e+01  6.35490e+01             
       H -7.27868e+01 -1.35748e+01  6.22975e+01             
       O -6.98689e+01 -1.44463e+00  5.94192e+01             
       H -7.67114e+01 -3.46424e+01  5.23745e+01             
       H -8.13966e+01 -4.19578e-01  5.68159e+01             
       O -8.40897e+01 -2.18592e+01  5.29653e+01             
       H -8.36671e+01 -2.25081e+01  5.22856e+01             
       H -8.33517e+01 -2.16605e+01  5.36439e+01             
       O -8.45318e+01 -1.16189e+01  4.41701e+01             
       H -8.38575e+01 -2.47680e+01  4.42196e+01             
       H -8.40276e+01 -1.07905e+01  4.43842e+01             
       O -8.91112e+01 -2.23234e+01  6.16315e+01             
       H -8.86743e+01 -2.25856e+01  6.25144e+01             
       H -8.85086e+01 -2.21852e+01  6.08918e+01             
       O -7.98671e+01 -2.34283e+01  6.62719e+01             
       H -7.90147e+01 -2.30750e+01  6.59462e+01             
       H -7.95055e+01 -2.38167e+01  6.71171e+01             
       O -8.75601e+01 -2.67391e+01  5.53242e+01             
       H -8.70671e+01 -2.75059e+01  6.74143e+01             
       H -8.23277e+01 -4.25992e+01  4.48398e+01             
       O -6.73562e+01 -2.46948e+01  6.89799e+01             
       H -6.65720e+01 -2.44043e+01  6.95589e+01             
       H -6.69151e+01 -2.52827e+01  6.83396e+01             
       O -7.34147e+01 -2.43603e+01  5.87820e+01             
       H -7.28038e+01 -2.44907e+01  5.94823e+01             
       H -7.28727e+01 -2.41437e+01  5.79915e+01             
       O -9.70841e+01 -3.15695e+01  6.45386e+01             
       H -9.65383e+01 -3.23410e+01  6.47305e+01             
       H -9.65619e+01 -3.07951e+01  6.43615e+01             
       O -7.18141e+01 -2.51762e+01  6.09623e+01             
       H -7.14442e+01 -2.45195e+01  6.15923e+01             
       H -7.10196e+01 -2.56379e+01  6.05638e+01             
       O -8.99049e+01 -1.71999e+01  3.34724e+01             
       H -8.89677e+01 -1.72608e+01  3.31153e+01             
       H -8.97223e+01 -1.69786e+01  3.44058e+01             
       O -8.29282e+01 -2.12293e+01  3.71624e+01             
       H -5.73992e+01 -1.37291e+01  4.59953e+01             
       H -8.22683e+01 -2.05393e+01  3.74951e+01             
       O -8.53477e+01 -2.05107e+01  6.11988e+01             
       H -8.52418e+01 -1.95978e+01  6.14198e+01             
       H -8.45285e+01 -2.09164e+01  6.15325e+01             
       O -8.70187e+01 -2.02658e+01  7.57907e+01             
       H -8.64841e+01 -2.03990e+01  7.49827e+01             
       H -8.62971e+01 -1.98079e+01  7.63405e+01             
