192                                                         
# CELL(abcABC):   12.41850    12.41850    12.41850    90.00000    90.00000    90.00000  Step:           0  Bead:       0 x_centroid{angstrom}  cell{angstrom}   
       O -7.59148e+01 -9.65009e+00  6.41156e+01             
       H -7.55641e+01 -1.02237e+01  6.34002e+01             
       H -7.51433e+01 -9.13877e+00  6.44245e+01             
       O -6.64648e+01 -6.68259e+00  6.36045e+01             
       H -6.44159e+01 -1.82590e+01  5.62281e+01             
       H -6.62594e+01 -7.20924e+00  6.43621e+01             
       O -6.92267e+01 -2.81013e+01  4.71803e+01             
       H -6.83462e+01 -1.58830e+01  4.75901e+01             
       H -6.92275e+01 -2.72803e+01  4.66207e+01             
       O -6.69042e+01 -2.52457e+01  5.29823e+01             
       H -6.64679e+01 -2.43960e+01  5.32903e+01             
       H -6.61665e+01 -2.58485e+01  5.28350e+01             
       O -5.54930e+01 -2.16031e+01  5.59682e+01             
       H -5.45282e+01 -2.15949e+01  5.59927e+01             
       H -5.58087e+01 -2.15625e+01  5.50312e+01             
       O -5.69013e+01 -1.58580e+01  6.54805e+01             
       H -5.62277e+01 -1.55859e+01  6.48322e+01             
       H -5.67303e+01 -1.68332e+01  6.54312e+01             
       O -7.02930e+01 -1.96341e+01  4.30914e+01             
       H -6.95251e+01 -1.92782e+01  4.25450e+01             
       H -5.68256e+01  1.28387e+00  5.35267e+01             
       O -5.48204e+01 -1.68846e+01  6.86262e+01             
       H -5.46845e+01 -1.59830e+01  6.85319e+01             
       H -5.39472e+01 -2.96444e+01  6.90394e+01             
       O -7.61168e+01 -1.04962e+01  4.63807e+01             
       H -7.51700e+01 -1.02924e+01  4.66702e+01             
       H -7.59703e+01 -1.11774e+01  4.57086e+01             
       O -6.74274e+01 -2.77351e+01  5.08469e+01             
       H -6.65313e+01 -2.81993e+01  5.09546e+01             
       H -6.73625e+01 -2.68740e+01  5.04219e+01             
       O -7.27061e+01 -7.97860e+00  6.06165e+01             
       H -7.22149e+01 -8.22824e+00  6.14662e+01             
       H -7.21939e+01 -7.21692e+00  6.01931e+01             
       O -7.06243e+01 -1.11222e+01  5.00189e+01             
       H -7.04441e+01 -1.08719e+01  4.90208e+01             
       H -5.71859e+01 -1.68215e+01  4.56372e+01             
       O -6.27678e+01 -3.20788e+01  4.80124e+01             
       H -6.29187e+01 -3.19868e+01  4.70557e+01             
       H -6.21565e+01 -2.96877e+01  5.89671e+01             
       O -7.72554e+01 -1.45511e+01  5.36593e+01             
       H -7.64418e+01 -1.40545e+01  5.36767e+01             
       H -7.72479e+01 -1.52466e+01  5.29218e+01             
       O -5.63385e+01 -2.53633e+01  5.86234e+01             
       H -5.56726e+01 -2.51716e+01  5.93466e+01             
       H -5.59901e+01 -2.50886e+01  5.77871e+01             
       O -6.84055e+01 -1.23413e+01  6.32335e+01             
       H -6.77638e+01 -1.24599e+01  6.39527e+01             
       H -6.79138e+01 -1.23229e+01  6.23490e+01             
       O -7.00121e+01 -1.04423e+01  4.72722e+01             
       H -6.99194e+01 -2.35732e+01  4.66283e+01             
       H -6.93444e+01 -9.71995e+00  4.71402e+01             
       O -6.97492e+01 -2.55863e+01  4.21966e+01             
       H -6.90230e+01 -2.53513e+01  4.27645e+01             
       H -6.92335e+01 -2.60617e+01  4.15266e+01             
       O -7.77753e+01 -1.05589e+01  5.36767e+01             
       H -7.72257e+01 -1.06529e+01  5.44815e+01             
       H -7.71911e+01 -1.04066e+01  5.29277e+01             
       O -7.23904e+01  6.55429e+00  4.40056e+01             
       H -4.62437e+01 -1.56672e+01  5.01600e+01             
       H -7.16060e+01  6.05429e+00  4.36712e+01             
       O -6.17627e+01 -1.44259e+01  5.98756e+01             
       H -6.45946e+01 -2.16425e+01  5.73252e+01             
       H -7.34763e+01 -1.38836e+01  5.94576e+01             
       O -6.65376e+01 -3.30663e+01  5.34296e+01             
       H -6.58956e+01 -3.27530e+01  5.40794e+01             
       H -6.62108e+01 -3.40140e+01  5.34354e+01             
       O -7.49391e+01 -2.00357e+01  5.70792e+01             
       H -7.43366e+01 -2.07080e+01  5.68092e+01             
       H -7.43303e+01 -1.92931e+01  5.71622e+01             
       O -6.06288e+01 -4.17094e+01  4.80796e+01             
       H -6.02183e+01 -4.15747e+01  4.89505e+01             
       H -5.98837e+01 -4.19743e+01  5.99824e+01             
       O -6.34445e+01 -4.70541e+00  4.92793e+01             
       H -6.27050e+01 -4.09198e+00  4.91668e+01             
       H -6.30192e+01 -5.57098e+00  4.90720e+01             
       O -6.24919e+01 -2.41869e+01  6.22337e+01             
       H -6.18772e+01 -2.44890e+01  6.29330e+01             
       H -6.18480e+01 -2.38962e+01  6.15736e+01             
       O -6.76550e+01 -2.46214e+01  6.88176e+01             
       H -6.73485e+01 -2.37419e+01  6.87950e+01             
       H -6.68697e+01 -2.52371e+01  6.87521e+01             
       O -8.21741e+01 -1.88860e+01  5.02742e+01             
       H -8.16859e+01 -1.91292e+01  4.94300e+01             
       H -8.13846e+01 -1.86523e+01  5.08128e+01             
       O -5.99236e+01 -6.65037e-01  6.63550e+01             
       H -5.90801e+01 -2.28221e-01  6.66768e+01             
       H -5.98046e+01 -1.56039e+00  6.60750e+01             
       O -6.44356e+01 -1.41325e+01  4.64549e+01             
       H -6.44693e+01 -1.50622e+01  4.65425e+01             
       H -6.34533e+01 -1.40863e+01  3.40858e+01             
       O -6.26304e+01 -1.84891e+01  2.76837e+01             
       H -6.20912e+01 -1.92594e+01  2.74569e+01             
       H -7.45793e+01 -1.79291e+01  2.83312e+01             
       O -5.28094e+01 -1.65226e+01  2.64229e+01             
       H -5.20966e+01 -1.66294e+01  2.57605e+01             
       H -5.29146e+01 -1.74530e+01  2.66861e+01             
       O -6.04188e+01 -2.45988e+01  3.89720e+01             
       H -5.95790e+01 -2.42043e+01  3.87234e+01             
       H -6.01604e+01 -2.50019e+01  5.22274e+01             
       O -6.25323e+01 -1.32465e+01  4.23807e+01             
       H -6.55153e+01 -9.35347e+00  4.86066e+01             
       H -6.21751e+01 -1.39317e+01  4.30057e+01             
       O -6.37180e+01 -2.35849e+01  5.58580e+01             
       H -6.33217e+01 -2.44017e+01  5.54682e+01             
       H -6.29574e+01 -2.29741e+01  5.58563e+01             
       O -5.32937e+01 -1.40416e+01  4.37531e+01             
       H -5.27244e+01 -1.41118e+01  4.45604e+01             
       H -5.26809e+01 -1.40888e+01  4.30448e+01             
       O -5.62680e+01 -3.10399e+01  4.76947e+01             
       H -5.54798e+01 -3.05372e+01  4.79866e+01             
       H -5.59379e+01 -3.19115e+01  4.73428e+01             
       O -6.45264e+01 -1.33033e+00  6.18154e+01             
       H -6.40495e+01 -1.44932e+00  6.09395e+01             
       H -6.39512e+01 -6.30245e-01  6.21424e+01             
       O -6.13845e+01  7.85380e+00  6.67648e+01             
       H -6.11260e+01  7.11816e+00  6.73481e+01             
       H -6.06212e+01  8.19014e+00  6.62425e+01             
       O -6.26575e+01 -2.94464e+01  5.82152e+01             
       H -6.99411e+01 -2.00697e+01  4.38301e+01             
       H -6.23165e+01 -2.86085e+01  5.78372e+01             
       O -6.48624e+01 -1.80578e+01  5.71176e+01             
       H -6.18032e+01 -1.30269e+01  4.17629e+01             
       H -6.41765e+01 -1.78106e+01  5.77438e+01             
       O -5.74975e+01 -1.69342e+01  4.47513e+01             
       H -7.20648e+01 -5.03065e+00  4.43644e+01             
       H -5.66171e+01 -1.69952e+01  4.43025e+01             
       O -5.95591e+01 -2.80129e+01  5.28291e+01             
       H -7.09982e+01 -2.82662e+01  6.53153e+01             
       H -5.34567e+01 -7.17363e+00  6.29697e+01             
       O -9.14062e+01 -1.69494e+01  6.08950e+01             
       H -9.03980e+01 -1.70086e+01  6.09461e+01             
       H -9.16278e+01 -1.64509e+01  6.16653e+01             
       O -5.90921e+01 -2.89155e+01  5.04150e+01             
       H -5.84204e+01 -2.95700e+01  5.04086e+01             
       H -6.14641e+01 -1.53141e+01  6.01087e+01             
       O -6.58558e+01 -1.00419e+01  4.79807e+01             
       H -6.51563e+01 -1.02791e+01  4.72237e+01             
       H -8.03248e+01 -1.91562e+01  2.88464e+01             
       O -7.70885e+01 -2.05669e+01  4.94614e+01             
       H -7.63391e+01 -2.01487e+01  4.89140e+01             
       H -7.67132e+01 -2.07902e+01  5.03155e+01             
       O -5.94675e+01 -2.54526e+01  4.64714e+01             
       H -5.90605e+01 -2.55340e+01  4.73109e+01             
       H -5.89719e+01 -2.60477e+01  4.58954e+01             
       O -4.54229e+01 -2.67304e+01  4.94698e+01             
       H -4.51055e+01 -1.35435e+01  4.99186e+01             
       H -4.47903e+01 -2.70076e+01  4.88081e+01             
       O -6.11697e+01 -9.88901e+00  5.62537e+01             
       H -4.83954e+01 -9.95109e+00  5.71649e+01             
       H -6.04074e+01 -9.92758e+00  5.56890e+01             
       O -5.71227e+01  2.15955e+00  5.32515e+01             
       H -6.18775e+01 -3.25187e+01  4.80490e+01             
       H -6.98126e+01  1.00114e+00  5.03508e+01             
       O -7.13328e+01 -1.88078e+01  4.65968e+01             
       H -7.03763e+01 -1.87221e+01  4.67897e+01             
       H -7.14807e+01 -1.88823e+01  4.56276e+01             
       O -7.14482e+01 -8.52611e+00  3.83069e+01             
       H -7.11313e+01 -2.18149e+01  3.83067e+01             
       H -7.06914e+01 -7.94099e+00  3.82001e+01             
       O -7.65297e+01 -1.96152e+01  5.46395e+01             
       H -7.59782e+01 -2.00423e+01  5.53032e+01             
       H -7.60433e+01 -1.91397e+01  5.39347e+01             
       O -6.77356e+01 -2.10207e+01  5.93171e+01             
       H -6.72494e+01 -2.08693e+01  5.85252e+01             
       H -6.71203e+01 -2.16658e+01  5.97885e+01             
       O -7.77048e+01 -2.10184e+01  4.46106e+01             
       H -7.73544e+01 -2.01193e+01  5.70962e+01             
       H -7.21013e+01 -4.06472e+01  3.95126e+01             
       O -5.58215e+01 -2.15470e+01  6.33218e+01             
       H -5.52678e+01 -2.07468e+01  6.34306e+01             
       H -5.54817e+01 -2.21017e+01  6.26114e+01             
       O -6.13234e+01 -2.07828e+01  5.22131e+01             
       H -6.09410e+01 -2.09217e+01  5.31349e+01             
       H -6.05057e+01 -2.10085e+01  5.16744e+01             
       O -8.55796e+01 -2.30900e+01  5.93951e+01             
       H -8.50670e+01 -2.23785e+01  5.97660e+01             
       H -8.48650e+01 -2.36770e+01  5.90489e+01             
       O -5.93694e+01 -2.16442e+01  5.42666e+01             
       H -5.88687e+01 -2.07924e+01  5.45280e+01             
       H -5.86275e+01 -2.21760e+01  5.38090e+01             
       O -7.94992e+01 -1.23879e+01  2.37023e+01             
       H -7.90940e+01 -1.15350e+01  2.35854e+01             
       H -7.87796e+01 -1.30213e+01  2.36947e+01             
       O -6.84475e+01 -1.84488e+01  2.92333e+01             
       H -4.40354e+01 -9.98640e+00  4.01443e+01             
       H -6.78706e+01 -1.79029e+01  2.97558e+01             
       O -7.15848e+01 -1.48876e+01  5.65492e+01             
       H -7.12207e+01 -1.43581e+01  5.57792e+01             
       H -7.09603e+01 -1.56297e+01  5.67994e+01             
       O -7.43552e+01 -1.52895e+01  6.88242e+01             
       H -7.33840e+01 -1.50585e+01  6.90108e+01             
       H -7.43109e+01 -1.59292e+01  6.80853e+01             
192                                                         
# CELL(abcABC):   12.41850    12.41850    12.41850    90.00000    90.00000    90.00000  Step:      200000  Bead:       0 x_centroid{angstrom}  cell{angstrom}   
       O -9.11743e+01 -1.39531e+01  7.24533e+01             
       H -9.09638e+01 -1.47594e+01  7.19497e+01             
       H -9.03177e+01 -1.35914e+01  7.27639e+01             
       O -8.43084e+01 -1.06087e+01  7.32770e+01             
       H -7.84086e+01 -2.37748e+01  6.28263e+01             
       H -8.42858e+01 -1.09715e+01  7.42076e+01             
       O -8.26884e+01 -3.09858e+01  5.35880e+01             
       H -8.21035e+01 -1.90551e+01  5.29467e+01             
       H -8.21830e+01 -3.01823e+01  5.37940e+01             
       O -8.29001e+01 -2.79900e+01  5.97911e+01             
       H -8.21356e+01 -2.77201e+01  6.03521e+01             
       H -8.25299e+01 -2.86451e+01  5.91721e+01             
       O -7.10140e+01 -2.68571e+01  6.51718e+01             
       H -7.03381e+01 -2.72843e+01  6.57459e+01             
       H -7.03970e+01 -2.61076e+01  6.48288e+01             
       O -7.36634e+01 -2.11520e+01  7.31369e+01             
       H -7.32465e+01 -2.03798e+01  7.27730e+01             
       H -7.28869e+01 -2.17908e+01  7.31794e+01             
       O -8.58643e+01 -2.51697e+01  5.24338e+01             
       H -8.57253e+01 -2.57576e+01  5.31604e+01             
       H -7.35746e+01 -3.97680e+00  6.22705e+01             
       O -7.02759e+01 -2.16587e+01  7.72979e+01             
       H -6.93760e+01 -2.15056e+01  7.70053e+01             
       H -7.02793e+01 -3.41549e+01  7.83006e+01             
       O -9.37807e+01 -1.58394e+01  5.41405e+01             
       H -9.33172e+01 -1.57762e+01  5.49360e+01             
       H -9.31493e+01 -1.58049e+01  5.34184e+01             
       O -8.46169e+01 -3.13958e+01  5.98079e+01             
       H -8.39200e+01 -3.18557e+01  5.92621e+01             
       H -8.43565e+01 -3.10814e+01  6.06792e+01             
       O -8.77184e+01 -1.08867e+01  6.86766e+01             
       H -8.72210e+01 -1.16804e+01  6.89458e+01             
       H -8.72748e+01 -9.97989e+00  6.87220e+01             
       O -8.68303e+01 -1.32442e+01  5.71914e+01             
       H -8.62948e+01 -1.35630e+01  5.63618e+01             
       H -7.07852e+01 -2.34249e+01  5.51970e+01             
       O -8.03506e+01 -3.78358e+01  5.40142e+01             
       H -7.95120e+01 -3.81262e+01  5.35671e+01             
       H -7.81230e+01 -3.24199e+01  6.63204e+01             
       O -9.19961e+01 -2.12045e+01  6.09276e+01             
       H -9.16034e+01 -2.12459e+01  6.00363e+01             
       H -9.15972e+01 -2.18888e+01  6.15314e+01             
       O -7.21691e+01 -2.93158e+01  6.82516e+01             
       H -7.17988e+01 -2.97673e+01  6.75707e+01             
       H -7.14544e+01 -2.93345e+01  6.90263e+01             
       O -8.30570e+01 -1.75855e+01  7.41702e+01             
       H -8.30294e+01 -1.68657e+01  7.34870e+01             
       H -8.21290e+01 -1.80137e+01  7.41000e+01             
       O -8.55261e+01 -1.43563e+01  5.52138e+01             
       H -8.52482e+01 -2.76880e+01  5.54615e+01             
       H -8.46794e+01 -1.39112e+01  5.51632e+01             
       O -8.71956e+01 -3.26990e+01  5.07899e+01             
       H -8.66036e+01 -3.24655e+01  5.15525e+01             
       H -8.66266e+01 -3.30555e+01  5.00722e+01             
       O -9.33556e+01 -1.48274e+01  6.14159e+01             
       H -9.31870e+01 -1.53018e+01  6.23059e+01             
       H -9.24474e+01 -1.46633e+01  6.10876e+01             
       O -8.84695e+01  7.85949e-01  5.37874e+01             
       H -6.13120e+01 -1.82549e+01  5.69560e+01             
       H -8.75685e+01  5.05756e-01  5.34998e+01             
       O -7.74463e+01 -1.91536e+01  6.76404e+01             
       H -7.97198e+01 -2.20046e+01  6.68454e+01             
       H -8.97901e+01 -1.81417e+01  6.76592e+01             
       O -8.15969e+01 -3.75327e+01  6.30163e+01             
       H -8.09541e+01 -3.68098e+01  6.29452e+01             
       H -8.12634e+01 -3.81961e+01  6.23976e+01             
       O -9.01460e+01 -2.68376e+01  6.64644e+01             
       H -8.97182e+01 -2.76586e+01  6.67816e+01             
       H -8.98265e+01 -2.66487e+01  6.55519e+01             
       O -7.47617e+01 -4.46597e+01  5.47871e+01             
       H -7.43142e+01 -4.51258e+01  5.41091e+01             
       H -7.42123e+01 -4.47820e+01  6.79517e+01             
       O -7.89770e+01 -1.06623e+01  5.71249e+01             
       H -7.85022e+01 -1.15192e+01  5.67426e+01             
       H -7.82815e+01 -1.01310e+01  5.76359e+01             
       O -8.01464e+01 -2.80358e+01  6.93210e+01             
       H -7.94606e+01 -2.85526e+01  6.97034e+01             
       H -7.98239e+01 -2.71675e+01  6.92973e+01             
       O -8.49008e+01 -2.87803e+01  7.61352e+01             
       H -8.43705e+01 -2.81340e+01  7.66640e+01             
       H -8.41876e+01 -2.93638e+01  7.58550e+01             
       O -9.74629e+01 -2.50734e+01  5.92131e+01             
       H -9.72998e+01 -2.42872e+01  5.97713e+01             
       H -9.65506e+01 -2.53591e+01  5.89090e+01             
       O -7.69585e+01 -6.34558e+00  7.16904e+01             
       H -7.60826e+01 -6.33212e+00  7.12269e+01             
       H -7.67576e+01 -6.40585e+00  7.26686e+01             
       O -8.07068e+01 -1.96536e+01  5.20398e+01             
       H -7.99420e+01 -1.99051e+01  5.26231e+01             
       H -8.04689e+01 -1.95950e+01  3.86799e+01             
       O -7.77247e+01 -2.13791e+01  3.37969e+01             
       H -7.68243e+01 -2.18482e+01  3.42101e+01             
       H -8.98828e+01 -2.04449e+01  3.40354e+01             
       O -7.00298e+01 -1.71072e+01  3.27479e+01             
       H -6.97057e+01 -1.80074e+01  3.25566e+01             
       H -6.93275e+01 -1.64903e+01  3.25287e+01             
       O -7.80132e+01 -2.89112e+01  4.59557e+01             
       H -7.72105e+01 -2.84236e+01  4.57631e+01             
       H -7.77229e+01 -2.98847e+01  5.85339e+01             
       O -7.85326e+01 -1.64294e+01  4.90200e+01             
       H -8.26197e+01 -1.41741e+01  5.83728e+01             
       H -7.78894e+01 -1.64517e+01  4.83205e+01             
       O -7.98170e+01 -2.84932e+01  6.40919e+01             
       H -7.98154e+01 -2.94945e+01  6.38937e+01             
       H -7.89253e+01 -2.82484e+01  6.41890e+01             
       O -7.25286e+01 -2.01020e+01  5.29832e+01             
       H -7.20118e+01 -1.94000e+01  5.34633e+01             
       H -7.17774e+01 -2.04266e+01  5.24964e+01             
       O -7.07426e+01 -3.76315e+01  5.52991e+01             
       H -7.04635e+01 -3.77897e+01  5.61773e+01             
       H -6.99459e+01 -3.79015e+01  5.47748e+01             
       O -7.97098e+01 -7.63067e+00  6.93353e+01             
       H -7.93967e+01 -8.48690e+00  6.96106e+01             
       H -7.89088e+01 -7.23921e+00  6.89368e+01             
       O -7.73720e+01 -3.76169e-01  7.63040e+01             
       H -7.68519e+01  3.03886e-01  7.67599e+01             
       H -7.66369e+01 -8.47495e-01  7.59207e+01             
       O -7.86340e+01 -3.30733e+01  6.57831e+01             
       H -8.49844e+01 -2.47351e+01  5.21567e+01             
       H -7.79564e+01 -3.35675e+01  6.52583e+01             
       O -7.86419e+01 -2.28657e+01  6.27553e+01             
       H -7.79318e+01 -1.64187e+01  4.97973e+01             
       H -7.79838e+01 -2.25313e+01  6.34350e+01             
       O -7.05948e+01 -2.24819e+01  5.51288e+01             
       H -8.83158e+01 -1.13285e+01  5.47489e+01             
       H -6.95566e+01 -2.24678e+01  5.52067e+01             
       O -7.64157e+01 -3.09627e+01  6.17992e+01             
       H -8.83198e+01 -3.17198e+01  7.46081e+01             
       H -7.09533e+01 -1.03991e+01  7.30950e+01             
       O -1.06572e+02 -2.26315e+01  7.26480e+01             
       H -1.05936e+02 -2.21427e+01  7.31469e+01             
       H -1.06101e+02 -2.33062e+01  7.21242e+01             
       O -7.40602e+01 -3.04895e+01  5.78526e+01             
       H -7.33167e+01 -3.05495e+01  5.84770e+01             
       H -7.65704e+01 -1.95242e+01  6.73810e+01             
       O -8.25970e+01 -1.33394e+01  5.79390e+01             
       H -8.18915e+01 -1.27661e+01  5.83089e+01             
       H -9.56871e+01 -2.43789e+01  3.84134e+01             
       O -9.27640e+01 -2.46773e+01  5.87932e+01             
       H -9.22731e+01 -2.40165e+01  5.82111e+01             
       H -9.20496e+01 -2.53035e+01  5.90907e+01             
       O -7.64289e+01 -2.90686e+01  5.49158e+01             
       H -7.60324e+01 -2.87537e+01  5.57415e+01             
       H -7.56059e+01 -2.91788e+01  5.43324e+01             
       O -6.30399e+01 -2.80944e+01  5.72270e+01             
       H -6.25851e+01 -1.48244e+01  5.72289e+01             
       H -6.23848e+01 -2.86801e+01  5.76364e+01             
       O -7.70003e+01 -1.60999e+01  6.36781e+01             
       H -6.41469e+01 -1.69000e+01  6.40701e+01             
       H -7.62526e+01 -1.55203e+01  6.35297e+01             
       O -7.44694e+01 -3.91242e+00  6.18718e+01             
       H -8.01893e+01 -3.69030e+01  5.42695e+01             
       H -8.61812e+01 -7.29253e-01  5.79842e+01             
       O -8.53954e+01 -2.15332e+01  5.64232e+01             
       H -8.47454e+01 -2.18383e+01  5.57186e+01             
       H -8.47052e+01 -2.11858e+01  5.70411e+01             
       O -8.79055e+01 -1.02968e+01  4.72048e+01             
       H -8.74573e+01 -2.30372e+01  4.63915e+01             
       H -8.71742e+01 -9.68852e+00  4.77078e+01             
       O -9.27833e+01 -1.86175e+01  6.16533e+01             
       H -9.20515e+01 -1.79880e+01  6.14542e+01             
       H -9.24709e+01 -1.94625e+01  6.12143e+01             
       O -8.32964e+01 -2.07518e+01  7.09035e+01             
       H -8.27406e+01 -2.05167e+01  7.01343e+01             
       H -8.28045e+01 -2.15261e+01  7.13541e+01             
       O -9.26942e+01 -2.25669e+01  5.50250e+01             
       H -9.22141e+01 -2.26124e+01  6.83229e+01             
       H -8.81470e+01 -4.26688e+01  4.94522e+01             
       O -7.33420e+01 -2.79722e+01  7.18571e+01             
       H -7.23733e+01 -2.81538e+01  7.18962e+01             
       H -7.33836e+01 -2.70396e+01  7.21007e+01             
       O -7.62959e+01 -2.54845e+01  6.01823e+01             
       H -7.56535e+01 -2.56504e+01  6.08222e+01             
       H -7.59944e+01 -2.46998e+01  5.96730e+01             
       O -1.02709e+02 -2.53671e+01  6.87842e+01             
       H -1.02554e+02 -2.53859e+01  6.77981e+01             
       H -1.01831e+02 -2.55800e+01  6.91167e+01             
       O -7.50597e+01 -2.63837e+01  6.29141e+01             
       H -7.43841e+01 -2.59675e+01  6.35034e+01             
       H -7.48046e+01 -2.72611e+01  6.25894e+01             
       O -9.45415e+01 -1.95137e+01  3.17651e+01             
       H -9.35489e+01 -1.97552e+01  3.18895e+01             
       H -9.46477e+01 -1.90870e+01  3.09159e+01             
       O -8.40815e+01 -2.38997e+01  3.86804e+01             
       H -6.19156e+01 -1.60992e+01  4.84939e+01             
       H -8.35980e+01 -2.31654e+01  3.91874e+01             
       O -8.71630e+01 -1.72028e+01  6.52908e+01             
       H -8.63430e+01 -1.68378e+01  6.49785e+01             
       H -8.69446e+01 -1.79885e+01  6.58247e+01             
       O -8.91719e+01 -2.20074e+01  7.67977e+01             
       H -8.83720e+01 -2.15142e+01  7.64767e+01             
       H -8.87433e+01 -2.25794e+01  7.73989e+01             
