192                                                         
# CELL(abcABC):   12.41850    12.41850    12.41850    90.00000    90.00000    90.00000  Step:           0  Bead:       0 x_centroid{angstrom}  cell{angstrom}   
       O -7.42424e+01 -8.69583e+00  6.33328e+01             
       H -7.38537e+01 -9.31209e+00  6.26728e+01             
       H -7.34790e+01 -8.15087e+00  6.37317e+01             
       O -6.61046e+01 -6.74230e+00  6.26501e+01             
       H -6.35757e+01 -1.77568e+01  5.62045e+01             
       H -6.58644e+01 -6.58101e+00  6.36431e+01             
       O -6.83680e+01 -2.79008e+01  4.56807e+01             
       H -6.77276e+01 -1.62522e+01  4.57784e+01             
       H -6.77055e+01 -2.72341e+01  4.54528e+01             
       O -6.47675e+01 -2.40574e+01  5.14543e+01             
       H -6.42253e+01 -2.33883e+01  5.19457e+01             
       H -6.44140e+01 -2.49098e+01  5.17882e+01             
       O -5.34807e+01 -2.19761e+01  5.45687e+01             
       H -5.28023e+01 -2.17193e+01  5.52264e+01             
       H -5.29359e+01 -2.17943e+01  5.37794e+01             
       O -5.61267e+01 -1.67563e+01  6.47073e+01             
       H -5.55924e+01 -1.59612e+01  6.47633e+01             
       H -5.58618e+01 -1.73377e+01  6.54458e+01             
       O -6.82147e+01 -2.01711e+01  4.27086e+01             
       H -6.77414e+01 -1.93362e+01  4.24010e+01             
       H -5.65311e+01  9.02267e-01  5.25720e+01             
       O -5.36027e+01 -1.61431e+01  6.83776e+01             
       H -5.31044e+01 -1.54956e+01  6.79039e+01             
       H -5.28684e+01 -2.91192e+01  6.87544e+01             
       O -7.48670e+01 -9.96326e+00  4.57633e+01             
       H -7.38724e+01 -9.99509e+00  4.60076e+01             
       H -7.49764e+01 -1.08123e+01  4.54045e+01             
       O -6.67456e+01 -2.67875e+01  5.21418e+01             
       H -6.59061e+01 -2.70124e+01  5.24619e+01             
       H -6.66132e+01 -2.66245e+01  5.11593e+01             
       O -7.17189e+01 -7.26183e+00  6.00880e+01             
       H -7.10057e+01 -7.44380e+00  6.07037e+01             
       H -7.14589e+01 -6.65489e+00  5.94102e+01             
       O -6.87881e+01 -1.19155e+01  4.85939e+01             
       H -6.85714e+01 -1.14141e+01  4.77796e+01             
       H -5.60718e+01 -1.57520e+01  4.35005e+01             
       O -6.24831e+01 -3.14372e+01  4.69832e+01             
       H -6.30120e+01 -3.07441e+01  4.66432e+01             
       H -6.13219e+01 -2.83284e+01  5.86771e+01             
       O -7.59111e+01 -1.40436e+01  5.24096e+01             
       H -7.51507e+01 -1.34657e+01  5.21572e+01             
       H -7.57970e+01 -1.48668e+01  5.19569e+01             
       O -5.43677e+01 -2.55443e+01  5.81352e+01             
       H -5.35900e+01 -2.55683e+01  5.87612e+01             
       H -5.39648e+01 -2.51800e+01  5.73038e+01             
       O -6.65931e+01 -1.31025e+01  6.21737e+01             
       H -6.61013e+01 -1.24110e+01  6.26574e+01             
       H -6.59679e+01 -1.33801e+01  6.14554e+01             
       O -6.81172e+01 -1.06649e+01  4.60562e+01             
       H -6.76086e+01 -2.38358e+01  4.57016e+01             
       H -6.74639e+01 -9.96227e+00  4.60694e+01             
       O -6.85425e+01 -2.53069e+01  4.11748e+01             
       H -6.79225e+01 -2.49997e+01  4.18463e+01             
       H -6.79139e+01 -2.56217e+01  4.04796e+01             
       O -7.59784e+01 -9.24812e+00  5.30229e+01             
       H -7.54828e+01 -9.78326e+00  5.36776e+01             
       H -7.53420e+01 -9.21174e+00  5.22406e+01             
       O -7.02068e+01  4.73059e+00  4.43751e+01             
       H -4.56240e+01 -1.50867e+01  4.92611e+01             
       H -6.92568e+01  4.61609e+00  4.40603e+01             
       O -5.97287e+01 -1.32019e+01  5.93082e+01             
       H -6.35818e+01 -2.17854e+01  5.69175e+01             
       H -7.13977e+01 -1.37420e+01  5.96289e+01             
       O -6.48211e+01 -3.12455e+01  5.28650e+01             
       H -6.42554e+01 -3.06221e+01  5.23867e+01             
       H -6.43032e+01 -3.20579e+01  5.28934e+01             
       O -7.33413e+01 -1.94923e+01  5.70629e+01             
       H -7.31000e+01 -2.04108e+01  5.68396e+01             
       H -7.24995e+01 -1.90782e+01  5.70081e+01             
       O -6.04391e+01 -4.13828e+01  4.76664e+01             
       H -5.97453e+01 -4.08526e+01  4.82471e+01             
       H -5.99735e+01 -4.22160e+01  5.98874e+01             
       O -6.33542e+01 -3.74201e+00  4.84918e+01             
       H -6.30764e+01 -2.85069e+00  4.83243e+01             
       H -6.25530e+01 -4.28186e+00  4.85658e+01             
       O -6.09125e+01 -2.32048e+01  6.16757e+01             
       H -6.00474e+01 -2.35057e+01  6.21240e+01             
       H -6.06601e+01 -2.31481e+01  6.07553e+01             
       O -6.64776e+01 -2.45800e+01  6.77731e+01             
       H -6.63447e+01 -2.36314e+01  6.74955e+01             
       H -6.56120e+01 -2.50220e+01  6.75782e+01             
       O -8.15285e+01 -1.79188e+01  4.97371e+01             
       H -8.08994e+01 -1.81458e+01  4.90117e+01             
       H -8.09773e+01 -1.76941e+01  5.05254e+01             
       O -5.91418e+01 -1.20647e+00  6.65216e+01             
       H -5.82844e+01 -8.00720e-01  6.67931e+01             
       H -5.88244e+01 -1.83032e+00  6.58605e+01             
       O -6.25930e+01 -1.30621e+01  4.46191e+01             
       H -6.21913e+01 -1.38793e+01  4.49544e+01             
       H -6.21772e+01 -1.27682e+01  3.14310e+01             
       O -6.13078e+01 -1.74485e+01  2.74535e+01             
       H -6.07945e+01 -1.81719e+01  2.71118e+01             
       H -7.31282e+01 -1.68053e+01  2.78099e+01             
       O -5.11923e+01 -1.65681e+01  2.68081e+01             
       H -5.14006e+01 -1.66052e+01  2.58337e+01             
       H -5.02622e+01 -1.69562e+01  2.69412e+01             
       O -5.85861e+01 -2.42700e+01  3.79080e+01             
       H -5.78833e+01 -2.45408e+01  3.72952e+01             
       H -5.80411e+01 -2.36508e+01  5.08243e+01             
       O -6.11395e+01 -1.26843e+01  4.02044e+01             
       H -6.40360e+01 -8.99693e+00  4.83770e+01             
       H -6.04471e+01 -1.30667e+01  4.07952e+01             
       O -6.20448e+01 -2.37006e+01  5.48851e+01             
       H -6.16403e+01 -2.39950e+01  5.40311e+01             
       H -6.13210e+01 -2.32051e+01  5.52668e+01             
       O -5.20731e+01 -1.39971e+01  4.24221e+01             
       H -5.14692e+01 -1.36892e+01  4.31298e+01             
       H -5.15799e+01 -1.40889e+01  4.15826e+01             
       O -5.54151e+01 -3.11047e+01  4.65798e+01             
       H -5.46194e+01 -3.06407e+01  4.69727e+01             
       H -5.52371e+01 -3.20121e+01  4.63591e+01             
       O -6.21042e+01 -9.78359e-01  6.03897e+01             
       H -6.12388e+01 -1.13244e+00  5.99208e+01             
       H -6.18114e+01 -2.78779e-01  6.10100e+01             
       O -5.84635e+01  6.85864e+00  6.75018e+01             
       H -5.80812e+01  6.22180e+00  6.81339e+01             
       H -5.78300e+01  7.59813e+00  6.74708e+01             
       O -6.18365e+01 -2.80461e+01  5.78792e+01             
       H -6.74610e+01 -2.07346e+01  4.26980e+01             
       H -6.13862e+01 -2.84534e+01  5.70701e+01             
       O -6.40236e+01 -1.73967e+01  5.69993e+01             
       H -6.06923e+01 -1.22504e+01  3.94677e+01             
       H -6.33739e+01 -1.66948e+01  5.73329e+01             
       O -5.67580e+01 -1.56807e+01  4.28256e+01             
       H -7.01425e+01 -7.89148e+00  4.53098e+01             
       H -5.62352e+01 -1.52615e+01  4.21136e+01             
       O -5.87089e+01 -2.80330e+01  5.23010e+01             
       H -7.01323e+01 -2.82262e+01  6.48719e+01             
       H -5.28295e+01 -6.95591e+00  6.22620e+01             
       O -9.05207e+01 -1.70988e+01  5.96023e+01             
       H -8.99528e+01 -1.72399e+01  5.87864e+01             
       H -8.99185e+01 -1.70269e+01  6.02872e+01             
       O -5.85305e+01 -2.81375e+01  4.97330e+01             
       H -5.79382e+01 -2.89647e+01  4.97639e+01             
       H -5.97193e+01 -1.32956e+01  5.83601e+01             
       O -6.43163e+01 -9.65905e+00  4.77115e+01             
       H -6.36111e+01 -9.80867e+00  4.70789e+01             
       H -7.88331e+01 -1.81736e+01  2.91497e+01             
       O -7.60146e+01 -2.00160e+01  4.94316e+01             
       H -7.56735e+01 -1.95697e+01  4.86210e+01             
       H -7.53540e+01 -2.01937e+01  5.01145e+01             
       O -5.81647e+01 -2.31388e+01  4.50952e+01             
       H -5.71932e+01 -2.29573e+01  4.53434e+01             
       H -5.81815e+01 -2.40973e+01  4.50234e+01             
       O -4.48810e+01 -2.67053e+01  4.77662e+01             
       H -4.44200e+01 -1.34215e+01  4.80160e+01             
       H -4.42052e+01 -2.72537e+01  4.74231e+01             
       O -6.00862e+01 -9.48761e+00  5.57351e+01             
       H -4.70083e+01 -9.81230e+00  5.63419e+01             
       H -5.95084e+01 -9.08017e+00  5.50128e+01             
       O -5.68915e+01  1.69674e+00  5.21106e+01             
       H -6.19141e+01 -3.17034e+01  4.62081e+01             
       H -6.79289e+01  1.51090e-01  4.89180e+01             
       O -7.03560e+01 -1.76232e+01  4.64463e+01             
       H -6.94615e+01 -1.79888e+01  4.65592e+01             
       H -7.03830e+01 -1.66948e+01  4.62015e+01             
       O -7.00460e+01 -8.52067e+00  3.73237e+01             
       H -6.99398e+01 -2.18654e+01  3.71661e+01             
       H -6.92124e+01 -8.13957e+00  3.76487e+01             
       O -7.49208e+01 -1.86429e+01  5.49006e+01             
       H -7.41689e+01 -1.88133e+01  5.54512e+01             
       H -7.45997e+01 -1.81181e+01  5.42301e+01             
       O -6.61430e+01 -2.10400e+01  5.84245e+01             
       H -6.56166e+01 -2.08221e+01  5.76252e+01             
       H -6.55079e+01 -2.13554e+01  5.91229e+01             
       O -7.64609e+01 -2.13418e+01  4.37747e+01             
       H -7.57224e+01 -2.07565e+01  5.58716e+01             
       H -7.11413e+01 -4.03788e+01  3.89394e+01             
       O -5.47826e+01 -2.17444e+01  6.32803e+01             
       H -5.43446e+01 -2.08995e+01  6.32416e+01             
       H -5.40659e+01 -2.23257e+01  6.30127e+01             
       O -5.97232e+01 -1.97563e+01  5.17677e+01             
       H -5.91923e+01 -2.00659e+01  5.25427e+01             
       H -5.90586e+01 -1.99048e+01  5.10468e+01             
       O -8.47766e+01 -2.22403e+01  5.91989e+01             
       H -8.45357e+01 -2.13285e+01  5.92800e+01             
       H -8.41435e+01 -2.26585e+01  5.85475e+01             
       O -5.81934e+01 -2.10618e+01  5.36373e+01             
       H -5.75342e+01 -2.05439e+01  5.41544e+01             
       H -5.76904e+01 -2.17000e+01  5.30979e+01             
       O -7.72370e+01 -1.26220e+01  2.29021e+01             
       H -7.71366e+01 -1.16975e+01  2.33126e+01             
       H -7.63699e+01 -1.30925e+01  2.29394e+01             
       O -6.72597e+01 -1.78628e+01  2.94489e+01             
       H -4.37568e+01 -1.01665e+01  3.93329e+01             
       H -6.69374e+01 -1.72263e+01  3.01828e+01             
       O -7.07122e+01 -1.37724e+01  5.70850e+01             
       H -7.04943e+01 -1.42458e+01  5.62868e+01             
       H -7.00279e+01 -1.39970e+01  5.77676e+01             
       O -7.30034e+01 -1.64572e+01  6.81691e+01             
       H -7.26855e+01 -1.56341e+01  6.77472e+01             
       H -7.22384e+01 -1.70944e+01  6.79912e+01             
192                                                         
# CELL(abcABC):   12.41850    12.41850    12.41850    90.00000    90.00000    90.00000  Step:      200000  Bead:       0 x_centroid{angstrom}  cell{angstrom}   
       O -8.67547e+01 -1.03032e+01  6.88113e+01             
       H -8.61624e+01 -1.10526e+01  6.90851e+01             
       H -8.64645e+01 -1.00044e+01  6.79569e+01             
       O -7.90409e+01 -1.10445e+01  6.96488e+01             
       H -7.57455e+01 -2.07276e+01  6.20690e+01             
       H -7.84577e+01 -1.05431e+01  7.03033e+01             
       O -8.11369e+01 -3.17214e+01  5.09397e+01             
       H -8.07246e+01 -1.99588e+01  5.16266e+01             
       H -8.03400e+01 -3.14922e+01  5.04230e+01             
       O -7.58456e+01 -2.95057e+01  5.95084e+01             
       H -7.56778e+01 -3.01143e+01  6.02052e+01             
       H -7.49259e+01 -2.92100e+01  5.92506e+01             
       O -6.39959e+01 -2.44627e+01  6.04712e+01             
       H -6.34289e+01 -2.44662e+01  6.13158e+01             
       H -6.34203e+01 -2.47137e+01  5.97253e+01             
       O -6.99409e+01 -1.95960e+01  7.18312e+01             
       H -7.00133e+01 -1.86514e+01  7.17616e+01             
       H -6.90306e+01 -1.97795e+01  7.18684e+01             
       O -8.00606e+01 -2.23437e+01  5.00125e+01             
       H -7.97533e+01 -2.14416e+01  5.00403e+01             
       H -6.77501e+01  2.01492e-01  5.98170e+01             
       O -6.60634e+01 -1.90014e+01  7.45123e+01             
       H -6.58044e+01 -1.80322e+01  7.45291e+01             
       H -6.52289e+01 -3.20132e+01  7.46950e+01             
       O -8.52980e+01 -1.30664e+01  5.06966e+01             
       H -8.46273e+01 -1.28923e+01  5.13030e+01             
       H -8.49391e+01 -1.34899e+01  4.98730e+01             
       O -7.98866e+01 -2.85926e+01  5.79283e+01             
       H -7.91760e+01 -2.84844e+01  5.72320e+01             
       H -8.00789e+01 -2.95148e+01  5.79227e+01             
       O -8.37468e+01 -1.01578e+01  6.56497e+01             
       H -8.32723e+01 -1.07331e+01  6.62658e+01             
       H -8.32950e+01 -1.02736e+01  6.48094e+01             
       O -8.17191e+01 -1.43061e+01  5.80567e+01             
       H -8.14744e+01 -1.34885e+01  5.85118e+01             
       H -7.03968e+01 -1.97003e+01  5.03631e+01             
       O -7.76695e+01 -3.33353e+01  5.39383e+01             
       H -7.70572e+01 -3.40656e+01  5.36113e+01             
       H -7.45595e+01 -3.29346e+01  6.54159e+01             
       O -9.04212e+01 -1.53187e+01  6.00815e+01             
       H -8.96067e+01 -1.56597e+01  5.97233e+01             
       H -9.11434e+01 -1.56191e+01  5.95223e+01             
       O -6.72214e+01 -2.82786e+01  6.42710e+01             
       H -6.68566e+01 -2.88795e+01  6.50028e+01             
       H -6.65315e+01 -2.85256e+01  6.35769e+01             
       O -7.80513e+01 -1.61438e+01  6.83779e+01             
       H -7.72316e+01 -1.65256e+01  6.87927e+01             
       H -7.76088e+01 -1.54188e+01  6.78275e+01             
       O -8.14182e+01 -1.37979e+01  5.49562e+01             
       H -8.04540e+01 -2.61064e+01  5.47052e+01             
       H -8.14643e+01 -1.38358e+01  5.59234e+01             
       O -8.30588e+01 -2.94883e+01  4.72629e+01             
       H -8.28110e+01 -2.92240e+01  4.81739e+01             
       H -8.26885e+01 -2.88393e+01  4.67114e+01             
       O -8.72361e+01 -1.27175e+01  5.86690e+01             
       H -8.68437e+01 -1.36141e+01  5.88874e+01             
       H -8.66239e+01 -1.19993e+01  5.89352e+01             
       O -7.91069e+01 -1.18301e+00  5.35940e+01             
       H -5.81261e+01 -1.93207e+01  5.52732e+01             
       H -7.93710e+01 -2.02018e+00  5.30827e+01             
       O -7.06634e+01 -1.63776e+01  6.75662e+01             
       H -7.55597e+01 -2.36037e+01  6.60789e+01             
       H -8.24464e+01 -1.71265e+01  6.75407e+01             
       O -7.76294e+01 -3.48380e+01  5.93366e+01             
       H -7.69975e+01 -3.41388e+01  5.90430e+01             
       H -7.72286e+01 -3.56043e+01  5.97932e+01             
       O -8.05184e+01 -2.58798e+01  6.31180e+01             
       H -8.00913e+01 -2.59951e+01  6.22676e+01             
       H -8.01480e+01 -2.66197e+01  6.35671e+01             
       O -7.35250e+01 -4.54810e+01  5.46577e+01             
       H -7.38314e+01 -4.47019e+01  5.51230e+01             
       H -7.25380e+01 -4.55184e+01  6.72109e+01             
       O -7.65010e+01 -5.30841e+00  5.29110e+01             
       H -7.61268e+01 -4.79338e+00  5.21838e+01             
       H -7.58392e+01 -6.06954e+00  5.29381e+01             
       O -7.26630e+01 -2.47112e+01  6.89084e+01             
       H -7.24314e+01 -2.56274e+01  6.92725e+01             
       H -7.18370e+01 -2.42625e+01  6.87949e+01             
       O -8.21533e+01 -2.86113e+01  7.50227e+01             
       H -8.12851e+01 -2.81610e+01  7.50470e+01             
       H -8.19393e+01 -2.93010e+01  7.55892e+01             
       O -9.34986e+01 -2.19597e+01  5.57980e+01             
       H -9.31278e+01 -2.17291e+01  5.48945e+01             
       H -9.27593e+01 -2.22472e+01  5.62960e+01             
       O -7.33578e+01 -5.62600e+00  7.02731e+01             
       H -7.28030e+01 -4.97022e+00  7.07742e+01             
       H -7.27742e+01 -6.37187e+00  7.02481e+01             
       O -7.52267e+01 -1.58804e+01  5.08491e+01             
       H -7.50000e+01 -1.51590e+01  5.14208e+01             
       H -7.43757e+01 -1.63730e+01  3.84333e+01             
       O -7.57637e+01 -2.10693e+01  3.33565e+01             
       H -7.51459e+01 -2.17011e+01  3.28675e+01             
       H -8.76300e+01 -2.06603e+01  3.40077e+01             
       O -6.48834e+01 -1.96847e+01  3.16141e+01             
       H -6.43228e+01 -1.89362e+01  3.11916e+01             
       H -6.41911e+01 -2.01749e+01  3.21516e+01             
       O -7.18138e+01 -2.73104e+01  4.47962e+01             
       H -7.17068e+01 -2.79950e+01  4.41371e+01             
       H -7.08991e+01 -2.71006e+01  5.75374e+01             
       O -7.54699e+01 -1.75027e+01  4.38089e+01             
       H -7.64526e+01 -1.37432e+01  5.54559e+01             
       H -7.47098e+01 -1.75573e+01  4.45169e+01             
       O -7.36964e+01 -2.76388e+01  5.89049e+01             
       H -7.28487e+01 -2.75473e+01  5.84187e+01             
       H -7.35035e+01 -2.76652e+01  5.98364e+01             
       O -6.54140e+01 -1.64167e+01  4.99826e+01             
       H -6.44905e+01 -1.62282e+01  5.01651e+01             
       H -6.55870e+01 -1.60397e+01  4.91111e+01             
       O -6.76070e+01 -3.37844e+01  5.30501e+01             
       H -6.67343e+01 -3.33527e+01  5.33203e+01             
       H -6.73178e+01 -3.46004e+01  5.25479e+01             
       O -7.45732e+01 -1.97867e+00  6.54798e+01             
       H -7.37728e+01 -2.53721e+00  6.54434e+01             
       H -7.43798e+01 -1.06763e+00  6.51605e+01             
       O -7.03681e+01 -9.96413e-01  7.70392e+01             
       H -6.99745e+01 -8.59200e-01  7.79458e+01             
       H -6.96592e+01 -1.02615e+00  7.63968e+01             
       O -7.47668e+01 -3.23968e+01  6.46365e+01             
       H -7.95085e+01 -2.28700e+01  5.06366e+01             
       H -7.39488e+01 -3.18681e+01  6.45039e+01             
       O -7.65712e+01 -2.06691e+01  6.26503e+01             
       H -7.51380e+01 -1.70267e+01  4.30624e+01             
       H -7.61548e+01 -2.04636e+01  6.34833e+01             
       O -7.11263e+01 -2.00484e+01  4.97735e+01             
       H -7.81845e+01 -1.37145e+01  5.39034e+01             
       H -7.06629e+01 -1.99848e+01  4.89107e+01             
       O -7.19388e+01 -3.28152e+01  5.79989e+01             
       H -8.35614e+01 -3.26873e+01  7.10565e+01             
       H -6.61318e+01 -1.16888e+01  6.91209e+01             
       O -1.04755e+02 -1.88013e+01  6.96815e+01             
       H -1.04952e+02 -1.94977e+01  7.03343e+01             
       H -1.03815e+02 -1.89742e+01  6.94247e+01             
       O -7.10234e+01 -3.25556e+01  5.55336e+01             
       H -7.03472e+01 -3.32344e+01  5.53561e+01             
       H -7.01381e+01 -1.55614e+01  6.75419e+01             
       O -7.66650e+01 -1.44050e+01  5.47494e+01             
       H -7.57396e+01 -1.45329e+01  5.42024e+01             
       H -9.13886e+01 -2.09133e+01  3.51201e+01             
       O -8.90724e+01 -2.45335e+01  5.66210e+01             
       H -8.86204e+01 -2.36816e+01  5.63645e+01             
       H -8.85892e+01 -2.47402e+01  5.74304e+01             
       O -7.22353e+01 -2.79953e+01  5.30438e+01             
       H -7.16798e+01 -2.73628e+01  5.25759e+01             
       H -7.16470e+01 -2.83637e+01  5.37901e+01             
       O -5.65330e+01 -3.09836e+01  5.49059e+01             
       H -5.59681e+01 -1.86639e+01  5.56925e+01             
       H -5.60079e+01 -3.08267e+01  5.40974e+01             
       O -7.18126e+01 -1.42462e+01  6.09440e+01             
       H -5.85230e+01 -1.45160e+01  6.13310e+01             
       H -7.16165e+01 -1.33989e+01  6.04000e+01             
       O -6.84800e+01  4.06797e-01  5.91355e+01             
       H -7.75336e+01 -3.31135e+01  5.49044e+01             
       H -8.08930e+01 -2.48106e+00  5.80607e+01             
       O -8.27204e+01 -2.28140e+01  5.02775e+01             
       H -8.17736e+01 -2.27591e+01  5.01718e+01             
       H -8.30761e+01 -2.18620e+01  5.02087e+01             
       O -8.27521e+01 -1.14237e+01  4.32321e+01             
       H -8.22220e+01 -2.29553e+01  4.32154e+01             
       H -8.20830e+01 -1.21379e+01  4.30283e+01             
       O -8.74617e+01 -2.38333e+01  6.27706e+01             
       H -8.66150e+01 -2.44392e+01  6.28468e+01             
       H -8.71312e+01 -2.29869e+01  6.25172e+01             
       O -7.87485e+01 -2.39050e+01  6.44607e+01             
       H -7.78652e+01 -2.36415e+01  6.47579e+01             
       H -7.90324e+01 -2.47500e+01  6.48388e+01             
       O -8.85023e+01 -2.31053e+01  5.30149e+01             
       H -8.82903e+01 -2.33892e+01  6.45166e+01             
       H -8.40002e+01 -4.52746e+01  4.46462e+01             
       O -6.65716e+01 -2.48570e+01  7.32528e+01             
       H -6.67457e+01 -2.40013e+01  7.37024e+01             
       H -6.56139e+01 -2.49120e+01  7.32286e+01             
       O -7.31503e+01 -2.26858e+01  5.91972e+01             
       H -7.22576e+01 -2.30150e+01  5.94986e+01             
       H -7.30139e+01 -2.19785e+01  5.85625e+01             
       O -9.81431e+01 -2.43054e+01  6.60673e+01             
       H -9.80037e+01 -2.46025e+01  6.69896e+01             
       H -9.74595e+01 -2.36564e+01  6.58787e+01             
       O -7.10651e+01 -2.39338e+01  6.02282e+01             
       H -7.08309e+01 -2.36216e+01  6.11359e+01             
       H -7.02263e+01 -2.42282e+01  5.98652e+01             
       O -9.13585e+01 -1.75683e+01  2.89487e+01             
       H -9.05160e+01 -1.78925e+01  2.85950e+01             
       H -9.11162e+01 -1.70693e+01  2.97637e+01             
       O -7.95836e+01 -2.01473e+01  3.49970e+01             
       H -5.55384e+01 -1.15795e+01  4.60050e+01             
       H -7.91774e+01 -1.95291e+01  3.56908e+01             
       O -8.53130e+01 -1.79130e+01  6.39414e+01             
       H -8.48998e+01 -1.72640e+01  6.45020e+01             
       H -8.45719e+01 -1.82671e+01  6.33740e+01             
       O -8.65278e+01 -2.09741e+01  7.36387e+01             
       H -8.57642e+01 -2.06272e+01  7.40470e+01             
       H -8.61988e+01 -2.17053e+01  7.30740e+01             
