192                                                         
# CELL(abcABC):   12.41850    12.41850    12.41850    90.00000    90.00000    90.00000  Step:           0  Bead:       0 x_centroid{angstrom}  cell{angstrom}   
       O -7.35566e+01 -8.25648e+00  6.24688e+01             
       H -7.31423e+01 -8.97184e+00  6.19779e+01             
       H -7.28671e+01 -7.88276e+00  6.30929e+01             
       O -6.46627e+01 -6.17160e+00  6.18344e+01             
       H -6.25587e+01 -1.69752e+01  5.60339e+01             
       H -6.42392e+01 -5.98489e+00  6.26974e+01             
       O -6.65134e+01 -2.72138e+01  4.63829e+01             
       H -6.58494e+01 -1.54952e+01  4.66413e+01             
       H -6.59825e+01 -2.64856e+01  4.59964e+01             
       O -6.50584e+01 -2.40676e+01  5.17859e+01             
       H -6.43484e+01 -2.34628e+01  5.17362e+01             
       H -6.45528e+01 -2.48312e+01  5.21567e+01             
       O -5.27092e+01 -2.17897e+01  5.43833e+01             
       H -5.21394e+01 -2.11397e+01  5.48207e+01             
       H -5.23247e+01 -2.18281e+01  5.35210e+01             
       O -5.46977e+01 -1.74891e+01  6.38392e+01             
       H -5.41234e+01 -1.69856e+01  6.32966e+01             
       H -5.42230e+01 -1.78122e+01  6.45942e+01             
       O -6.76062e+01 -2.03597e+01  4.18997e+01             
       H -6.68926e+01 -1.96948e+01  4.17118e+01             
       H -5.47629e+01  1.41555e+00  5.46529e+01             
       O -5.30744e+01 -1.65178e+01  6.79001e+01             
       H -5.33111e+01 -1.57949e+01  6.72776e+01             
       H -5.21478e+01 -2.86336e+01  6.82676e+01             
       O -7.43690e+01 -1.01548e+01  4.52588e+01             
       H -7.35198e+01 -9.78286e+00  4.56232e+01             
       H -7.42273e+01 -1.07002e+01  4.44731e+01             
       O -6.56656e+01 -2.74110e+01  5.08635e+01             
       H -6.49243e+01 -2.80643e+01  5.07470e+01             
       H -6.56469e+01 -2.67162e+01  5.01873e+01             
       O -7.12262e+01 -6.74588e+00  5.85212e+01             
       H -7.06364e+01 -6.40027e+00  5.78193e+01             
       H -7.06722e+01 -6.59812e+00  5.93674e+01             
       O -6.83501e+01 -1.14970e+01  4.76951e+01             
       H -6.81415e+01 -1.05728e+01  4.75717e+01             
       H -5.49203e+01 -1.48330e+01  4.43209e+01             
       O -6.10064e+01 -3.01404e+01  4.64613e+01             
       H -6.12580e+01 -3.00205e+01  4.55607e+01             
       H -6.06151e+01 -2.67065e+01  5.66846e+01             
       O -7.34136e+01 -1.34930e+01  5.13216e+01             
       H -7.25522e+01 -1.32389e+01  5.17027e+01             
       H -7.33181e+01 -1.33150e+01  5.03965e+01             
       O -5.31732e+01 -2.47629e+01  5.74218e+01             
       H -5.27286e+01 -2.42373e+01  5.80794e+01             
       H -5.25369e+01 -2.48862e+01  5.66676e+01             
       O -6.61768e+01 -1.26410e+01  6.15924e+01             
       H -6.60282e+01 -1.23012e+01  6.25105e+01             
       H -6.52826e+01 -1.27451e+01  6.12202e+01             
       O -6.72206e+01 -1.03196e+01  4.39888e+01             
       H -6.68484e+01 -2.34726e+01  4.44772e+01             
       H -6.66457e+01 -9.55221e+00  4.41156e+01             
       O -6.63505e+01 -2.65820e+01  4.15678e+01             
       H -6.56376e+01 -2.58988e+01  4.17701e+01             
       H -6.61192e+01 -2.68273e+01  4.06408e+01             
       O -7.54114e+01 -9.48338e+00  5.17973e+01             
       H -7.46972e+01 -9.85945e+00  5.23949e+01             
       H -7.50192e+01 -9.50346e+00  5.09181e+01             
       O -6.86811e+01  5.79551e+00  4.47811e+01             
       H -4.46978e+01 -1.76473e+01  4.80638e+01             
       H -6.81165e+01  5.53342e+00  4.40389e+01             
       O -5.96329e+01 -1.40886e+01  5.85931e+01             
       H -6.26272e+01 -2.11512e+01  5.64345e+01             
       H -7.16333e+01 -1.47666e+01  5.91689e+01             
       O -6.31171e+01 -3.16419e+01  5.23342e+01             
       H -6.26449e+01 -3.10988e+01  5.16957e+01             
       H -6.30741e+01 -3.25644e+01  5.19744e+01             
       O -7.16535e+01 -1.88963e+01  5.47512e+01             
       H -7.13822e+01 -1.98295e+01  5.46125e+01             
       H -7.08727e+01 -1.84412e+01  5.50308e+01             
       O -5.93623e+01 -4.04188e+01  4.93306e+01             
       H -5.91397e+01 -4.12893e+01  4.89143e+01             
       H -5.85650e+01 -4.01442e+01  6.21918e+01             
       O -6.24285e+01 -3.01827e+00  4.81451e+01             
       H -6.16158e+01 -3.58124e+00  4.79276e+01             
       H -6.19981e+01 -2.19635e+00  4.79519e+01             
       O -5.99076e+01 -2.28333e+01  6.11251e+01             
       H -5.90350e+01 -2.28347e+01  6.16902e+01             
       H -5.96060e+01 -2.25671e+01  6.02313e+01             
       O -6.48858e+01 -2.47090e+01  6.72099e+01             
       H -6.51074e+01 -2.37763e+01  6.72483e+01             
       H -6.39151e+01 -2.46588e+01  6.71645e+01             
       O -8.11819e+01 -1.92798e+01  5.05117e+01             
       H -8.07824e+01 -2.01321e+01  5.02977e+01             
       H -8.04653e+01 -1.86724e+01  5.09189e+01             
       O -5.70678e+01 -1.09132e+00  6.58512e+01             
       H -5.64584e+01 -4.31192e-01  6.61977e+01             
       H -5.64158e+01 -1.68786e+00  6.55062e+01             
       O -6.19708e+01 -1.18143e+01  4.29535e+01             
       H -6.16991e+01 -1.28106e+01  4.31158e+01             
       H -6.13021e+01 -1.15467e+01  2.97655e+01             
       O -6.06892e+01 -1.71987e+01  2.72764e+01             
       H -6.00267e+01 -1.77540e+01  2.67631e+01             
       H -7.25226e+01 -1.65282e+01  2.75988e+01             
       O -5.05134e+01 -1.60875e+01  2.60121e+01             
       H -5.00613e+01 -1.58083e+01  2.51819e+01             
       H -4.96799e+01 -1.62716e+01  2.65345e+01             
       O -5.76177e+01 -2.31409e+01  3.77495e+01             
       H -5.70001e+01 -2.32569e+01  3.70022e+01             
       H -5.72675e+01 -2.25160e+01  5.08503e+01             
       O -5.87562e+01 -1.22723e+01  3.96463e+01             
       H -6.33923e+01 -8.77906e+00  4.76002e+01             
       H -5.80515e+01 -1.26988e+01  4.01850e+01             
       O -6.07711e+01 -2.28634e+01  5.32754e+01             
       H -6.04421e+01 -2.34393e+01  5.25918e+01             
       H -5.99812e+01 -2.23171e+01  5.35018e+01             
       O -5.09672e+01 -1.37141e+01  4.01275e+01             
       H -5.09719e+01 -1.45567e+01  3.96583e+01             
       H -5.00632e+01 -1.34686e+01  3.99469e+01             
       O -5.42515e+01 -3.12894e+01  4.68211e+01             
       H -5.38481e+01 -3.04908e+01  4.71793e+01             
       H -5.36002e+01 -3.15733e+01  4.61286e+01             
       O -6.11659e+01 -5.20976e-01  6.05375e+01             
       H -6.06702e+01 -5.42739e-01  5.97062e+01             
       H -6.07718e+01  3.04685e-01  6.08570e+01             
       O -5.74382e+01  8.00264e+00  6.86036e+01             
       H -5.68860e+01  7.28991e+00  6.90108e+01             
       H -5.68019e+01  8.65215e+00  6.83477e+01             
       O -6.10912e+01 -2.67334e+01  5.58583e+01             
       H -6.71368e+01 -2.11854e+01  4.18460e+01             
       H -6.04424e+01 -2.69879e+01  5.51730e+01             
       O -6.28972e+01 -1.62942e+01  5.65721e+01             
       H -5.82971e+01 -1.18636e+01  3.89752e+01             
       H -6.23185e+01 -1.55348e+01  5.64129e+01             
       O -5.55305e+01 -1.43510e+01  4.37454e+01             
       H -6.80740e+01 -6.59383e+00  4.55278e+01             
       H -5.50337e+01 -1.43389e+01  4.29324e+01             
       O -5.67377e+01 -2.76092e+01  5.06797e+01             
       H -6.84841e+01 -2.81508e+01  6.36174e+01             
       H -5.14804e+01 -6.29122e+00  6.12361e+01             
       O -8.92419e+01 -1.68362e+01  5.89709e+01             
       H -8.86752e+01 -1.67090e+01  5.81447e+01             
       H -8.86383e+01 -1.65237e+01  5.96595e+01             
       O -5.75787e+01 -3.08813e+01  4.83360e+01             
       H -5.70973e+01 -3.13636e+01  4.90535e+01             
       H -5.88081e+01 -1.37018e+01  5.82819e+01             
       O -6.39758e+01 -9.44265e+00  4.71280e+01             
       H -6.32899e+01 -9.91510e+00  4.66205e+01             
       H -7.69507e+01 -1.86829e+01  2.84187e+01             
       O -7.49901e+01 -1.93069e+01  4.82365e+01             
       H -7.44748e+01 -1.90265e+01  4.74724e+01             
       H -7.42809e+01 -1.96651e+01  4.88413e+01             
       O -5.76439e+01 -2.26315e+01  4.40488e+01             
       H -5.66961e+01 -2.25255e+01  4.39171e+01             
       H -5.78974e+01 -2.35875e+01  4.41891e+01             
       O -4.36268e+01 -2.69854e+01  4.79829e+01             
       H -4.40470e+01 -1.37358e+01  4.80722e+01             
       H -4.28541e+01 -2.69989e+01  4.74355e+01             
       O -5.86271e+01 -9.04230e+00  5.42202e+01             
       H -4.59871e+01 -9.40514e+00  5.50804e+01             
       H -5.78049e+01 -9.10319e+00  5.36781e+01             
       O -5.50305e+01  1.14546e+00  5.37376e+01             
       H -6.01545e+01 -3.05242e+01  4.64184e+01             
       H -6.74601e+01  5.35152e-01  4.79568e+01             
       O -7.01582e+01 -1.62470e+01  4.68210e+01             
       H -6.94813e+01 -1.56141e+01  4.71537e+01             
       H -7.00157e+01 -1.65915e+01  4.59400e+01             
       O -6.77074e+01 -8.80932e+00  3.56224e+01             
       H -6.72084e+01 -2.12724e+01  3.64481e+01             
       H -6.73061e+01 -8.02120e+00  3.51628e+01             
       O -7.42166e+01 -1.83896e+01  5.51426e+01             
       H -7.32379e+01 -1.85801e+01  5.52108e+01             
       H -7.42793e+01 -1.84925e+01  5.41415e+01             
       O -6.53360e+01 -2.04966e+01  5.74773e+01             
       H -6.44805e+01 -2.03570e+01  5.70248e+01             
       H -6.51411e+01 -2.10946e+01  5.82762e+01             
       O -7.55842e+01 -2.05075e+01  4.34897e+01             
       H -7.49861e+01 -1.98599e+01  5.55775e+01             
       H -6.86806e+01 -3.99467e+01  3.74190e+01             
       O -5.38739e+01 -2.06274e+01  6.27019e+01             
       H -5.34108e+01 -1.99687e+01  6.22085e+01             
       H -5.32373e+01 -2.12638e+01  6.29260e+01             
       O -5.90349e+01 -1.93637e+01  5.14951e+01             
       H -5.90002e+01 -1.96396e+01  5.24149e+01             
       H -5.81080e+01 -1.91323e+01  5.13383e+01             
       O -8.45343e+01 -2.15236e+01  5.83910e+01             
       H -8.41979e+01 -2.05798e+01  5.84312e+01             
       H -8.39454e+01 -2.19146e+01  5.77313e+01             
       O -5.65597e+01 -2.18120e+01  5.20844e+01             
       H -5.59594e+01 -2.11230e+01  5.22399e+01             
       H -5.60748e+01 -2.25927e+01  5.24778e+01             
       O -7.62112e+01 -1.22801e+01  2.31191e+01             
       H -7.61908e+01 -1.13376e+01  2.31502e+01             
       H -7.52429e+01 -1.24552e+01  2.30506e+01             
       O -6.53626e+01 -1.85467e+01  2.89071e+01             
       H -4.17762e+01 -1.13169e+01  4.08248e+01             
       H -6.52339e+01 -1.78039e+01  2.95837e+01             
       O -6.95086e+01 -1.27485e+01  5.77422e+01             
       H -6.90629e+01 -1.23702e+01  5.84952e+01             
       H -6.87915e+01 -1.32912e+01  5.73002e+01             
       O -7.17240e+01 -1.52067e+01  6.66877e+01             
       H -7.08861e+01 -1.47173e+01  6.66042e+01             
       H -7.14301e+01 -1.59994e+01  6.71319e+01             
192                                                         
# CELL(abcABC):   12.41850    12.41850    12.41850    90.00000    90.00000    90.00000  Step:      200000  Bead:       0 x_centroid{angstrom}  cell{angstrom}   
       O -8.60186e+01 -9.96072e+00  6.64617e+01             
       H -8.52404e+01 -1.05551e+01  6.64831e+01             
       H -8.57225e+01 -9.43932e+00  6.72724e+01             
       O -7.80609e+01 -7.83183e+00  6.65823e+01             
       H -7.15491e+01 -2.05452e+01  6.36462e+01             
       H -7.73659e+01 -7.55778e+00  6.59420e+01             
       O -7.77889e+01 -3.13230e+01  4.97716e+01             
       H -7.71122e+01 -1.90208e+01  5.04740e+01             
       H -7.73528e+01 -3.15026e+01  4.89284e+01             
       O -7.66288e+01 -2.91724e+01  5.71266e+01             
       H -7.61276e+01 -2.85199e+01  5.76708e+01             
       H -7.59022e+01 -2.98448e+01  5.69495e+01             
       O -6.18882e+01 -2.18286e+01  5.88278e+01             
       H -6.11911e+01 -2.15782e+01  5.81585e+01             
       H -6.14316e+01 -2.19666e+01  5.97196e+01             
       O -6.73524e+01 -1.77165e+01  6.65887e+01             
       H -6.69063e+01 -1.85660e+01  6.64851e+01             
       H -6.66076e+01 -1.70892e+01  6.66394e+01             
       O -7.94537e+01 -2.21330e+01  4.61042e+01             
       H -7.87741e+01 -2.14841e+01  4.62697e+01             
       H -6.45852e+01 -1.78822e+00  5.84671e+01             
       O -6.18542e+01 -1.95942e+01  7.46167e+01             
       H -6.17286e+01 -1.90334e+01  7.38415e+01             
       H -6.09099e+01 -3.22494e+01  7.48325e+01             
       O -8.39421e+01 -1.39983e+01  5.07779e+01             
       H -8.31972e+01 -1.35249e+01  5.11710e+01             
       H -8.38119e+01 -1.39055e+01  4.98385e+01             
       O -7.44311e+01 -3.09174e+01  5.65199e+01             
       H -7.38582e+01 -3.07978e+01  5.73659e+01             
       H -7.39349e+01 -3.05225e+01  5.57632e+01             
       O -7.94035e+01 -9.55808e+00  6.46288e+01             
       H -7.89740e+01 -9.03134e+00  6.52988e+01             
       H -7.87882e+01 -1.03062e+01  6.44236e+01             
       O -7.94214e+01 -1.41895e+01  5.49130e+01             
       H -7.89390e+01 -1.33239e+01  5.49548e+01             
       H -6.62140e+01 -1.71625e+01  5.03796e+01             
       O -7.36643e+01 -3.71989e+01  5.00032e+01             
       H -7.29841e+01 -3.65110e+01  4.95939e+01             
       H -7.05452e+01 -3.00861e+01  6.40097e+01             
       O -8.28012e+01 -1.68864e+01  5.79915e+01             
       H -8.24484e+01 -1.61452e+01  5.85408e+01             
       H -8.20268e+01 -1.74075e+01  5.76607e+01             
       O -6.53375e+01 -2.40992e+01  6.40101e+01             
       H -6.53567e+01 -2.50880e+01  6.38090e+01             
       H -6.44001e+01 -2.38189e+01  6.39294e+01             
       O -7.58380e+01 -1.54665e+01  6.50603e+01             
       H -7.52583e+01 -1.47374e+01  6.53499e+01             
       H -7.52267e+01 -1.62234e+01  6.47717e+01             
       O -7.84050e+01 -1.13059e+01  4.80876e+01             
       H -7.81367e+01 -2.46366e+01  4.79909e+01             
       H -7.75783e+01 -1.10266e+01  4.84986e+01             
       O -7.53214e+01 -2.75347e+01  4.66705e+01             
       H -7.51483e+01 -2.84202e+01  4.71409e+01             
       H -7.45528e+01 -2.71349e+01  4.62669e+01             
       O -8.68521e+01 -1.71375e+01  6.06058e+01             
       H -8.62524e+01 -1.67294e+01  6.13494e+01             
       H -8.61206e+01 -1.74779e+01  6.00244e+01             
       O -7.59420e+01  3.24967e+00  4.88711e+01             
       H -5.83969e+01 -2.07529e+01  5.35719e+01             
       H -7.52513e+01  3.94578e+00  4.90452e+01             
       O -6.96037e+01 -1.67285e+01  6.51644e+01             
       H -7.27793e+01 -2.59639e+01  5.91538e+01             
       H -8.11479e+01 -1.69701e+01  6.55512e+01             
       O -7.63984e+01 -3.29930e+01  5.63586e+01             
       H -7.56367e+01 -3.23910e+01  5.64107e+01             
       H -7.61195e+01 -3.38771e+01  5.61596e+01             
       O -8.24936e+01 -2.08054e+01  5.66612e+01             
       H -8.19381e+01 -2.00410e+01  5.65656e+01             
       H -8.19287e+01 -2.15348e+01  5.63894e+01             
       O -6.82622e+01 -4.30631e+01  5.68034e+01             
       H -6.73908e+01 -4.31965e+01  5.72368e+01             
       H -6.80669e+01 -4.28108e+01  6.82989e+01             
       O -7.25720e+01 -5.68256e+00  5.44256e+01             
       H -7.21367e+01 -6.52334e+00  5.40898e+01             
       H -7.19034e+01 -4.96202e+00  5.46839e+01             
       O -7.15887e+01 -2.42205e+01  6.62784e+01             
       H -7.14364e+01 -2.49320e+01  6.69603e+01             
       H -7.08743e+01 -2.42553e+01  6.55911e+01             
       O -7.74603e+01 -2.68120e+01  7.55752e+01             
       H -7.68036e+01 -2.66595e+01  7.48432e+01             
       H -7.69000e+01 -2.72330e+01  7.62775e+01             
       O -9.49558e+01 -2.44355e+01  5.69484e+01             
       H -9.44035e+01 -2.46353e+01  5.77442e+01             
       H -9.42917e+01 -2.40918e+01  5.63007e+01             
       O -6.81266e+01 -4.46031e+00  7.31433e+01             
       H -6.77830e+01 -4.26162e+00  7.40702e+01             
       H -6.74668e+01 -4.93137e+00  7.26354e+01             
       O -7.28230e+01 -1.63475e+01  5.03638e+01             
       H -7.21258e+01 -1.70305e+01  5.02863e+01             
       H -7.23111e+01 -1.55451e+01  3.81349e+01             
       O -7.16931e+01 -2.05671e+01  3.44955e+01             
       H -7.13733e+01 -2.08175e+01  3.36400e+01             
       H -8.33463e+01 -2.03572e+01  3.50227e+01             
       O -6.03415e+01 -2.10252e+01  3.14603e+01             
       H -6.07705e+01 -2.01123e+01  3.14083e+01             
       H -5.93818e+01 -2.09011e+01  3.14418e+01             
       O -7.18618e+01 -2.61460e+01  4.38020e+01             
       H -7.15402e+01 -2.70115e+01  4.34951e+01             
       H -7.10917e+01 -2.55789e+01  5.64882e+01             
       O -6.93178e+01 -1.48951e+01  4.70103e+01             
       H -7.50645e+01 -1.30297e+01  4.90283e+01             
       H -6.85932e+01 -1.52971e+01  4.75268e+01             
       O -7.14087e+01 -2.59074e+01  6.03677e+01             
       H -7.06532e+01 -2.65108e+01  6.00025e+01             
       H -7.10197e+01 -2.50708e+01  6.02790e+01             
       O -6.02258e+01 -1.81299e+01  4.61240e+01             
       H -5.97907e+01 -1.89604e+01  4.63890e+01             
       H -5.94455e+01 -1.75171e+01  4.60896e+01             
       O -6.37889e+01 -3.22772e+01  5.19744e+01             
       H -6.30443e+01 -3.16343e+01  5.20712e+01             
       H -6.34900e+01 -3.30794e+01  5.15119e+01             
       O -7.09792e+01 -3.82143e+00  6.78383e+01             
       H -7.01804e+01 -3.93455e+00  6.73121e+01             
       H -7.06752e+01 -4.00925e+00  6.87485e+01             
       O -6.73599e+01  4.10994e+00  7.45446e+01             
       H -6.73992e+01  3.91166e+00  7.55233e+01             
       H -6.66701e+01  4.77688e+00  7.44222e+01             
       O -7.07777e+01 -3.03431e+01  6.30874e+01             
       H -7.91217e+01 -2.29717e+01  4.64788e+01             
       H -6.99379e+01 -3.06005e+01  6.26044e+01             
       O -7.18498e+01 -2.06607e+01  6.27334e+01             
       H -6.87382e+01 -1.45006e+01  4.62434e+01             
       H -7.13670e+01 -1.99136e+01  6.23214e+01             
       O -6.67203e+01 -1.63836e+01  5.05313e+01             
       H -7.57104e+01 -9.77885e+00  4.95383e+01             
       H -6.60254e+01 -1.56230e+01  5.04736e+01             
       O -6.59725e+01 -3.03211e+01  5.87737e+01             
       H -7.80215e+01 -3.11879e+01  7.14091e+01             
       H -6.50814e+01 -7.92738e+00  6.74229e+01             
       O -9.91922e+01 -1.76190e+01  6.48301e+01             
       H -9.84936e+01 -1.73049e+01  6.42336e+01             
       H -9.87131e+01 -1.78221e+01  6.56623e+01             
       O -7.16539e+01 -3.27549e+01  5.32057e+01             
       H -7.22289e+01 -3.35275e+01  5.31524e+01             
       H -6.94548e+01 -1.58095e+01  6.48761e+01             
       O -7.59750e+01 -1.31880e+01  4.85399e+01             
       H -7.56506e+01 -1.38233e+01  4.78367e+01             
       H -8.93165e+01 -2.06130e+01  3.34501e+01             
       O -8.76538e+01 -2.31218e+01  5.14045e+01             
       H -8.71154e+01 -2.37819e+01  5.09395e+01             
       H -8.71778e+01 -2.29382e+01  5.22045e+01             
       O -6.82229e+01 -2.34514e+01  4.98198e+01             
       H -6.76497e+01 -2.42248e+01  4.97725e+01             
       H -6.76598e+01 -2.26461e+01  4.96459e+01             
       O -5.27044e+01 -2.85516e+01  5.45160e+01             
       H -5.23089e+01 -1.62338e+01  5.54159e+01             
       H -5.20931e+01 -2.83121e+01  5.37348e+01             
       O -6.97623e+01 -1.11675e+01  5.99602e+01             
       H -5.67329e+01 -1.10984e+01  6.07920e+01             
       H -6.94634e+01 -1.04644e+01  5.93559e+01             
       O -6.50324e+01 -9.70287e-01  5.82065e+01             
       H -7.30642e+01 -3.77785e+01  5.04737e+01             
       H -7.87200e+01 -2.53782e+00  5.48395e+01             
       O -8.20031e+01 -2.18993e+01  5.33462e+01             
       H -8.18139e+01 -2.23784e+01  5.41542e+01             
       H -8.11414e+01 -2.18712e+01  5.29271e+01             
       O -7.82401e+01 -1.17584e+01  4.20883e+01             
       H -7.73446e+01 -2.37687e+01  4.24073e+01             
       H -7.81757e+01 -1.17553e+01  4.11365e+01             
       O -8.47192e+01 -2.27402e+01  6.13855e+01             
       H -8.39134e+01 -2.28804e+01  6.07820e+01             
       H -8.44107e+01 -2.20307e+01  6.20971e+01             
       O -7.53558e+01 -2.41098e+01  5.79219e+01             
       H -7.48915e+01 -2.33873e+01  5.83806e+01             
       H -7.46322e+01 -2.48385e+01  5.79188e+01             
       O -8.57244e+01 -2.58878e+01  4.59181e+01             
       H -8.51216e+01 -2.61306e+01  5.76221e+01             
       H -7.77091e+01 -4.24603e+01  4.56888e+01             
       O -6.33706e+01 -2.32292e+01  6.77755e+01             
       H -6.31344e+01 -2.37376e+01  6.85899e+01             
       H -6.25262e+01 -2.31668e+01  6.72503e+01             
       O -6.81496e+01 -2.27663e+01  5.60855e+01             
       H -6.73142e+01 -2.30654e+01  5.56151e+01             
       H -6.77774e+01 -2.23916e+01  5.69373e+01             
       O -9.46088e+01 -2.47726e+01  6.42174e+01             
       H -9.39940e+01 -2.40840e+01  6.38451e+01             
       H -9.39914e+01 -2.54420e+01  6.44801e+01             
       O -6.77793e+01 -2.61031e+01  5.77675e+01             
       H -6.77124e+01 -2.61957e+01  5.68091e+01             
       H -6.68171e+01 -2.58998e+01  5.79182e+01             
       O -8.64767e+01 -1.32327e+01  2.88577e+01             
       H -8.58833e+01 -1.25113e+01  2.84299e+01             
       H -8.58964e+01 -1.37030e+01  2.94366e+01             
       O -7.73732e+01 -2.04790e+01  3.43030e+01             
       H -5.18671e+01 -1.27702e+01  4.59074e+01             
       H -7.68854e+01 -2.10051e+01  3.50203e+01             
       O -8.06168e+01 -1.43032e+01  6.49718e+01             
       H -8.03212e+01 -1.43135e+01  6.59144e+01             
       H -7.97583e+01 -1.43899e+01  6.45154e+01             
       O -8.18601e+01 -1.95180e+01  7.32901e+01             
       H -8.15185e+01 -1.86163e+01  7.30944e+01             
       H -8.10962e+01 -1.99871e+01  7.36805e+01             
