192                                                         
# CELL(abcABC):   12.41850    12.41850    12.41850    90.00000    90.00000    90.00000  Step:           0  Bead:       0 x_centroid{angstrom}  cell{angstrom}   
       O -7.37370e+01 -8.68424e+00  6.28868e+01             
       H -7.36005e+01 -9.40212e+00  6.22344e+01             
       H -7.27990e+01 -8.45579e+00  6.32067e+01             
       O -6.54074e+01 -6.02313e+00  6.23641e+01             
       H -6.28313e+01 -1.71774e+01  5.60898e+01             
       H -6.50639e+01 -5.19822e+00  6.26982e+01             
       O -6.80376e+01 -2.74421e+01  4.59727e+01             
       H -6.77388e+01 -1.59028e+01  4.62891e+01             
       H -6.73618e+01 -2.67861e+01  4.59651e+01             
       O -6.50675e+01 -2.34888e+01  5.21633e+01             
       H -6.43014e+01 -2.28668e+01  5.21429e+01             
       H -6.46457e+01 -2.43108e+01  5.25287e+01             
       O -5.37011e+01 -2.26631e+01  5.47759e+01             
       H -5.31026e+01 -2.21781e+01  5.53057e+01             
       H -5.33697e+01 -2.29309e+01  5.38925e+01             
       O -5.54175e+01 -1.73240e+01  6.44586e+01             
       H -5.51290e+01 -1.64618e+01  6.41227e+01             
       H -5.46753e+01 -1.75454e+01  6.50409e+01             
       O -6.78085e+01 -2.00787e+01  4.25285e+01             
       H -6.71207e+01 -1.94502e+01  4.23141e+01             
       H -5.54787e+01  9.58778e-01  5.23540e+01             
       O -5.30778e+01 -1.56615e+01  6.74779e+01             
       H -5.28003e+01 -1.48835e+01  6.69197e+01             
       H -5.24147e+01 -2.81460e+01  6.81997e+01             
       O -7.52355e+01 -9.89524e+00  4.51069e+01             
       H -7.43561e+01 -9.68404e+00  4.53919e+01             
       H -7.52423e+01 -1.06783e+01  4.45264e+01             
       O -6.60273e+01 -2.75990e+01  5.12111e+01             
       H -6.50902e+01 -2.77584e+01  5.11115e+01             
       H -6.61426e+01 -2.67940e+01  5.05864e+01             
       O -7.19205e+01 -7.22976e+00  5.98248e+01             
       H -7.12500e+01 -7.44359e+00  6.04612e+01             
       H -7.15498e+01 -6.53107e+00  5.92931e+01             
       O -6.89758e+01 -1.17695e+01  4.87323e+01             
       H -6.87710e+01 -1.10869e+01  4.80571e+01             
       H -5.54932e+01 -1.49228e+01  4.38310e+01             
       O -6.24807e+01 -3.12165e+01  4.62794e+01             
       H -6.28326e+01 -3.07059e+01  4.55259e+01             
       H -6.14574e+01 -2.69360e+01  5.79602e+01             
       O -7.55565e+01 -1.47785e+01  5.14569e+01             
       H -7.50059e+01 -1.42307e+01  5.08646e+01             
       H -7.49976e+01 -1.55690e+01  5.16110e+01             
       O -5.43512e+01 -2.50641e+01  5.84398e+01             
       H -5.35248e+01 -2.48991e+01  5.89624e+01             
       H -5.40692e+01 -2.49333e+01  5.75436e+01             
       O -6.64420e+01 -1.25380e+01  6.23739e+01             
       H -6.59469e+01 -1.19507e+01  6.29574e+01             
       H -6.59002e+01 -1.24836e+01  6.15695e+01             
       O -6.84400e+01 -1.05817e+01  4.62847e+01             
       H -6.78976e+01 -2.36856e+01  4.59212e+01             
       H -6.79290e+01 -9.71877e+00  4.61799e+01             
       O -6.72702e+01 -2.56760e+01  4.10330e+01             
       H -6.66891e+01 -2.55863e+01  4.18010e+01             
       H -6.66471e+01 -2.59930e+01  4.03740e+01             
       O -7.54681e+01 -9.46143e+00  5.23851e+01             
       H -7.47876e+01 -9.89292e+00  5.29453e+01             
       H -7.50319e+01 -9.21814e+00  5.15226e+01             
       O -6.96744e+01  5.45460e+00  4.46416e+01             
       H -4.54523e+01 -1.53723e+01  4.90245e+01             
       H -6.91949e+01  5.02391e+00  4.39088e+01             
       O -6.03643e+01 -1.45952e+01  5.96196e+01             
       H -6.41062e+01 -2.10405e+01  5.67442e+01             
       H -7.29094e+01 -1.52683e+01  6.02250e+01             
       O -6.40857e+01 -3.21388e+01  5.41759e+01             
       H -6.32178e+01 -3.17253e+01  5.43305e+01             
       H -6.38882e+01 -3.28591e+01  5.35530e+01             
       O -7.26136e+01 -1.99739e+01  5.64571e+01             
       H -7.24159e+01 -2.07232e+01  5.58844e+01             
       H -7.17428e+01 -1.97314e+01  5.67240e+01             
       O -6.03736e+01 -4.17873e+01  4.90887e+01             
       H -5.95084e+01 -4.14886e+01  4.94388e+01             
       H -6.00861e+01 -4.24782e+01  6.08633e+01             
       O -6.35461e+01 -4.15451e+00  4.91380e+01             
       H -6.35164e+01 -3.14232e+00  4.91726e+01             
       H -6.25816e+01 -4.43557e+00  4.92989e+01             
       O -6.07784e+01 -2.34709e+01  6.10865e+01             
       H -5.99085e+01 -2.33947e+01  6.15225e+01             
       H -6.06831e+01 -2.31860e+01  6.02149e+01             
       O -6.61350e+01 -2.48811e+01  6.83664e+01             
       H -6.63676e+01 -2.39986e+01  6.79729e+01             
       H -6.51703e+01 -2.48147e+01  6.82989e+01             
       O -8.05970e+01 -1.79139e+01  4.91352e+01             
       H -8.01938e+01 -1.80139e+01  4.82167e+01             
       H -7.97524e+01 -1.76827e+01  4.96265e+01             
       O -5.86485e+01 -1.41408e+00  6.59975e+01             
       H -5.78644e+01 -9.68118e-01  6.63274e+01             
       H -5.83172e+01 -2.30178e+00  6.58315e+01             
       O -6.29891e+01 -1.24816e+01  4.34127e+01             
       H -6.24988e+01 -1.31200e+01  4.39766e+01             
       H -6.24391e+01 -1.19286e+01  3.03561e+01             
       O -5.98465e+01 -1.81620e+01  2.79682e+01             
       H -5.95142e+01 -1.89848e+01  2.76577e+01             
       H -7.15895e+01 -1.74657e+01  2.78677e+01             
       O -4.97131e+01 -1.73024e+01  2.69296e+01             
       H -5.00235e+01 -1.79699e+01  2.62995e+01             
       H -4.88307e+01 -1.76806e+01  2.72514e+01             
       O -5.86543e+01 -2.32849e+01  3.79378e+01             
       H -5.77958e+01 -2.36886e+01  3.77682e+01             
       H -5.85140e+01 -2.25842e+01  5.09962e+01             
       O -6.05872e+01 -1.29714e+01  3.94952e+01             
       H -6.40688e+01 -8.84440e+00  4.78671e+01             
       H -5.98852e+01 -1.33006e+01  4.00973e+01             
       O -6.14364e+01 -2.34391e+01  5.37506e+01             
       H -6.11707e+01 -2.40955e+01  5.31042e+01             
       H -6.06574e+01 -2.30865e+01  5.41576e+01             
       O -5.17597e+01 -1.35273e+01  4.12272e+01             
       H -5.11997e+01 -1.32661e+01  4.20119e+01             
       H -5.12567e+01 -1.39978e+01  4.05392e+01             
       O -5.49760e+01 -3.08881e+01  4.64797e+01             
       H -5.41349e+01 -3.04199e+01  4.66815e+01             
       H -5.48127e+01 -3.18086e+01  4.61973e+01             
       O -6.24852e+01 -7.83192e-01  6.13174e+01             
       H -6.20629e+01 -1.44090e+00  6.07443e+01             
       H -6.19359e+01  4.81294e-02  6.12157e+01             
       O -5.79455e+01  7.94211e+00  6.82278e+01             
       H -5.77750e+01  7.01143e+00  6.80297e+01             
       H -5.71684e+01  8.48894e+00  6.79781e+01             
       O -6.17260e+01 -2.68281e+01  5.70296e+01             
       H -6.73343e+01 -2.09541e+01  4.24185e+01             
       H -6.09148e+01 -2.71024e+01  5.65183e+01             
       O -6.32768e+01 -1.67655e+01  5.68706e+01             
       H -5.99070e+01 -1.26268e+01  3.88597e+01             
       H -6.27464e+01 -1.59705e+01  5.71061e+01             
       O -5.60183e+01 -1.49236e+01  4.30199e+01             
       H -6.90533e+01 -6.66591e+00  4.53426e+01             
       H -5.54163e+01 -1.45926e+01  4.23561e+01             
       O -5.78942e+01 -2.86961e+01  5.25047e+01             
       H -6.93657e+01 -2.89717e+01  6.50032e+01             
       H -5.22047e+01 -6.36346e+00  6.19453e+01             
       O -9.01726e+01 -1.67727e+01  5.90868e+01             
       H -8.95236e+01 -1.70489e+01  5.83992e+01             
       H -8.96861e+01 -1.66595e+01  5.99453e+01             
       O -5.79614e+01 -2.85307e+01  4.96220e+01             
       H -5.72257e+01 -2.91482e+01  4.94175e+01             
       H -5.94145e+01 -1.44578e+01  5.94700e+01             
       O -6.45302e+01 -9.45479e+00  4.72024e+01             
       H -6.38822e+01 -9.59509e+00  4.64830e+01             
       H -7.77041e+01 -1.83179e+01  2.93243e+01             
       O -7.58354e+01 -1.97705e+01  4.86564e+01             
       H -7.54450e+01 -1.93606e+01  4.78629e+01             
       H -7.51511e+01 -2.01252e+01  4.92683e+01             
       O -5.82959e+01 -2.29774e+01  4.47144e+01             
       H -5.74814e+01 -2.27168e+01  4.52108e+01             
       H -5.80810e+01 -2.39501e+01  4.45060e+01             
       O -4.52879e+01 -2.65718e+01  4.76865e+01             
       H -4.49094e+01 -1.32818e+01  4.79462e+01             
       H -4.46955e+01 -2.70349e+01  4.70784e+01             
       O -5.94712e+01 -9.54335e+00  5.48270e+01             
       H -4.64760e+01 -9.97005e+00  5.55321e+01             
       H -5.87638e+01 -9.25227e+00  5.41756e+01             
       O -5.60454e+01  1.63671e+00  5.19083e+01             
       H -6.16900e+01 -3.16156e+01  4.59816e+01             
       H -6.81575e+01  3.95614e-01  4.92445e+01             
       O -7.01815e+01 -1.69438e+01  4.63470e+01             
       H -6.95297e+01 -1.75857e+01  4.65878e+01             
       H -7.01612e+01 -1.69511e+01  4.53455e+01             
       O -6.96837e+01 -7.77881e+00  3.68830e+01             
       H -6.90215e+01 -2.08824e+01  3.67181e+01             
       H -6.91510e+01 -6.98826e+00  3.69589e+01             
       O -7.42468e+01 -1.84356e+01  5.48688e+01             
       H -7.36951e+01 -1.89824e+01  5.54306e+01             
       H -7.35740e+01 -1.81747e+01  5.41920e+01             
       O -6.67405e+01 -2.09408e+01  5.84806e+01             
       H -6.60671e+01 -2.07811e+01  5.77784e+01             
       H -6.62306e+01 -2.10906e+01  5.92962e+01             
       O -7.74707e+01 -2.08736e+01  4.40428e+01             
       H -7.72836e+01 -2.01291e+01  5.58023e+01             
       H -7.02519e+01 -4.09031e+01  3.91454e+01             
       O -5.40229e+01 -2.12818e+01  6.29611e+01             
       H -5.40197e+01 -2.03609e+01  6.30103e+01             
       H -5.31194e+01 -2.14984e+01  6.31556e+01             
       O -5.88965e+01 -2.03969e+01  5.13412e+01             
       H -5.82835e+01 -2.06890e+01  5.20254e+01             
       H -5.83110e+01 -2.02267e+01  5.06147e+01             
       O -8.52167e+01 -2.21412e+01  5.87865e+01             
       H -8.48807e+01 -2.13324e+01  5.92410e+01             
       H -8.44713e+01 -2.24501e+01  5.82663e+01             
       O -5.72940e+01 -2.12072e+01  5.33688e+01             
       H -5.65346e+01 -2.06505e+01  5.37768e+01             
       H -5.69224e+01 -2.20306e+01  5.29348e+01             
       O -7.72523e+01 -1.20978e+01  2.30679e+01             
       H -7.70377e+01 -1.11824e+01  2.27823e+01             
       H -7.63650e+01 -1.25183e+01  2.33852e+01             
       O -6.62442e+01 -1.79792e+01  2.93232e+01             
       H -4.29992e+01 -1.01554e+01  3.90313e+01             
       H -6.60921e+01 -1.70331e+01  2.96507e+01             
       O -7.01011e+01 -1.31480e+01  5.67921e+01             
       H -6.97898e+01 -1.34495e+01  5.76699e+01             
       H -6.95913e+01 -1.35738e+01  5.60521e+01             
       O -7.24035e+01 -1.55008e+01  6.77670e+01             
       H -7.19179e+01 -1.47375e+01  6.74272e+01             
       H -7.16529e+01 -1.61473e+01  6.78029e+01             
192                                                         
# CELL(abcABC):   12.41850    12.41850    12.41850    90.00000    90.00000    90.00000  Step:      200000  Bead:       0 x_centroid{angstrom}  cell{angstrom}   
       O -8.67692e+01 -1.17121e+01  7.08590e+01             
       H -8.65087e+01 -1.25014e+01  7.13870e+01             
       H -8.59480e+01 -1.13858e+01  7.04869e+01             
       O -7.87861e+01 -1.32298e+01  6.96009e+01             
       H -7.61845e+01 -1.56139e+01  6.37947e+01             
       H -7.78811e+01 -1.28342e+01  6.93036e+01             
       O -7.92548e+01 -3.15997e+01  5.27624e+01             
       H -7.93570e+01 -1.84463e+01  5.20666e+01             
       H -7.82820e+01 -3.17594e+01  5.28241e+01             
       O -7.87388e+01 -2.65986e+01  6.10323e+01             
       H -7.83360e+01 -2.60234e+01  6.16892e+01             
       H -7.79337e+01 -2.69604e+01  6.05504e+01             
       O -6.35508e+01 -2.24806e+01  6.22451e+01             
       H -6.34808e+01 -2.23128e+01  6.12659e+01             
       H -6.26733e+01 -2.27034e+01  6.25938e+01             
       O -6.77275e+01 -1.88050e+01  7.13642e+01             
       H -6.71097e+01 -1.81537e+01  7.10248e+01             
       H -6.71180e+01 -1.90761e+01  7.21398e+01             
       O -7.85293e+01 -2.16035e+01  4.97346e+01             
       H -7.87161e+01 -2.20557e+01  4.89375e+01             
       H -6.76346e+01 -5.11511e-01  6.02924e+01             
       O -6.35930e+01 -1.82976e+01  7.29484e+01             
       H -6.32138e+01 -1.88694e+01  7.22424e+01             
       H -6.28953e+01 -3.06080e+01  7.36470e+01             
       O -8.52377e+01 -1.41391e+01  5.15176e+01             
       H -8.47401e+01 -1.36666e+01  5.22259e+01             
       H -8.49677e+01 -1.50659e+01  5.14786e+01             
       O -8.17289e+01 -3.40517e+01  5.58959e+01             
       H -8.14449e+01 -3.44824e+01  5.50774e+01             
       H -8.09818e+01 -3.37040e+01  5.63898e+01             
       O -8.19687e+01 -1.12493e+01  6.39402e+01             
       H -8.12001e+01 -1.18338e+01  6.39021e+01             
       H -8.14892e+01 -1.03175e+01  6.39676e+01             
       O -7.85844e+01 -1.79521e+01  5.58513e+01             
       H -7.82971e+01 -1.81000e+01  5.49161e+01             
       H -6.50510e+01 -1.86103e+01  4.84477e+01             
       O -7.43362e+01 -3.60237e+01  5.32349e+01             
       H -7.36027e+01 -3.64230e+01  5.37653e+01             
       H -7.16014e+01 -2.95057e+01  6.39673e+01             
       O -9.20199e+01 -2.05687e+01  5.71007e+01             
       H -9.23207e+01 -1.98743e+01  5.77356e+01             
       H -9.12039e+01 -2.02308e+01  5.66760e+01             
       O -6.66913e+01 -2.96326e+01  6.33006e+01             
       H -6.57823e+01 -2.92922e+01  6.34406e+01             
       H -6.65578e+01 -3.02199e+01  6.24922e+01             
       O -8.11236e+01 -1.64397e+01  6.94487e+01             
       H -8.02963e+01 -1.66822e+01  6.99344e+01             
       H -8.07600e+01 -1.60254e+01  6.85858e+01             
       O -7.97780e+01 -1.28841e+01  5.15290e+01             
       H -7.88158e+01 -2.50035e+01  5.12532e+01             
       H -7.96392e+01 -1.31574e+01  5.24329e+01             
       O -7.72777e+01 -2.49340e+01  5.05512e+01             
       H -7.69299e+01 -2.40477e+01  5.06268e+01             
       H -7.64774e+01 -2.54901e+01  5.06885e+01             
       O -8.87223e+01 -9.95822e+00  5.96489e+01             
       H -8.83421e+01 -9.22016e+00  5.90850e+01             
       H -8.82553e+01 -1.07427e+01  5.93191e+01             
       O -8.04587e+01  3.53968e+00  5.15677e+01             
       H -5.80309e+01 -2.07097e+01  5.61653e+01             
       H -7.98266e+01  3.54766e+00  5.07947e+01             
       O -7.26952e+01 -1.97675e+01  6.64043e+01             
       H -7.28327e+01 -2.34058e+01  6.26946e+01             
       H -8.44540e+01 -1.97512e+01  6.56812e+01             
       O -7.90582e+01 -3.50711e+01  5.88964e+01             
       H -7.93985e+01 -3.43306e+01  5.83295e+01             
       H -7.81188e+01 -3.50243e+01  5.89877e+01             
       O -8.67847e+01 -1.85620e+01  6.27698e+01             
       H -8.63413e+01 -1.93984e+01  6.25641e+01             
       H -8.61881e+01 -1.79090e+01  6.31367e+01             
       O -7.49693e+01 -4.59415e+01  5.39180e+01             
       H -7.40949e+01 -4.54478e+01  5.39659e+01             
       H -7.46249e+01 -4.68150e+01  6.63136e+01             
       O -7.66656e+01 -7.19149e+00  5.19913e+01             
       H -7.62800e+01 -6.60266e+00  5.12725e+01             
       H -7.58614e+01 -7.56672e+00  5.24319e+01             
       O -7.28669e+01 -2.77638e+01  6.68379e+01             
       H -7.28559e+01 -2.77490e+01  6.77862e+01             
       H -7.20665e+01 -2.81219e+01  6.64258e+01             
       O -7.53325e+01 -2.68922e+01  7.56508e+01             
       H -7.45003e+01 -2.65249e+01  7.60617e+01             
       H -7.50922e+01 -2.69761e+01  7.47224e+01             
       O -9.25249e+01 -2.30315e+01  5.40630e+01             
       H -9.28329e+01 -2.28131e+01  5.31646e+01             
       H -9.15678e+01 -2.31941e+01  5.40649e+01             
       O -6.98570e+01 -2.17602e+00  7.14435e+01             
       H -6.91944e+01 -1.57839e+00  7.19088e+01             
       H -6.93808e+01 -2.86854e+00  7.09635e+01             
       O -7.61787e+01 -1.52731e+01  4.78426e+01             
       H -7.60285e+01 -1.61939e+01  4.77564e+01             
       H -7.53870e+01 -1.48611e+01  3.50355e+01             
       O -7.22927e+01 -2.10610e+01  3.48723e+01             
       H -7.19440e+01 -2.19207e+01  3.46534e+01             
       H -8.39344e+01 -2.05043e+01  3.49173e+01             
       O -6.42191e+01 -2.11832e+01  3.13800e+01             
       H -6.38636e+01 -2.11389e+01  3.05332e+01             
       H -6.37091e+01 -2.06705e+01  3.19972e+01             
       O -7.27775e+01 -2.76738e+01  4.47662e+01             
       H -7.22426e+01 -2.85142e+01  4.49287e+01             
       H -7.21424e+01 -2.69257e+01  5.70908e+01             
       O -7.11868e+01 -1.76331e+01  4.50047e+01             
       H -7.59805e+01 -1.32289e+01  5.56094e+01             
       H -7.10090e+01 -1.79892e+01  4.58952e+01             
       O -7.35758e+01 -2.63977e+01  5.96919e+01             
       H -7.30990e+01 -2.69616e+01  5.90179e+01             
       H -7.29434e+01 -2.59486e+01  6.03097e+01             
       O -6.61928e+01 -1.67028e+01  4.59974e+01             
       H -6.59525e+01 -1.63701e+01  4.69167e+01             
       H -6.53554e+01 -1.66148e+01  4.54664e+01             
       O -6.93141e+01 -3.76942e+01  5.49689e+01             
       H -6.88090e+01 -3.84712e+01  5.49750e+01             
       H -6.86782e+01 -3.70214e+01  5.46212e+01             
       O -7.46865e+01 -4.90550e+00  6.61109e+01             
       H -7.38918e+01 -5.39073e+00  6.57774e+01             
       H -7.43163e+01 -3.98717e+00  6.62639e+01             
       O -7.05468e+01  8.51229e+00  7.39812e+01             
       H -7.05469e+01  9.02892e+00  7.31644e+01             
       H -6.97774e+01  8.87720e+00  7.44989e+01             
       O -7.23254e+01 -2.93830e+01  6.33471e+01             
       H -7.75964e+01 -2.15603e+01  4.99640e+01             
       H -7.17628e+01 -2.90954e+01  6.25192e+01             
       O -7.66976e+01 -1.64972e+01  6.41321e+01             
       H -7.03163e+01 -1.72703e+01  4.47032e+01             
       H -7.60344e+01 -1.69676e+01  6.47039e+01             
       O -6.60443e+01 -1.89482e+01  4.85689e+01             
       H -8.00779e+01 -8.13100e+00  5.22016e+01             
       H -6.58903e+01 -1.98816e+01  4.89363e+01             
       O -7.04418e+01 -3.10246e+01  5.98661e+01             
       H -8.27915e+01 -3.04288e+01  7.30380e+01             
       H -6.69018e+01 -1.24800e+01  6.95821e+01             
       O -1.02126e+02 -2.31458e+01  6.58159e+01             
       H -1.01584e+02 -2.38984e+01  6.59699e+01             
       H -1.01551e+02 -2.23338e+01  6.60380e+01             
       O -7.13646e+01 -3.26380e+01  5.63775e+01             
       H -7.12158e+01 -3.17291e+01  5.65789e+01             
       H -7.21537e+01 -1.98205e+01  6.72117e+01             
       O -7.59210e+01 -1.40689e+01  5.51174e+01             
       H -7.49290e+01 -1.41709e+01  5.48850e+01             
       H -8.65201e+01 -2.04619e+01  3.36163e+01             
       O -8.87297e+01 -2.42074e+01  5.66084e+01             
       H -8.88698e+01 -2.32257e+01  5.64785e+01             
       H -8.79011e+01 -2.43061e+01  5.71709e+01             
       O -7.05221e+01 -2.89225e+01  5.31767e+01             
       H -7.00996e+01 -2.82238e+01  5.26515e+01             
       H -6.97673e+01 -2.94284e+01  5.37435e+01             
       O -5.64969e+01 -3.04737e+01  5.47223e+01             
       H -5.59236e+01 -1.79382e+01  5.54917e+01             
       H -5.60054e+01 -3.09604e+01  5.40139e+01             
       O -7.22297e+01 -1.27339e+01  6.14427e+01             
       H -5.97613e+01 -1.32348e+01  6.22990e+01             
       H -7.13301e+01 -1.23212e+01  6.12908e+01             
       O -6.83371e+01  9.35150e-02  6.00000e+01             
       H -7.37459e+01 -3.57822e+01  5.23940e+01             
       H -7.79732e+01 -4.83991e+00  5.61077e+01             
       O -8.27913e+01 -1.99496e+01  5.15360e+01             
       H -8.19365e+01 -2.04997e+01  5.14323e+01             
       H -8.25494e+01 -1.89635e+01  5.14579e+01             
       O -8.35206e+01 -1.29833e+01  4.47037e+01             
       H -8.28179e+01 -2.52841e+01  4.39655e+01             
       H -8.30311e+01 -1.33797e+01  4.54602e+01             
       O -8.49387e+01 -2.04602e+01  6.24116e+01             
       H -8.46737e+01 -2.07446e+01  6.14670e+01             
       H -8.41069e+01 -2.03897e+01  6.29826e+01             
       O -7.79793e+01 -2.73691e+01  6.58063e+01             
       H -7.75353e+01 -2.80133e+01  6.51832e+01             
       H -7.72958e+01 -2.67255e+01  6.61472e+01             
       O -8.59515e+01 -2.28655e+01  5.06331e+01             
       H -8.56030e+01 -2.19311e+01  6.28950e+01             
       H -8.19329e+01 -4.36668e+01  4.72805e+01             
       O -6.74246e+01 -2.75352e+01  6.76493e+01             
       H -6.69880e+01 -2.69580e+01  6.83586e+01             
       H -6.66858e+01 -2.76358e+01  6.69851e+01             
       O -7.21896e+01 -2.28903e+01  5.74210e+01             
       H -7.18192e+01 -2.21237e+01  5.69233e+01             
       H -7.15342e+01 -2.36927e+01  5.73793e+01             
       O -9.63798e+01 -2.49608e+01  6.55359e+01             
       H -9.56709e+01 -2.45502e+01  6.50185e+01             
       H -9.59772e+01 -2.52220e+01  6.63921e+01             
       O -7.03677e+01 -2.34418e+01  6.12832e+01             
       H -7.01458e+01 -2.33423e+01  6.22204e+01             
       H -6.95928e+01 -2.38536e+01  6.08363e+01             
       O -8.88240e+01 -1.62599e+01  3.18078e+01             
       H -8.88203e+01 -1.53971e+01  3.13112e+01             
       H -8.79099e+01 -1.65624e+01  3.19193e+01             
       O -7.49126e+01 -1.99290e+01  3.34531e+01             
       H -5.53909e+01 -1.16871e+01  4.70502e+01             
       H -7.45634e+01 -1.92287e+01  3.27171e+01             
       O -8.13631e+01 -1.53540e+01  6.34953e+01             
       H -8.05758e+01 -1.59665e+01  6.35127e+01             
       H -8.08363e+01 -1.45103e+01  6.35486e+01             
       O -8.65664e+01 -1.80658e+01  6.88851e+01             
       H -8.69175e+01 -1.79791e+01  6.79948e+01             
       H -8.56432e+01 -1.79733e+01  6.88576e+01             
