192                                                         
# CELL(abcABC):   12.41850    12.41850    12.41850    90.00000    90.00000    90.00000  Step:           0  Bead:       0 x_centroid{angstrom}  cell{angstrom}   
       O -7.17947e+01 -9.36619e+00  6.08159e+01             
       H -7.16044e+01 -1.02115e+01  6.03179e+01             
       H -7.08926e+01 -8.97386e+00  6.08979e+01             
       O -6.28048e+01 -6.91353e+00  6.09813e+01             
       H -6.07521e+01 -1.71057e+01  5.46128e+01             
       H -6.23469e+01 -7.05084e+00  6.01237e+01             
       O -6.65734e+01 -2.43430e+01  4.60554e+01             
       H -6.57939e+01 -1.25027e+01  4.60661e+01             
       H -6.63387e+01 -2.36601e+01  4.66677e+01             
       O -6.32985e+01 -2.44352e+01  5.18926e+01             
       H -6.27183e+01 -2.38840e+01  5.13235e+01             
       H -6.29180e+01 -2.53310e+01  5.19690e+01             
       O -5.05238e+01 -1.99248e+01  5.31087e+01             
       H -4.99405e+01 -2.01300e+01  5.38740e+01             
       H -4.98726e+01 -1.97172e+01  5.24039e+01             
       O -5.36227e+01 -1.76618e+01  6.38393e+01             
       H -5.27757e+01 -1.73208e+01  6.35793e+01             
       H -5.34508e+01 -1.78758e+01  6.47234e+01             
       O -6.74663e+01 -1.99959e+01  4.18562e+01             
       H -6.66718e+01 -1.94299e+01  4.16481e+01             
       H -5.40034e+01  2.36316e+00  5.29054e+01             
       O -5.16943e+01 -1.61996e+01  6.72521e+01             
       H -5.18746e+01 -1.52550e+01  6.71692e+01             
       H -5.08336e+01 -2.87239e+01  6.69439e+01             
       O -7.30694e+01 -1.01753e+01  4.44817e+01             
       H -7.22884e+01 -9.77727e+00  4.47524e+01             
       H -7.29620e+01 -1.08501e+01  4.38215e+01             
       O -6.52398e+01 -2.58227e+01  4.89669e+01             
       H -6.47360e+01 -2.66008e+01  4.88282e+01             
       H -6.45692e+01 -2.51381e+01  4.88864e+01             
       O -7.08396e+01 -7.52471e+00  5.85453e+01             
       H -7.05078e+01 -6.78615e+00  5.80199e+01             
       H -7.04341e+01 -7.34644e+00  5.93821e+01             
       O -6.66779e+01 -9.10437e+00  4.69697e+01             
       H -6.66908e+01 -9.08167e+00  4.60196e+01             
       H -5.20676e+01 -1.29658e+01  4.25926e+01             
       O -6.04040e+01 -3.02275e+01  4.62359e+01             
       H -5.97030e+01 -3.00199e+01  4.56294e+01             
       H -5.94807e+01 -2.65127e+01  5.66107e+01             
       O -7.18322e+01 -1.48223e+01  5.01869e+01             
       H -7.11435e+01 -1.41522e+01  4.99443e+01             
       H -7.14065e+01 -1.54329e+01  5.08964e+01             
       O -5.10370e+01 -2.41108e+01  5.58927e+01             
       H -5.10850e+01 -2.32321e+01  5.63407e+01             
       H -5.01106e+01 -2.41832e+01  5.56413e+01             
       O -6.42991e+01 -1.09392e+01  6.04238e+01             
       H -6.42866e+01 -1.02316e+01  6.10692e+01             
       H -6.34298e+01 -1.11332e+01  6.01300e+01             
       O -6.63976e+01 -9.29393e+00  4.39965e+01             
       H -6.54329e+01 -2.15911e+01  4.41299e+01             
       H -6.64142e+01 -1.02047e+01  4.38045e+01             
       O -6.57414e+01 -2.53643e+01  3.93263e+01             
       H -6.48755e+01 -2.48858e+01  3.92603e+01             
       H -6.58540e+01 -2.56129e+01  3.83768e+01             
       O -7.41415e+01 -1.06848e+01  4.99548e+01             
       H -7.35988e+01 -9.98489e+00  5.02395e+01             
       H -7.37686e+01 -1.10112e+01  4.91594e+01             
       O -6.83381e+01  5.97726e+00  4.42600e+01             
       H -4.47792e+01 -1.78523e+01  4.82291e+01             
       H -6.79847e+01  5.69399e+00  4.33882e+01             
       O -5.89843e+01 -1.37733e+01  5.84587e+01             
       H -6.14207e+01 -2.12338e+01  5.60800e+01             
       H -7.06511e+01 -1.43451e+01  5.87510e+01             
       O -6.12334e+01 -3.12707e+01  5.10597e+01             
       H -6.10869e+01 -3.03118e+01  5.10287e+01             
       H -6.03093e+01 -3.16235e+01  5.08824e+01             
       O -7.05477e+01 -1.72052e+01  5.66812e+01             
       H -6.97248e+01 -1.77123e+01  5.66232e+01             
       H -7.03055e+01 -1.62729e+01  5.64078e+01             
       O -5.81313e+01 -4.13706e+01  5.18807e+01             
       H -5.72526e+01 -4.10685e+01  5.15381e+01             
       H -5.82493e+01 -4.22676e+01  6.39338e+01             
       O -6.32494e+01 -3.14186e+00  4.74981e+01             
       H -6.31830e+01 -3.94924e+00  4.69049e+01             
       H -6.23180e+01 -3.04434e+00  4.77374e+01             
       O -5.76438e+01 -2.40417e+01  5.87495e+01             
       H -5.70683e+01 -2.36248e+01  5.93531e+01             
       H -5.78057e+01 -2.33756e+01  5.80054e+01             
       O -6.48542e+01 -2.18352e+01  6.48732e+01             
       H -6.42729e+01 -2.11204e+01  6.52253e+01             
       H -6.44171e+01 -2.26787e+01  6.49020e+01             
       O -7.95887e+01 -1.96656e+01  4.97420e+01             
       H -7.87517e+01 -2.01788e+01  4.95878e+01             
       H -7.92536e+01 -1.88505e+01  5.02654e+01             
       O -5.61554e+01 -1.07824e+00  6.45696e+01             
       H -5.52971e+01 -6.36127e-01  6.47304e+01             
       H -5.58726e+01 -1.68171e+00  6.38920e+01             
       O -6.07341e+01 -1.19816e+01  4.24098e+01             
       H -6.02210e+01 -1.27629e+01  4.26451e+01             
       H -6.02567e+01 -1.15863e+01  2.92180e+01             
       O -5.76084e+01 -1.50983e+01  2.94121e+01             
       H -5.78963e+01 -1.58366e+01  2.88082e+01             
       H -6.94294e+01 -1.46230e+01  2.88093e+01             
       O -5.12355e+01 -1.65617e+01  2.57812e+01             
       H -5.08069e+01 -1.64652e+01  2.49391e+01             
       H -5.06078e+01 -1.61436e+01  2.63994e+01             
       O -5.66085e+01 -2.22076e+01  3.57678e+01             
       H -5.56717e+01 -2.21138e+01  3.54570e+01             
       H -5.66135e+01 -2.25089e+01  4.91447e+01             
       O -5.76903e+01 -1.26826e+01  3.74997e+01             
       H -6.38499e+01 -8.81749e+00  4.57984e+01             
       H -5.72152e+01 -1.25543e+01  3.83081e+01             
       O -5.92452e+01 -2.41693e+01  5.23050e+01             
       H -5.93934e+01 -2.47370e+01  5.15729e+01             
       H -5.83588e+01 -2.43507e+01  5.26856e+01             
       O -4.95012e+01 -1.48463e+01  3.95077e+01             
       H -4.91578e+01 -1.51663e+01  4.03281e+01             
       H -4.87144e+01 -1.45458e+01  3.90031e+01             
       O -5.39823e+01 -2.87930e+01  4.81758e+01             
       H -5.30705e+01 -2.86811e+01  4.83237e+01             
       H -5.41064e+01 -2.86218e+01  4.72128e+01             
       O -6.06501e+01 -2.82450e+00  6.00554e+01             
       H -6.02243e+01 -2.20306e+00  5.94474e+01             
       H -6.02312e+01 -2.67021e+00  6.09435e+01             
       O -5.36261e+01  9.06440e+00  7.02576e+01             
       H -5.34210e+01  8.41428e+00  6.95899e+01             
       H -5.30041e+01  9.79357e+00  7.02319e+01             
       O -5.97766e+01 -2.67351e+01  5.56654e+01             
       H -6.70928e+01 -2.06721e+01  4.24568e+01             
       H -5.89756e+01 -2.70322e+01  5.51652e+01             
       O -6.12743e+01 -1.63323e+01  5.44836e+01             
       H -5.70734e+01 -1.30271e+01  3.68489e+01             
       H -6.08091e+01 -1.56059e+01  5.48935e+01             
       O -5.28045e+01 -1.34849e+01  4.23236e+01             
       H -6.76536e+01 -6.69940e+00  4.49448e+01             
       H -5.30280e+01 -1.31643e+01  4.14384e+01             
       O -5.57530e+01 -2.84041e+01  5.05601e+01             
       H -6.74372e+01 -2.89957e+01  6.32886e+01             
       H -4.97160e+01 -6.77470e+00  6.16764e+01             
       O -8.89285e+01 -1.37081e+01  5.80549e+01             
       H -8.84124e+01 -1.31622e+01  5.74922e+01             
       H -8.83667e+01 -1.41627e+01  5.86945e+01             
       O -5.71659e+01 -3.12367e+01  4.84364e+01             
       H -5.61959e+01 -3.14862e+01  4.86247e+01             
       H -5.87461e+01 -1.28281e+01  5.85853e+01             
       O -6.36046e+01 -9.18995e+00  4.49528e+01             
       H -6.29062e+01 -8.73436e+00  4.44646e+01             
       H -7.69915e+01 -1.89684e+01  2.86995e+01             
       O -7.36345e+01 -2.07776e+01  4.67181e+01             
       H -7.32299e+01 -2.01068e+01  4.61653e+01             
       H -7.29271e+01 -2.09803e+01  4.74223e+01             
       O -5.68643e+01 -2.36944e+01  4.20606e+01             
       H -5.61270e+01 -2.33467e+01  4.15290e+01             
       H -5.64738e+01 -2.44319e+01  4.25503e+01             
       O -4.33868e+01 -2.60627e+01  4.78534e+01             
       H -4.24159e+01 -1.38838e+01  4.79840e+01             
       H -4.34324e+01 -2.56624e+01  4.69778e+01             
       O -5.74969e+01 -7.97199e+00  5.34176e+01             
       H -4.51144e+01 -8.86565e+00  5.30601e+01             
       H -5.66140e+01 -7.90103e+00  5.37988e+01             
       O -5.47690e+01  1.78897e+00  5.27336e+01             
       H -6.04631e+01 -2.95147e+01  4.68989e+01             
       H -6.60120e+01  3.89430e+00  4.73242e+01             
       O -6.98166e+01 -1.63159e+01  4.75697e+01             
       H -6.93743e+01 -1.55440e+01  4.79440e+01             
       H -6.94662e+01 -1.63210e+01  4.66758e+01             
       O -6.57006e+01 -6.60244e+00  3.37895e+01             
       H -6.48187e+01 -1.86906e+01  3.35620e+01             
       H -6.57571e+01 -6.26610e+00  3.46891e+01             
       O -7.20263e+01 -1.85476e+01  5.48230e+01             
       H -7.16193e+01 -1.81044e+01  5.55538e+01             
       H -7.14024e+01 -1.92241e+01  5.44484e+01             
       O -6.31638e+01 -1.78300e+01  5.79436e+01             
       H -6.31807e+01 -1.74934e+01  5.70283e+01             
       H -6.21790e+01 -1.80480e+01  5.80364e+01             
       O -7.42564e+01 -2.04423e+01  4.33424e+01             
       H -7.35318e+01 -1.98270e+01  5.56309e+01             
       H -6.79192e+01 -4.07482e+01  3.72303e+01             
       O -5.23177e+01 -2.10034e+01  6.19597e+01             
       H -5.15251e+01 -2.04519e+01  6.18147e+01             
       H -5.22789e+01 -2.13040e+01  6.28589e+01             
       O -5.83696e+01 -1.91280e+01  5.08329e+01             
       H -5.79175e+01 -1.97066e+01  5.14530e+01             
       H -5.79097e+01 -1.90464e+01  4.99490e+01             
       O -8.27254e+01 -2.19568e+01  5.68090e+01             
       H -8.25556e+01 -2.11104e+01  5.72770e+01             
       H -8.24672e+01 -2.19292e+01  5.58800e+01             
       O -5.64512e+01 -2.16062e+01  5.11240e+01             
       H -5.59801e+01 -2.09103e+01  5.06539e+01             
       H -5.57262e+01 -2.19888e+01  5.16534e+01             
       O -7.40145e+01 -1.12760e+01  2.23291e+01             
       H -7.40213e+01 -1.03873e+01  2.18414e+01             
       H -7.36978e+01 -1.18243e+01  2.16334e+01             
       O -6.52856e+01 -1.84511e+01  2.90555e+01             
       H -4.19076e+01 -1.13872e+01  3.99715e+01             
       H -6.49124e+01 -1.75650e+01  2.94262e+01             
       O -6.77556e+01 -1.28657e+01  5.62449e+01             
       H -6.74560e+01 -1.23401e+01  5.70239e+01             
       H -6.69607e+01 -1.29484e+01  5.56651e+01             
       O -6.88494e+01 -1.51128e+01  6.97711e+01             
       H -6.88120e+01 -1.43688e+01  6.91819e+01             
       H -6.79387e+01 -1.53390e+01  6.98811e+01             
192                                                         
# CELL(abcABC):   12.41850    12.41850    12.41850    90.00000    90.00000    90.00000  Step:      200000  Bead:       0 x_centroid{angstrom}  cell{angstrom}   
       O -8.39117e+01 -1.34881e+01  6.96206e+01             
       H -8.38496e+01 -1.39227e+01  7.04821e+01             
       H -8.29804e+01 -1.32731e+01  6.94002e+01             
       O -7.23252e+01 -4.87942e+00  6.80929e+01             
       H -7.10019e+01 -2.36362e+01  6.83569e+01             
       H -7.18800e+01 -5.13444e+00  6.72566e+01             
       O -8.00000e+01 -2.78273e+01  5.10642e+01             
       H -7.97170e+01 -1.44978e+01  5.07797e+01             
       H -7.91472e+01 -2.82588e+01  5.13631e+01             
       O -7.36404e+01 -2.89690e+01  6.03284e+01             
       H -7.32919e+01 -2.88182e+01  6.11971e+01             
       H -7.28829e+01 -2.87454e+01  5.97344e+01             
       O -6.34055e+01 -2.25951e+01  5.77523e+01             
       H -6.26963e+01 -2.28819e+01  5.83983e+01             
       H -6.28559e+01 -2.19775e+01  5.71751e+01             
       O -6.59221e+01 -2.16175e+01  7.39256e+01             
       H -6.52958e+01 -2.16220e+01  7.46931e+01             
       H -6.55032e+01 -2.15981e+01  7.30476e+01             
       O -7.98424e+01 -2.00370e+01  4.41482e+01             
       H -7.92291e+01 -1.94258e+01  4.45105e+01             
       H -6.75693e+01 -2.88190e+00  5.82206e+01             
       O -6.51218e+01 -2.18322e+01  7.69703e+01             
       H -6.42401e+01 -2.18884e+01  7.64820e+01             
       H -6.48073e+01 -3.40643e+01  7.78648e+01             
       O -8.53302e+01 -1.15398e+01  4.59474e+01             
       H -8.47319e+01 -1.21126e+01  4.54571e+01             
       H -8.48047e+01 -1.06814e+01  4.59639e+01             
       O -7.64267e+01 -2.61091e+01  5.01437e+01             
       H -7.58053e+01 -2.53835e+01  5.00918e+01             
       H -7.61056e+01 -2.67947e+01  5.06872e+01             
       O -7.87458e+01 -9.93624e+00  6.81812e+01             
       H -7.88100e+01 -1.03471e+01  6.90824e+01             
       H -7.78747e+01 -9.55979e+00  6.81782e+01             
       O -7.55936e+01 -1.41945e+01  5.30185e+01             
       H -7.49397e+01 -1.46828e+01  5.36120e+01             
       H -6.63404e+01 -1.84308e+01  4.79002e+01             
       O -6.71292e+01 -3.61654e+01  5.27294e+01             
       H -6.67562e+01 -3.68749e+01  5.32503e+01             
       H -6.65661e+01 -2.61812e+01  5.97846e+01             
       O -8.10565e+01 -1.98671e+01  5.37709e+01             
       H -8.04031e+01 -1.98517e+01  5.44886e+01             
       H -8.04933e+01 -1.96958e+01  5.29438e+01             
       O -6.54332e+01 -2.89769e+01  6.06683e+01             
       H -6.49713e+01 -2.91574e+01  6.15070e+01             
       H -6.47347e+01 -2.86299e+01  6.00604e+01             
       O -7.34357e+01 -1.40342e+01  6.77100e+01             
       H -7.28597e+01 -1.39522e+01  6.85195e+01             
       H -7.27968e+01 -1.42577e+01  6.69921e+01             
       O -7.58153e+01 -1.08788e+01  4.81746e+01             
       H -7.57033e+01 -2.23973e+01  4.85444e+01             
       H -7.50228e+01 -1.13199e+01  4.85375e+01             
       O -7.71750e+01 -2.90478e+01  4.25091e+01             
       H -7.67837e+01 -2.85010e+01  4.32005e+01             
       H -7.63860e+01 -2.93647e+01  4.20726e+01             
       O -8.79441e+01 -1.50411e+01  5.95073e+01             
       H -8.79509e+01 -1.43444e+01  6.01924e+01             
       H -8.72063e+01 -1.56873e+01  5.98212e+01             
       O -7.83261e+01  6.65784e-01  4.76771e+01             
       H -5.95174e+01 -2.13826e+01  5.11907e+01             
       H -7.73867e+01  1.02032e+00  4.79060e+01             
       O -7.33080e+01 -1.65292e+01  6.34005e+01             
       H -7.08092e+01 -2.20447e+01  5.93391e+01             
       H -8.52893e+01 -1.58382e+01  6.38902e+01             
       O -7.31172e+01 -3.38817e+01  5.66717e+01             
       H -7.26247e+01 -3.36607e+01  5.74701e+01             
       H -7.24816e+01 -3.44582e+01  5.62040e+01             
       O -8.11451e+01 -2.08689e+01  6.25610e+01             
       H -8.07331e+01 -2.02460e+01  6.31625e+01             
       H -8.04288e+01 -2.14410e+01  6.22477e+01             
       O -6.93089e+01 -4.42554e+01  5.84042e+01             
       H -6.86012e+01 -4.40267e+01  5.90739e+01             
       H -6.87453e+01 -4.47622e+01  7.02288e+01             
       O -7.45147e+01 -4.30403e+00  5.41227e+01             
       H -7.37270e+01 -4.02030e+00  5.46471e+01             
       H -7.41996e+01 -4.79955e+00  5.33571e+01             
       O -6.91219e+01 -2.54178e+01  6.15096e+01             
       H -6.88741e+01 -2.61598e+01  6.09305e+01             
       H -6.83097e+01 -2.52286e+01  6.19995e+01             
       O -7.71777e+01 -2.49114e+01  6.90623e+01             
       H -7.68574e+01 -2.39933e+01  6.92222e+01             
       H -7.65225e+01 -2.55817e+01  6.90447e+01             
       O -8.83203e+01 -2.20619e+01  5.47407e+01             
       H -8.77437e+01 -2.28995e+01  5.46246e+01             
       H -8.76705e+01 -2.13597e+01  5.45510e+01             
       O -6.69466e+01 -7.06521e+00  7.65378e+01             
       H -6.63999e+01 -6.24751e+00  7.66419e+01             
       H -6.62812e+01 -7.73991e+00  7.64566e+01             
       O -7.57113e+01 -1.48154e+01  4.44650e+01             
       H -7.55223e+01 -1.49533e+01  4.54191e+01             
       H -7.48400e+01 -1.46944e+01  3.15749e+01             
       O -7.11817e+01 -1.80899e+01  3.82519e+01             
       H -7.06790e+01 -1.83215e+01  3.89912e+01             
       H -8.29540e+01 -1.80221e+01  3.75052e+01             
       O -6.34227e+01 -1.90859e+01  3.34149e+01             
       H -6.29832e+01 -1.92069e+01  3.25649e+01             
       H -6.27676e+01 -1.91129e+01  3.41127e+01             
       O -6.54012e+01 -2.55147e+01  4.14771e+01             
       H -6.46432e+01 -2.59878e+01  4.11127e+01             
       H -6.50161e+01 -2.51148e+01  5.47040e+01             
       O -7.12466e+01 -1.55986e+01  4.69645e+01             
       H -7.29648e+01 -1.22573e+01  4.93458e+01             
       H -7.07865e+01 -1.59105e+01  4.77472e+01             
       O -6.91475e+01 -2.93126e+01  6.13463e+01             
       H -6.86154e+01 -2.99860e+01  6.08712e+01             
       H -6.85036e+01 -2.88730e+01  6.17948e+01             
       O -6.13851e+01 -1.95183e+01  4.75553e+01             
       H -6.07049e+01 -2.01511e+01  4.73944e+01             
       H -6.08964e+01 -1.87987e+01  4.79113e+01             
       O -6.55143e+01 -2.97002e+01  5.22156e+01             
       H -6.46017e+01 -2.97830e+01  5.19005e+01             
       H -6.54514e+01 -2.95137e+01  5.32047e+01             
       O -7.05885e+01 -5.45589e+00  6.59287e+01             
       H -7.02824e+01 -4.56043e+00  6.58262e+01             
       H -6.98490e+01 -6.00045e+00  6.62232e+01             
       O -6.20768e+01  5.63979e+00  8.08272e+01             
       H -6.14113e+01  4.99802e+00  8.10585e+01             
       H -6.16741e+01  6.52014e+00  8.08698e+01             
       O -6.71592e+01 -2.69067e+01  5.98915e+01             
       H -7.93219e+01 -2.08689e+01  4.39401e+01             
       H -6.65492e+01 -2.76117e+01  6.02558e+01             
       O -7.13782e+01 -2.30843e+01  6.77288e+01             
       H -7.06169e+01 -1.58308e+01  4.62743e+01             
       H -7.06496e+01 -2.29488e+01  6.71101e+01             
       O -6.72227e+01 -1.87794e+01  4.79533e+01             
       H -7.87905e+01 -1.16187e+01  4.84739e+01             
       H -6.71022e+01 -1.96034e+01  4.84779e+01             
       O -6.56204e+01 -3.02797e+01  5.73202e+01             
       H -7.72551e+01 -3.05974e+01  7.02850e+01             
       H -5.90507e+01 -4.81725e+00  6.86262e+01             
       O -1.00550e+02 -1.75532e+01  6.32534e+01             
       H -1.00320e+02 -1.84326e+01  6.36294e+01             
       H -9.96846e+01 -1.70454e+01  6.33264e+01             
       O -7.26073e+01 -3.30441e+01  5.10722e+01             
       H -7.20593e+01 -3.23256e+01  5.07545e+01             
       H -7.25708e+01 -1.72235e+01  6.33322e+01             
       O -7.36897e+01 -1.22758e+01  4.86252e+01             
       H -7.32201e+01 -1.20809e+01  4.77657e+01             
       H -8.96278e+01 -2.02692e+01  3.35818e+01             
       O -8.40623e+01 -2.46241e+01  5.05305e+01             
       H -8.32996e+01 -2.50482e+01  4.99965e+01             
       H -8.36803e+01 -2.36834e+01  5.07355e+01             
       O -6.93168e+01 -2.45998e+01  4.38999e+01             
       H -6.86640e+01 -2.41692e+01  4.45125e+01             
       H -6.86896e+01 -2.51654e+01  4.33651e+01             
       O -5.76119e+01 -2.94483e+01  5.73072e+01             
       H -5.73346e+01 -1.77855e+01  5.78246e+01             
       H -5.67420e+01 -2.89768e+01  5.72110e+01             
       O -6.73452e+01 -1.03425e+01  5.82056e+01             
       H -5.44000e+01 -9.54772e+00  5.85114e+01             
       H -6.68878e+01 -1.09558e+01  5.89046e+01             
       O -6.75757e+01 -3.52904e+00  5.74704e+01             
       H -6.64495e+01 -3.54430e+01  5.26472e+01             
       H -7.50358e+01 -1.12766e+00  5.25999e+01             
       O -8.17650e+01 -1.54657e+01  5.32940e+01             
       H -8.13355e+01 -1.51927e+01  5.41156e+01             
       H -8.11568e+01 -1.54349e+01  5.25832e+01             
       O -7.50737e+01 -9.47726e+00  3.80797e+01             
       H -7.43276e+01 -2.12137e+01  3.81235e+01             
       H -7.47066e+01 -1.03257e+01  3.84981e+01             
       O -8.31831e+01 -2.23119e+01  6.37780e+01             
       H -8.25024e+01 -2.18301e+01  6.31951e+01             
       H -8.26112e+01 -2.24509e+01  6.46334e+01             
       O -7.42961e+01 -2.43395e+01  6.43109e+01             
       H -7.34498e+01 -2.44937e+01  6.38596e+01             
       H -7.39705e+01 -2.40711e+01  6.51980e+01             
       O -8.37990e+01 -2.12539e+01  4.66050e+01             
       H -8.31646e+01 -2.05163e+01  5.87951e+01             
       H -7.76754e+01 -4.24775e+01  4.40241e+01             
       O -6.13981e+01 -2.38208e+01  6.70431e+01             
       H -6.14424e+01 -2.47130e+01  6.73318e+01             
       H -6.04819e+01 -2.35251e+01  6.72446e+01             
       O -6.93041e+01 -2.23953e+01  5.34837e+01             
       H -6.90101e+01 -2.15332e+01  5.38521e+01             
       H -6.84925e+01 -2.29196e+01  5.33219e+01             
       O -9.46492e+01 -2.34656e+01  5.93319e+01             
       H -9.44755e+01 -2.39357e+01  6.01649e+01             
       H -9.38603e+01 -2.29595e+01  5.91833e+01             
       O -6.76945e+01 -2.64983e+01  5.51645e+01             
       H -6.74999e+01 -2.69635e+01  5.60514e+01             
       H -6.67695e+01 -2.64054e+01  5.47976e+01             
       O -8.43585e+01 -1.45882e+01  2.80887e+01             
       H -8.34116e+01 -1.49283e+01  2.81666e+01             
       H -8.42614e+01 -1.38091e+01  2.75406e+01             
       O -7.76752e+01 -2.10276e+01  3.39665e+01             
       H -5.43188e+01 -1.64561e+01  4.51701e+01             
       H -7.69661e+01 -2.16884e+01  3.37797e+01             
       O -7.90578e+01 -1.27191e+01  6.28820e+01             
       H -7.90470e+01 -1.22309e+01  6.36871e+01             
       H -7.81377e+01 -1.30194e+01  6.26530e+01             
       O -8.71773e+01 -1.98605e+01  7.77831e+01             
       H -8.70274e+01 -1.95347e+01  7.86924e+01             
       H -8.63172e+01 -2.01739e+01  7.74579e+01             
