192                                                         
# CELL(abcABC):   12.41850    12.41850    12.41850    90.00000    90.00000    90.00000  Step:           0  Bead:       0 x_centroid{angstrom}  cell{angstrom}   
       O -7.20982e+01 -8.63118e+00  6.09346e+01             
       H -7.14280e+01 -8.88880e+00  6.02609e+01             
       H -7.16191e+01 -7.85964e+00  6.13530e+01             
       O -6.17938e+01 -6.58590e+00  6.03730e+01             
       H -5.87953e+01 -1.73058e+01  5.52333e+01             
       H -6.12733e+01 -5.92510e+00  5.98717e+01             
       O -6.61290e+01 -2.38339e+01  4.46041e+01             
       H -6.53903e+01 -1.20054e+01  4.42281e+01             
       H -6.57365e+01 -2.29470e+01  4.47018e+01             
       O -6.16662e+01 -2.36589e+01  5.17195e+01             
       H -6.12323e+01 -2.37151e+01  5.08584e+01             
       H -6.09676e+01 -2.37833e+01  5.24341e+01             
       O -4.95959e+01 -1.94391e+01  5.35382e+01             
       H -4.91276e+01 -1.98190e+01  5.43025e+01             
       H -4.88989e+01 -1.88866e+01  5.30519e+01             
       O -5.19610e+01 -1.67183e+01  6.42423e+01             
       H -5.11704e+01 -1.61709e+01  6.42205e+01             
       H -5.20662e+01 -1.70099e+01  6.51523e+01             
       O -6.65487e+01 -1.88523e+01  4.29955e+01             
       H -6.57900e+01 -1.84256e+01  4.25684e+01             
       H -5.28804e+01  3.00346e+00  5.15775e+01             
       O -4.99103e+01 -1.57339e+01  6.80028e+01             
       H -4.97479e+01 -1.47869e+01  6.79623e+01             
       H -4.91564e+01 -2.85260e+01  6.75977e+01             
       O -7.06585e+01 -9.14534e+00  4.34378e+01             
       H -6.98946e+01 -8.82159e+00  4.39508e+01             
       H -7.02965e+01 -9.57507e+00  4.26819e+01             
       O -6.42553e+01 -2.44315e+01  4.92440e+01             
       H -6.38835e+01 -2.49261e+01  5.00171e+01             
       H -6.37003e+01 -2.36730e+01  4.89612e+01             
       O -6.95170e+01 -6.50824e+00  5.84015e+01             
       H -6.86664e+01 -6.39245e+00  5.87896e+01             
       H -6.92414e+01 -6.44100e+00  5.74765e+01             
       O -6.42615e+01 -9.13405e+00  4.57583e+01             
       H -6.37756e+01 -9.01934e+00  4.49354e+01             
       H -5.28719e+01 -1.18759e+01  4.13774e+01             
       O -5.99457e+01 -3.08684e+01  4.61440e+01             
       H -5.89883e+01 -3.09473e+01  4.62671e+01             
       H -5.75669e+01 -2.64291e+01  5.41276e+01             
       O -7.04019e+01 -1.59842e+01  4.85498e+01             
       H -6.97300e+01 -1.64286e+01  4.80465e+01             
       H -6.99204e+01 -1.53912e+01  4.90665e+01             
       O -4.88578e+01 -2.53560e+01  5.59713e+01             
       H -4.80398e+01 -2.56191e+01  5.64076e+01             
       H -4.86126e+01 -2.46049e+01  5.54497e+01             
       O -6.26179e+01 -9.96441e+00  6.05426e+01             
       H -6.21232e+01 -9.16324e+00  6.04589e+01             
       H -6.20523e+01 -1.05979e+01  6.01738e+01             
       O -6.67785e+01 -9.33116e+00  4.22179e+01             
       H -6.58453e+01 -2.20337e+01  4.21049e+01             
       H -6.69241e+01 -8.98922e+00  4.13405e+01             
       O -6.35583e+01 -2.55164e+01  3.91577e+01             
       H -6.27771e+01 -2.48604e+01  3.92549e+01             
       H -6.30680e+01 -2.63736e+01  3.92521e+01             
       O -7.25924e+01 -1.11484e+01  4.92494e+01             
       H -7.25138e+01 -1.01908e+01  4.90683e+01             
       H -7.17865e+01 -1.15408e+01  4.97285e+01             
       O -6.67131e+01  6.07646e+00  4.58305e+01             
       H -4.24562e+01 -1.71469e+01  4.87080e+01             
       H -6.67179e+01  6.24854e+00  4.48717e+01             
       O -5.81497e+01 -1.37236e+01  5.69144e+01             
       H -5.97961e+01 -2.04114e+01  5.55012e+01             
       H -6.99103e+01 -1.44308e+01  5.67074e+01             
       O -6.02227e+01 -3.04283e+01  5.20103e+01             
       H -5.94400e+01 -3.01299e+01  5.25216e+01             
       H -5.97410e+01 -3.09164e+01  5.12981e+01             
       O -6.91166e+01 -1.80270e+01  5.58942e+01             
       H -6.83102e+01 -1.84881e+01  5.55796e+01             
       H -6.87591e+01 -1.71324e+01  5.60748e+01             
       O -5.69971e+01 -4.03082e+01  5.14514e+01             
       H -5.60979e+01 -4.00898e+01  5.12840e+01             
       H -5.69808e+01 -4.11241e+01  6.43658e+01             
       O -6.37606e+01 -1.78554e+00  4.68271e+01             
       H -6.31314e+01 -2.45882e+00  4.64101e+01             
       H -6.31730e+01 -1.08911e+00  4.72786e+01             
       O -5.66139e+01 -2.41304e+01  5.80979e+01             
       H -5.68808e+01 -2.31734e+01  5.82845e+01             
       H -5.57410e+01 -2.39233e+01  5.77714e+01             
       O -6.35607e+01 -2.12772e+01  6.43789e+01             
       H -6.32118e+01 -2.05770e+01  6.48923e+01             
       H -6.28078e+01 -2.17069e+01  6.39280e+01             
       O -7.83763e+01 -2.04520e+01  4.83257e+01             
       H -7.81962e+01 -2.02511e+01  4.73845e+01             
       H -7.75707e+01 -2.01207e+01  4.88300e+01             
       O -5.47037e+01 -1.35054e-01  6.26625e+01             
       H -5.39198e+01  3.65525e-01  6.23655e+01             
       H -5.43121e+01 -9.62946e-01  6.30248e+01             
       O -5.97878e+01 -1.17495e+01  4.10896e+01             
       H -5.95118e+01 -1.26591e+01  4.10082e+01             
       H -5.89652e+01 -1.12552e+01  2.84721e+01             
       O -5.59104e+01 -1.24474e+01  2.91812e+01             
       H -5.50761e+01 -1.23326e+01  2.85737e+01             
       H -6.78577e+01 -1.24227e+01  3.00401e+01             
       O -4.91467e+01 -1.56025e+01  2.69296e+01             
       H -4.87178e+01 -1.64365e+01  2.68171e+01             
       H -4.85597e+01 -1.48826e+01  2.66514e+01             
       O -5.74832e+01 -2.18071e+01  3.44654e+01             
       H -5.70846e+01 -2.10648e+01  3.40243e+01             
       H -5.68643e+01 -2.20903e+01  4.75734e+01             
       O -5.71824e+01 -1.30898e+01  3.65080e+01             
       H -6.35482e+01 -1.02460e+01  4.25926e+01             
       H -5.63980e+01 -1.27039e+01  3.69000e+01             
       O -5.75321e+01 -2.27021e+01  5.34886e+01             
       H -5.69206e+01 -2.34161e+01  5.38149e+01             
       H -5.70761e+01 -2.23458e+01  5.27475e+01             
       O -4.71218e+01 -1.41276e+01  3.80813e+01             
       H -4.61533e+01 -1.44045e+01  3.81634e+01             
       H -4.73516e+01 -1.41466e+01  3.71442e+01             
       O -5.34260e+01 -2.79751e+01  4.83887e+01             
       H -5.29543e+01 -2.87828e+01  4.79766e+01             
       H -5.28076e+01 -2.73080e+01  4.80946e+01             
       O -5.97498e+01 -2.31971e+00  5.86472e+01             
       H -5.90391e+01 -1.91486e+00  5.80224e+01             
       H -5.92510e+01 -2.74680e+00  5.93112e+01             
       O -5.19988e+01  7.37887e+00  7.19421e+01             
       H -5.11186e+01  7.77646e+00  7.17293e+01             
       H -5.18455e+01  7.00776e+00  7.28476e+01             
       O -5.81938e+01 -2.70220e+01  5.36852e+01             
       H -6.64671e+01 -1.97929e+01  4.29121e+01             
       H -5.77180e+01 -2.72521e+01  5.28837e+01             
       O -5.94651e+01 -1.66715e+01  5.50933e+01             
       H -5.70640e+01 -1.31123e+01  3.55390e+01             
       H -5.90481e+01 -1.59949e+01  5.46385e+01             
       O -5.32701e+01 -1.23825e+01  4.06796e+01             
       H -6.57957e+01 -6.04607e+00  4.60682e+01             
       H -5.25250e+01 -1.25630e+01  4.00748e+01             
       O -5.39794e+01 -2.77552e+01  5.10179e+01             
       H -6.56256e+01 -2.82422e+01  6.37770e+01             
       H -4.86871e+01 -7.10851e+00  6.08150e+01             
       O -8.90842e+01 -1.33049e+01  5.66107e+01             
       H -8.81515e+01 -1.31464e+01  5.63916e+01             
       H -8.89673e+01 -1.36158e+01  5.74963e+01             
       O -5.52489e+01 -3.04328e+01  4.86350e+01             
       H -5.45370e+01 -3.09872e+01  4.89039e+01             
       H -5.75718e+01 -1.31237e+01  5.73874e+01             
       O -6.41955e+01 -1.02355e+01  4.18181e+01             
       H -6.38091e+01 -9.74437e+00  4.10874e+01             
       H -7.57089e+01 -1.82382e+01  2.94046e+01             
       O -7.28862e+01 -2.26494e+01  4.59130e+01             
       H -7.27727e+01 -2.36036e+01  4.57471e+01             
       H -7.20163e+01 -2.23785e+01  4.56813e+01             
       O -5.61207e+01 -2.18591e+01  3.84188e+01             
       H -5.61008e+01 -2.21160e+01  3.74622e+01             
       H -5.51145e+01 -2.19154e+01  3.84946e+01             
       O -4.13859e+01 -2.45541e+01  4.72946e+01             
       H -4.05345e+01 -1.22855e+01  4.76647e+01             
       H -4.13000e+01 -2.44969e+01  4.63260e+01             
       O -5.68018e+01 -6.92697e+00  5.09534e+01             
       H -4.40990e+01 -7.87122e+00  5.08421e+01             
       H -5.60739e+01 -6.40091e+00  5.07339e+01             
       O -5.37517e+01  2.71712e+00  5.18854e+01             
       H -6.00064e+01 -3.00025e+01  4.57583e+01             
       H -6.37364e+01  2.85150e+00  4.64193e+01             
       O -6.78681e+01 -1.47942e+01  4.66159e+01             
       H -6.72484e+01 -1.53753e+01  4.70495e+01             
       H -6.74120e+01 -1.39180e+01  4.66315e+01             
       O -6.19933e+01 -3.64249e+00  3.32992e+01             
       H -6.11659e+01 -1.56118e+01  3.34752e+01             
       H -6.21365e+01 -3.44189e+00  3.23596e+01             
       O -6.99256e+01 -1.76216e+01  5.29174e+01             
       H -6.95081e+01 -1.77016e+01  5.37680e+01             
       H -6.96459e+01 -1.83971e+01  5.23629e+01             
       O -6.21960e+01 -2.23943e+01  5.61245e+01             
       H -6.16421e+01 -2.15887e+01  5.58520e+01             
       H -6.18013e+01 -2.25835e+01  5.69865e+01             
       O -7.31128e+01 -2.01242e+01  4.33350e+01             
       H -7.29393e+01 -1.94870e+01  5.64131e+01             
       H -6.63225e+01 -4.02484e+01  3.76511e+01             
       O -5.15508e+01 -1.84256e+01  6.18695e+01             
       H -5.06442e+01 -1.87144e+01  6.17779e+01             
       H -5.17456e+01 -1.81596e+01  6.27651e+01             
       O -5.88399e+01 -1.87245e+01  4.95963e+01             
       H -5.79700e+01 -1.88856e+01  5.00461e+01             
       H -5.87746e+01 -1.78378e+01  4.92376e+01             
       O -8.04520e+01 -2.14936e+01  5.71462e+01             
       H -7.99398e+01 -2.08206e+01  5.76117e+01             
       H -7.99264e+01 -2.16292e+01  5.63450e+01             
       O -5.52761e+01 -2.25106e+01  4.82988e+01             
       H -5.45632e+01 -2.18694e+01  4.81844e+01             
       H -5.49081e+01 -2.34152e+01  4.80488e+01             
       O -7.37601e+01 -1.27188e+01  2.23512e+01             
       H -7.32489e+01 -1.34930e+01  2.20465e+01             
       H -7.32789e+01 -1.22913e+01  2.30587e+01             
       O -6.41068e+01 -1.78877e+01  2.97843e+01             
       H -4.11501e+01 -1.05431e+01  3.98217e+01             
       H -6.38058e+01 -1.70711e+01  3.02342e+01             
       O -6.63663e+01 -1.45708e+01  5.51510e+01             
       H -6.55527e+01 -1.42494e+01  5.54990e+01             
       H -6.63750e+01 -1.43116e+01  5.42285e+01             
       O -6.85016e+01 -1.54137e+01  6.90526e+01             
       H -6.77616e+01 -1.52456e+01  6.84325e+01             
       H -6.81260e+01 -1.53803e+01  6.99304e+01             
192                                                         
# CELL(abcABC):   12.41850    12.41850    12.41850    90.00000    90.00000    90.00000  Step:      200000  Bead:       0 x_centroid{angstrom}  cell{angstrom}   
       O -8.27358e+01 -1.13215e+01  6.51813e+01             
       H -8.23179e+01 -1.21620e+01  6.54216e+01             
       H -8.19869e+01 -1.08368e+01  6.48579e+01             
       O -7.24930e+01 -9.32297e+00  6.54243e+01             
       H -6.64878e+01 -1.36170e+01  6.65047e+01             
       H -7.21628e+01 -9.79075e+00  6.46428e+01             
       O -7.61677e+01 -2.37373e+01  4.82624e+01             
       H -7.57033e+01 -1.19379e+01  4.75773e+01             
       H -7.55483e+01 -2.34615e+01  4.89469e+01             
       O -7.17274e+01 -2.53994e+01  5.52529e+01             
       H -7.11173e+01 -2.47048e+01  5.49468e+01             
       H -7.10094e+01 -2.60329e+01  5.55123e+01             
       O -5.86411e+01 -2.16805e+01  6.06854e+01             
       H -5.79115e+01 -2.23947e+01  6.05158e+01             
       H -5.81772e+01 -2.08743e+01  6.09620e+01             
       O -6.21273e+01 -1.88981e+01  6.73922e+01             
       H -6.18198e+01 -1.91570e+01  6.64567e+01             
       H -6.14804e+01 -1.82265e+01  6.76823e+01             
       O -7.66457e+01 -2.05880e+01  4.75830e+01             
       H -7.60006e+01 -2.00100e+01  4.79318e+01             
       H -6.47667e+01  1.52876e+00  5.68712e+01             
       O -5.42815e+01 -1.77490e+01  7.72699e+01             
       H -5.36576e+01 -1.80080e+01  7.79934e+01             
       H -5.38778e+01 -3.04086e+01  7.63865e+01             
       O -7.91556e+01 -1.26814e+01  4.69269e+01             
       H -7.84717e+01 -1.31226e+01  4.74306e+01             
       H -7.87031e+01 -1.22545e+01  4.61823e+01             
       O -7.59663e+01 -2.61790e+01  5.69741e+01             
       H -7.53499e+01 -2.62044e+01  5.77742e+01             
       H -7.54111e+01 -2.61654e+01  5.61718e+01             
       O -7.82300e+01 -6.72893e+00  6.22651e+01             
       H -7.73817e+01 -6.38742e+00  6.18977e+01             
       H -7.79319e+01 -7.48732e+00  6.27991e+01             
       O -7.24774e+01 -1.31830e+01  4.85132e+01             
       H -7.16616e+01 -1.35953e+01  4.80695e+01             
       H -6.41833e+01 -1.53505e+01  4.52316e+01             
       O -6.82653e+01 -3.42192e+01  5.12784e+01             
       H -6.79290e+01 -3.39174e+01  5.03828e+01             
       H -6.79656e+01 -2.62549e+01  5.84191e+01             
       O -8.13040e+01 -1.95873e+01  5.50850e+01             
       H -8.05838e+01 -2.01914e+01  5.52467e+01             
       H -8.08620e+01 -1.87080e+01  5.52093e+01             
       O -6.05795e+01 -3.08576e+01  6.14703e+01             
       H -6.01459e+01 -3.04897e+01  6.22304e+01             
       H -6.00883e+01 -3.07240e+01  6.06020e+01             
       O -7.43186e+01 -1.42284e+01  6.69728e+01             
       H -7.37670e+01 -1.35013e+01  6.65930e+01             
       H -7.36786e+01 -1.49682e+01  6.70215e+01             
       O -7.77259e+01 -1.32034e+01  4.92605e+01             
       H -7.73581e+01 -2.64913e+01  4.95459e+01             
       H -7.69797e+01 -1.25124e+01  4.91740e+01             
       O -7.47313e+01 -3.03660e+01  4.64371e+01             
       H -7.37760e+01 -3.02655e+01  4.65771e+01             
       H -7.46784e+01 -3.12446e+01  4.59909e+01             
       O -8.44492e+01 -1.48784e+01  5.24781e+01             
       H -8.37500e+01 -1.43087e+01  5.21308e+01             
       H -8.40759e+01 -1.53872e+01  5.31875e+01             
       O -7.69711e+01  3.69628e+00  5.19696e+01             
       H -5.27673e+01 -2.09564e+01  5.51849e+01             
       H -7.61499e+01  3.29734e+00  5.15561e+01             
       O -6.78628e+01 -1.77537e+01  6.10404e+01             
       H -6.89302e+01 -2.40024e+01  6.09705e+01             
       H -7.95132e+01 -1.82648e+01  6.13624e+01             
       O -6.99531e+01 -3.18043e+01  6.19395e+01             
       H -6.96287e+01 -3.20453e+01  6.28326e+01             
       H -6.92330e+01 -3.12851e+01  6.15764e+01             
       O -7.83782e+01 -1.97774e+01  5.81300e+01             
       H -7.76116e+01 -1.99538e+01  5.87410e+01             
       H -7.80350e+01 -2.01005e+01  5.72649e+01             
       O -7.01522e+01 -4.37718e+01  5.78728e+01             
       H -6.95695e+01 -4.43681e+01  5.83453e+01             
       H -6.98909e+01 -4.37493e+01  6.93100e+01             
       O -7.30581e+01 -4.17750e+00  5.59021e+01             
       H -7.23165e+01 -4.22410e+00  5.52373e+01             
       H -7.26623e+01 -4.27186e+00  5.67853e+01             
       O -6.76944e+01 -2.46832e+01  6.23970e+01             
       H -6.76697e+01 -2.39308e+01  6.30231e+01             
       H -6.67418e+01 -2.49960e+01  6.22798e+01             
       O -7.33434e+01 -2.42209e+01  6.96114e+01             
       H -7.29779e+01 -2.33544e+01  6.99326e+01             
       H -7.27674e+01 -2.46552e+01  6.89474e+01             
       O -8.73458e+01 -2.25059e+01  5.07091e+01             
       H -8.68817e+01 -2.19439e+01  5.00406e+01             
       H -8.66738e+01 -2.27411e+01  5.13734e+01             
       O -6.77636e+01 -4.82849e+00  6.78530e+01             
       H -6.73307e+01 -4.20312e+00  6.72243e+01             
       H -6.74641e+01 -4.54447e+00  6.87793e+01             
       O -7.18750e+01 -1.72460e+01  4.65790e+01             
       H -7.13442e+01 -1.77869e+01  4.59879e+01             
       H -7.13244e+01 -1.64968e+01  3.44937e+01             
       O -6.67919e+01 -1.68398e+01  3.30657e+01             
       H -6.57837e+01 -1.65683e+01  3.31234e+01             
       H -7.91650e+01 -1.78189e+01  3.31147e+01             
       O -6.18656e+01 -2.04786e+01  3.26287e+01             
       H -6.11198e+01 -2.08819e+01  3.30935e+01             
       H -6.14731e+01 -2.00466e+01  3.18171e+01             
       O -7.19743e+01 -2.33744e+01  3.81795e+01             
       H -7.15073e+01 -2.28948e+01  3.74750e+01             
       H -7.12933e+01 -2.36379e+01  5.13197e+01             
       O -6.37276e+01 -1.21555e+01  4.01480e+01             
       H -7.39450e+01 -1.30769e+01  4.73684e+01             
       H -6.29508e+01 -1.21398e+01  4.07060e+01             
       O -7.07350e+01 -2.92670e+01  5.41232e+01             
       H -7.05662e+01 -3.00848e+01  5.35557e+01             
       H -6.99860e+01 -2.91393e+01  5.46602e+01             
       O -5.69291e+01 -1.44241e+01  4.31292e+01             
       H -5.68349e+01 -1.44499e+01  4.41011e+01             
       H -5.60219e+01 -1.43347e+01  4.27729e+01             
       O -6.46216e+01 -3.06285e+01  5.41315e+01             
       H -6.44535e+01 -2.96890e+01  5.39110e+01             
       H -6.37148e+01 -3.09287e+01  5.45041e+01             
       O -6.91150e+01 -6.68574e+00  6.46597e+01             
       H -6.82252e+01 -6.17540e+00  6.45879e+01             
       H -6.90242e+01 -6.91446e+00  6.55714e+01             
       O -6.14613e+01  5.20876e+00  7.72570e+01             
       H -6.09418e+01  5.86269e+00  7.67596e+01             
       H -6.09226e+01  4.40828e+00  7.74122e+01             
       O -6.86371e+01 -2.69594e+01  5.82975e+01             
       H -7.62315e+01 -2.14711e+01  4.74900e+01             
       H -6.80229e+01 -2.77162e+01  5.83227e+01             
       O -6.69206e+01 -1.44128e+01  6.62827e+01             
       H -6.33969e+01 -1.24792e+01  3.93284e+01             
       H -6.61407e+01 -1.49734e+01  6.59198e+01             
       O -6.43803e+01 -1.60549e+01  4.58451e+01             
       H -7.66755e+01 -8.01179e+00  5.25021e+01             
       H -6.35219e+01 -1.66321e+01  4.59101e+01             
       O -6.81620e+01 -3.34250e+01  5.86069e+01             
       H -7.97804e+01 -3.29239e+01  7.07812e+01             
       H -5.93155e+01 -9.35650e+00  6.60449e+01             
       O -9.91522e+01 -1.39980e+01  6.32780e+01             
       H -9.87412e+01 -1.45108e+01  6.39781e+01             
       H -9.85917e+01 -1.38699e+01  6.25642e+01             
       O -6.59877e+01 -3.28735e+01  5.54357e+01             
       H -6.59426e+01 -3.19728e+01  5.52086e+01             
       H -6.76562e+01 -1.77062e+01  6.00853e+01             
       O -7.47265e+01 -1.29586e+01  4.67417e+01             
       H -7.42877e+01 -1.24798e+01  4.59684e+01             
       H -8.53638e+01 -2.13427e+01  3.61748e+01             
       O -8.21644e+01 -2.86181e+01  5.02495e+01             
       H -8.14515e+01 -2.92151e+01  4.99193e+01             
       H -8.16616e+01 -2.77651e+01  5.06153e+01             
       O -6.71538e+01 -2.42666e+01  4.28787e+01             
       H -6.68189e+01 -2.37950e+01  4.21104e+01             
       H -6.64729e+01 -2.44150e+01  4.35404e+01             
       O -5.21130e+01 -2.79267e+01  5.33721e+01             
       H -5.14063e+01 -1.50094e+01  5.37493e+01             
       H -5.19498e+01 -2.81875e+01  5.24237e+01             
       O -6.91588e+01 -1.04403e+01  5.67050e+01             
       H -5.63449e+01 -9.80016e+00  5.73766e+01             
       H -6.83497e+01 -1.08373e+01  5.63082e+01             
       O -6.52843e+01  7.40606e-01  5.72247e+01             
       H -6.81832e+01 -3.35178e+01  5.19496e+01             
       H -7.21608e+01 -7.93547e-02  4.91320e+01             
       O -8.12698e+01 -1.39990e+01  5.16309e+01             
       H -8.05645e+01 -1.41748e+01  5.22451e+01             
       H -8.08486e+01 -1.33952e+01  5.09834e+01             
       O -7.19339e+01 -5.31610e+00  3.88354e+01             
       H -7.18084e+01 -1.68291e+01  3.90062e+01             
       H -7.10717e+01 -5.67513e+00  3.85611e+01             
       O -7.63030e+01 -2.22660e+01  5.59654e+01             
       H -7.56254e+01 -2.16393e+01  5.63873e+01             
       H -7.57434e+01 -2.27142e+01  5.52400e+01             
       O -7.06080e+01 -2.74592e+01  6.01539e+01             
       H -6.98111e+01 -2.73081e+01  5.95821e+01             
       H -7.02222e+01 -2.78451e+01  6.10362e+01             
       O -8.19430e+01 -2.37281e+01  4.77897e+01             
       H -8.14188e+01 -2.37448e+01  5.93764e+01             
       H -8.03221e+01 -4.62680e+01  4.70229e+01             
       O -6.19154e+01 -2.32462e+01  6.68234e+01             
       H -6.13702e+01 -2.35839e+01  6.75087e+01             
       H -6.13953e+01 -2.25952e+01  6.62486e+01             
       O -7.07939e+01 -2.15740e+01  5.52060e+01             
       H -7.01106e+01 -2.21369e+01  5.56060e+01             
       H -7.02614e+01 -2.07596e+01  5.50537e+01             
       O -9.15330e+01 -2.20290e+01  6.08152e+01             
       H -9.12704e+01 -2.29577e+01  6.06250e+01             
       H -9.07930e+01 -2.14378e+01  6.05731e+01             
       O -6.62354e+01 -2.34092e+01  5.30037e+01             
       H -6.59793e+01 -2.25258e+01  5.26657e+01             
       H -6.53508e+01 -2.38603e+01  5.28373e+01             
       O -8.46094e+01 -2.18559e+01  3.33050e+01             
       H -8.39683e+01 -2.16883e+01  3.25542e+01             
       H -8.41570e+01 -2.16550e+01  3.41636e+01             
       O -7.38025e+01 -2.09497e+01  3.64344e+01             
       H -5.21284e+01 -1.23168e+01  4.47079e+01             
       H -7.35594e+01 -2.00336e+01  3.67456e+01             
       O -7.58169e+01 -1.80598e+01  6.13914e+01             
       H -7.48529e+01 -1.81689e+01  6.13818e+01             
       H -7.59292e+01 -1.76473e+01  6.05515e+01             
       O -7.65021e+01 -1.57156e+01  7.54045e+01             
       H -7.61218e+01 -1.65443e+01  7.50223e+01             
       H -7.58151e+01 -1.50140e+01  7.55684e+01             
