192                                                         
# CELL(abcABC):   12.41850    12.41850    12.41850    90.00000    90.00000    90.00000  Step:           0  Bead:       0 x_centroid{angstrom}  cell{angstrom}   
       O -7.36946e+01 -9.47373e+00  6.12118e+01             
       H -7.31954e+01 -1.01335e+01  6.07163e+01             
       H -7.29918e+01 -8.82877e+00  6.14523e+01             
       O -6.38584e+01 -6.88520e+00  6.18986e+01             
       H -6.07378e+01 -1.66628e+01  5.45393e+01             
       H -6.37953e+01 -6.24210e+00  6.26467e+01             
       O -6.74152e+01 -2.49666e+01  4.58216e+01             
       H -6.65222e+01 -1.29805e+01  4.56824e+01             
       H -6.72609e+01 -2.41127e+01  4.62223e+01             
       O -6.39348e+01 -2.55043e+01  5.23213e+01             
       H -6.33978e+01 -2.48816e+01  5.18067e+01             
       H -6.36134e+01 -2.64631e+01  5.22450e+01             
       O -5.02768e+01 -2.01059e+01  5.30207e+01             
       H -4.99163e+01 -1.99791e+01  5.39123e+01             
       H -4.96112e+01 -1.96946e+01  5.24648e+01             
       O -5.37512e+01 -1.74190e+01  6.40872e+01             
       H -5.30033e+01 -1.70786e+01  6.35730e+01             
       H -5.32023e+01 -1.77123e+01  6.48599e+01             
       O -6.78043e+01 -1.89490e+01  4.21300e+01             
       H -6.68251e+01 -1.87967e+01  4.20873e+01             
       H -5.42799e+01  2.84149e+00  5.31240e+01             
       O -5.16410e+01 -1.61790e+01  6.75142e+01             
       H -5.20884e+01 -1.53239e+01  6.75447e+01             
       H -5.07013e+01 -2.84878e+01  6.73156e+01             
       O -7.37894e+01 -9.79836e+00  4.42778e+01             
       H -7.30069e+01 -9.47593e+00  4.47176e+01             
       H -7.35193e+01 -1.04767e+01  4.36072e+01             
       O -6.58415e+01 -2.63351e+01  4.86589e+01             
       H -6.53842e+01 -2.68330e+01  4.93927e+01             
       H -6.52438e+01 -2.56574e+01  4.82612e+01             
       O -7.03503e+01 -6.36257e+00  5.81766e+01             
       H -6.99292e+01 -5.88863e+00  5.74736e+01             
       H -6.95781e+01 -6.54372e+00  5.86748e+01             
       O -6.65911e+01 -1.02471e+01  4.74986e+01             
       H -6.62483e+01 -9.32070e+00  4.76245e+01             
       H -5.22710e+01 -1.30520e+01  4.27099e+01             
       O -6.03981e+01 -3.10161e+01  4.69633e+01             
       H -5.95598e+01 -3.10262e+01  4.65317e+01             
       H -5.91598e+01 -2.68246e+01  5.68275e+01             
       O -7.23241e+01 -1.49958e+01  5.05498e+01             
       H -7.18231e+01 -1.41291e+01  5.07290e+01             
       H -7.16406e+01 -1.57019e+01  5.06777e+01             
       O -5.11487e+01 -2.47410e+01  5.59998e+01             
       H -5.13776e+01 -2.40553e+01  5.66140e+01             
       H -5.02059e+01 -2.47209e+01  5.58023e+01             
       O -6.43616e+01 -1.17264e+01  6.02933e+01             
       H -6.42115e+01 -1.12176e+01  6.11396e+01             
       H -6.35106e+01 -1.16045e+01  5.98535e+01             
       O -6.73605e+01 -8.96985e+00  4.39877e+01             
       H -6.63828e+01 -2.14234e+01  4.41308e+01             
       H -6.78062e+01 -9.46764e+00  4.46910e+01             
       O -6.63967e+01 -2.47541e+01  3.88380e+01             
       H -6.55140e+01 -2.49960e+01  3.86662e+01             
       H -6.69073e+01 -2.51514e+01  3.80850e+01             
       O -7.48928e+01 -1.08670e+01  5.09034e+01             
       H -7.41398e+01 -1.09025e+01  5.15898e+01             
       H -7.44418e+01 -1.03768e+01  5.01900e+01             
       O -6.76610e+01  5.69747e+00  4.57925e+01             
       H -4.51115e+01 -1.82092e+01  4.85729e+01             
       H -6.76674e+01  5.11633e+00  4.49942e+01             
       O -5.86145e+01 -1.40019e+01  5.90738e+01             
       H -6.16822e+01 -2.06968e+01  5.59172e+01             
       H -7.02761e+01 -1.42433e+01  5.84990e+01             
       O -6.13604e+01 -3.08724e+01  5.04995e+01             
       H -6.15047e+01 -2.99989e+01  5.08373e+01             
       H -6.03889e+01 -3.11037e+01  5.04030e+01             
       O -6.96134e+01 -1.73225e+01  5.53476e+01             
       H -6.88257e+01 -1.79051e+01  5.52123e+01             
       H -6.93885e+01 -1.66657e+01  5.60345e+01             
       O -5.85271e+01 -4.21498e+01  5.06209e+01             
       H -5.76515e+01 -4.17400e+01  5.04206e+01             
       H -5.83207e+01 -4.31035e+01  6.31325e+01             
       O -6.34043e+01 -3.54667e+00  4.75130e+01             
       H -6.34679e+01 -4.13529e+00  4.66944e+01             
       H -6.24665e+01 -3.34926e+00  4.75993e+01             
       O -5.89571e+01 -2.33701e+01  5.97934e+01             
       H -5.80833e+01 -2.33544e+01  6.02559e+01             
       H -5.88690e+01 -2.27244e+01  5.90537e+01             
       O -6.47029e+01 -2.17584e+01  6.61344e+01             
       H -6.40983e+01 -2.10879e+01  6.57347e+01             
       H -6.43149e+01 -2.25505e+01  6.58076e+01             
       O -7.94289e+01 -1.98014e+01  5.07792e+01             
       H -7.87285e+01 -2.04049e+01  5.10262e+01             
       H -7.90711e+01 -1.89233e+01  5.10960e+01             
       O -5.60010e+01 -1.55728e+00  6.49844e+01             
       H -5.54190e+01 -8.12898e-01  6.51104e+01             
       H -5.59075e+01 -1.97972e+00  6.40979e+01             
       O -6.07985e+01 -1.20332e+01  4.27801e+01             
       H -6.02621e+01 -1.28103e+01  4.30167e+01             
       H -6.06521e+01 -1.18525e+01  2.93957e+01             
       O -5.78102e+01 -1.52405e+01  2.92031e+01             
       H -5.75481e+01 -1.61069e+01  2.94117e+01             
       H -6.95980e+01 -1.47358e+01  2.86783e+01             
       O -5.17113e+01 -1.63139e+01  2.53072e+01             
       H -5.14133e+01 -1.66007e+01  2.44403e+01             
       H -5.09694e+01 -1.60712e+01  2.59056e+01             
       O -5.64623e+01 -2.32107e+01  3.67927e+01             
       H -5.56089e+01 -2.31650e+01  3.63674e+01             
       H -5.65336e+01 -2.24653e+01  4.98640e+01             
       O -5.80585e+01 -1.26290e+01  3.87848e+01             
       H -6.36010e+01 -9.51860e+00  4.44658e+01             
       H -5.73618e+01 -1.30955e+01  3.93057e+01             
       O -6.01568e+01 -2.36840e+01  5.25573e+01             
       H -5.94288e+01 -2.42365e+01  5.22374e+01             
       H -5.97816e+01 -2.28379e+01  5.28082e+01             
       O -4.98228e+01 -1.55608e+01  3.95405e+01             
       H -4.95157e+01 -1.56272e+01  4.04688e+01             
       H -4.90130e+01 -1.52532e+01  3.90892e+01             
       O -5.43416e+01 -2.91159e+01  4.85531e+01             
       H -5.35236e+01 -2.86073e+01  4.84244e+01             
       H -5.47559e+01 -2.91505e+01  4.76713e+01             
       O -6.07869e+01 -2.80622e+00  6.02441e+01             
       H -6.00705e+01 -2.38822e+00  5.97619e+01             
       H -6.06472e+01 -2.68987e+00  6.11928e+01             
       O -5.44648e+01  8.91182e+00  7.04005e+01             
       H -5.41289e+01  8.06089e+00  7.00834e+01             
       H -5.37673e+01  9.52161e+00  7.03608e+01             
       O -5.94814e+01 -2.66958e+01  5.59079e+01             
       H -6.79348e+01 -1.98591e+01  4.24340e+01             
       H -5.87546e+01 -2.70105e+01  5.53317e+01             
       O -6.13339e+01 -1.59226e+01  5.45286e+01             
       H -5.76991e+01 -1.21765e+01  3.79886e+01             
       H -6.07502e+01 -1.52496e+01  5.49999e+01             
       O -5.30274e+01 -1.35217e+01  4.23264e+01             
       H -6.69306e+01 -6.96719e+00  4.63390e+01             
       H -5.29371e+01 -1.32464e+01  4.14280e+01             
       O -5.59769e+01 -2.84074e+01  5.06298e+01             
       H -6.77304e+01 -2.88334e+01  6.36184e+01             
       H -5.05867e+01 -7.04906e+00  6.15552e+01             
       O -8.96951e+01 -1.40236e+01  5.80752e+01             
       H -8.91612e+01 -1.36943e+01  5.73513e+01             
       H -8.91037e+01 -1.43244e+01  5.87624e+01             
       O -5.72704e+01 -3.15735e+01  4.85419e+01             
       H -5.64027e+01 -3.15647e+01  4.89798e+01             
       H -5.88257e+01 -1.31000e+01  5.88523e+01             
       O -6.44715e+01 -9.64996e+00  4.40947e+01             
       H -6.44628e+01 -9.54041e+00  4.31622e+01             
       H -7.68392e+01 -1.90448e+01  2.90081e+01             
       O -7.50026e+01 -2.03525e+01  4.64002e+01             
       H -7.42444e+01 -1.96530e+01  4.64624e+01             
       H -7.46183e+01 -2.10828e+01  4.69532e+01             
       O -5.73394e+01 -2.25110e+01  4.28767e+01             
       H -5.65146e+01 -2.20147e+01  4.28999e+01             
       H -5.70319e+01 -2.34226e+01  4.29532e+01             
       O -4.35043e+01 -2.64423e+01  4.83039e+01             
       H -4.25770e+01 -1.40214e+01  4.84455e+01             
       H -4.36345e+01 -2.57074e+01  4.76562e+01             
       O -5.88039e+01 -8.30586e+00  5.33339e+01             
       H -4.60382e+01 -9.04709e+00  5.38585e+01             
       H -5.79895e+01 -8.10857e+00  5.28441e+01             
       O -5.49322e+01  2.19411e+00  5.28714e+01             
       H -6.03929e+01 -3.05395e+01  4.77726e+01             
       H -6.57788e+01  1.60324e+00  4.76522e+01             
       O -6.98610e+01 -1.63064e+01  4.81876e+01             
       H -6.94115e+01 -1.54273e+01  4.81689e+01             
       H -7.07463e+01 -1.61185e+01  4.85351e+01             
       O -6.55256e+01 -7.40257e+00  3.47463e+01             
       H -6.45973e+01 -1.99752e+01  3.45216e+01             
       H -6.54434e+01 -6.72732e+00  3.53999e+01             
       O -7.21755e+01 -1.83725e+01  5.46582e+01             
       H -7.15163e+01 -1.81497e+01  5.52766e+01             
       H -7.18868e+01 -1.90975e+01  5.41160e+01             
       O -6.35938e+01 -1.76295e+01  5.75653e+01             
       H -6.35264e+01 -1.72116e+01  5.66481e+01             
       H -6.31025e+01 -1.84659e+01  5.75208e+01             
       O -7.43597e+01 -1.98499e+01  4.31031e+01             
       H -7.36442e+01 -1.91848e+01  5.54442e+01             
       H -6.79593e+01 -4.08249e+01  3.73370e+01             
       O -5.23903e+01 -2.19054e+01  6.23758e+01             
       H -5.23471e+01 -2.09838e+01  6.20303e+01             
       H -5.15277e+01 -2.20065e+01  6.28468e+01             
       O -5.92929e+01 -2.04371e+01  4.98885e+01             
       H -5.89171e+01 -2.09666e+01  5.05898e+01             
       H -5.84736e+01 -2.01019e+01  4.94892e+01             
       O -8.34983e+01 -2.14711e+01  5.76800e+01             
       H -8.32613e+01 -2.05487e+01  5.77295e+01             
       H -8.29665e+01 -2.18247e+01  5.70101e+01             
       O -5.68499e+01 -2.12208e+01  5.16247e+01             
       H -5.61153e+01 -2.06270e+01  5.14059e+01             
       H -5.64101e+01 -2.19699e+01  5.20352e+01             
       O -7.42654e+01 -1.15271e+01  2.19895e+01             
       H -7.37641e+01 -1.10623e+01  2.13182e+01             
       H -7.35949e+01 -1.20134e+01  2.24150e+01             
       O -6.50475e+01 -1.83948e+01  2.92109e+01             
       H -4.20711e+01 -1.08138e+01  3.98806e+01             
       H -6.45356e+01 -1.76592e+01  2.96139e+01             
       O -6.82421e+01 -1.26065e+01  5.57500e+01             
       H -6.78408e+01 -1.25751e+01  5.66361e+01             
       H -6.75282e+01 -1.26345e+01  5.51133e+01             
       O -6.93768e+01 -1.49287e+01  6.94624e+01             
       H -6.91665e+01 -1.41616e+01  6.89875e+01             
       H -6.85216e+01 -1.51529e+01  6.99799e+01             
192                                                         
# CELL(abcABC):   12.41850    12.41850    12.41850    90.00000    90.00000    90.00000  Step:      200000  Bead:       0 x_centroid{angstrom}  cell{angstrom}   
       O -8.43667e+01 -1.48443e+01  6.56836e+01             
       H -8.37379e+01 -1.53676e+01  6.51602e+01             
       H -8.39184e+01 -1.40745e+01  6.60395e+01             
       O -7.77893e+01 -1.18183e+01  7.04420e+01             
       H -7.45580e+01 -1.46753e+01  5.85062e+01             
       H -7.70598e+01 -1.18674e+01  7.10388e+01             
       O -8.09432e+01 -2.74787e+01  5.06349e+01             
       H -8.02269e+01 -1.56880e+01  5.04363e+01             
       H -8.05097e+01 -2.65759e+01  5.07149e+01             
       O -7.58808e+01 -2.80218e+01  5.58495e+01             
       H -7.55769e+01 -2.79614e+01  5.68048e+01             
       H -7.50920e+01 -2.83968e+01  5.53871e+01             
       O -6.36340e+01 -2.45541e+01  5.99471e+01             
       H -6.27243e+01 -2.41642e+01  5.98530e+01             
       H -6.35619e+01 -2.55500e+01  6.00375e+01             
       O -6.32914e+01 -1.92357e+01  7.20809e+01             
       H -6.25238e+01 -1.87250e+01  7.18642e+01             
       H -6.30698e+01 -1.98505e+01  7.28240e+01             
       O -8.02997e+01 -2.28313e+01  4.90542e+01             
       H -7.93687e+01 -2.30900e+01  4.91165e+01             
       H -6.85766e+01  7.29434e-01  6.02485e+01             
       O -6.23203e+01 -2.09223e+01  7.40093e+01             
       H -6.18001e+01 -2.05621e+01  7.47482e+01             
       H -6.18852e+01 -3.41416e+01  7.35715e+01             
       O -9.05197e+01 -1.47774e+01  5.29730e+01             
       H -8.98419e+01 -1.52289e+01  5.24413e+01             
       H -9.00063e+01 -1.40672e+01  5.35148e+01             
       O -7.96811e+01 -2.85393e+01  5.45545e+01             
       H -7.90247e+01 -2.83367e+01  5.38150e+01             
       H -7.92645e+01 -2.91112e+01  5.52389e+01             
       O -8.52896e+01 -1.07502e+01  6.67853e+01             
       H -8.48493e+01 -9.95851e+00  6.63380e+01             
       H -8.45931e+01 -1.14027e+01  6.67705e+01             
       O -7.79462e+01 -1.14989e+01  6.16628e+01             
       H -7.73441e+01 -1.09979e+01  6.22695e+01             
       H -6.63135e+01 -1.76074e+01  4.94494e+01             
       O -7.35549e+01 -3.86331e+01  5.13953e+01             
       H -7.30517e+01 -3.90454e+01  5.21172e+01             
       H -7.22053e+01 -2.97052e+01  6.15319e+01             
       O -8.30029e+01 -1.58788e+01  5.64508e+01             
       H -8.22984e+01 -1.54938e+01  5.70585e+01             
       H -8.25665e+01 -1.63240e+01  5.56865e+01             
       O -6.43323e+01 -2.89034e+01  6.38041e+01             
       H -6.36205e+01 -2.84447e+01  6.32575e+01             
       H -6.38357e+01 -2.92874e+01  6.45649e+01             
       O -7.60187e+01 -1.26458e+01  6.85179e+01             
       H -7.52405e+01 -1.21331e+01  6.87312e+01             
       H -7.58191e+01 -1.36052e+01  6.82543e+01             
       O -8.15632e+01 -1.79015e+01  5.33866e+01             
       H -8.10427e+01 -3.09898e+01  5.28527e+01             
       H -8.08566e+01 -1.73532e+01  5.38730e+01             
       O -7.90510e+01 -2.61716e+01  4.67043e+01             
       H -7.85244e+01 -2.55432e+01  4.63467e+01             
       H -7.86011e+01 -2.66744e+01  4.73516e+01             
       O -8.59820e+01 -1.34480e+01  5.82047e+01             
       H -8.55378e+01 -1.35392e+01  5.73472e+01             
       H -8.52447e+01 -1.32617e+01  5.88514e+01             
       O -8.22432e+01  1.25526e+00  5.09897e+01             
       H -6.09745e+01 -2.31015e+01  5.63395e+01             
       H -8.15898e+01  1.14652e+00  5.02761e+01             
       O -7.18366e+01 -2.08762e+01  6.54780e+01             
       H -7.28528e+01 -2.34957e+01  6.07774e+01             
       H -8.39895e+01 -2.03410e+01  6.62567e+01             
       O -7.33205e+01 -3.25767e+01  5.68508e+01             
       H -7.27694e+01 -3.30524e+01  5.74704e+01             
       H -7.28123e+01 -3.24847e+01  5.60080e+01             
       O -8.23590e+01 -2.09002e+01  6.33856e+01             
       H -8.22195e+01 -2.18291e+01  6.33564e+01             
       H -8.14536e+01 -2.05998e+01  6.35486e+01             
       O -6.53916e+01 -4.25966e+01  6.01061e+01             
       H -6.49954e+01 -4.17440e+01  6.03538e+01             
       H -6.46718e+01 -4.32316e+01  7.23554e+01             
       O -7.49308e+01 -1.16140e+01  5.26105e+01             
       H -7.43254e+01 -1.12240e+01  5.33115e+01             
       H -7.44439e+01 -1.23533e+01  5.22222e+01             
       O -7.06023e+01 -2.87859e+01  6.40380e+01             
       H -6.97929e+01 -2.83205e+01  6.36376e+01             
       H -7.01876e+01 -2.94785e+01  6.46665e+01             
       O -7.67014e+01 -2.75646e+01  7.28600e+01             
       H -7.59627e+01 -2.76383e+01  7.35375e+01             
       H -7.63448e+01 -2.76263e+01  7.19638e+01             
       O -9.36643e+01 -2.23683e+01  5.58864e+01             
       H -9.29160e+01 -2.19521e+01  5.64697e+01             
       H -9.30953e+01 -2.28475e+01  5.51814e+01             
       O -6.72345e+01 -5.27364e+00  7.03885e+01             
       H -6.65962e+01 -5.45239e+00  6.95722e+01             
       H -6.67243e+01 -5.33012e+00  7.12180e+01             
       O -7.48351e+01 -1.54205e+01  4.99176e+01             
       H -7.41646e+01 -1.61245e+01  4.98325e+01             
       H -7.42803e+01 -1.47124e+01  3.79563e+01             
       O -7.13434e+01 -1.77405e+01  3.52428e+01             
       H -7.06602e+01 -1.70949e+01  3.52037e+01             
       H -8.33290e+01 -1.86671e+01  3.53324e+01             
       O -6.36331e+01 -2.08564e+01  3.26491e+01             
       H -6.31239e+01 -2.03509e+01  3.32852e+01             
       H -6.29735e+01 -2.15973e+01  3.25510e+01             
       O -6.82401e+01 -2.57742e+01  4.30107e+01             
       H -6.79564e+01 -2.67309e+01  4.29545e+01             
       H -6.74246e+01 -2.53297e+01  5.52182e+01             
       O -6.83744e+01 -1.53262e+01  4.56247e+01             
       H -7.88523e+01 -1.31385e+01  5.17859e+01             
       H -6.78267e+01 -1.62279e+01  4.55463e+01             
       O -7.16658e+01 -2.16345e+01  5.84395e+01             
       H -7.08934e+01 -2.11310e+01  5.88911e+01             
       H -7.12651e+01 -2.24570e+01  5.79510e+01             
       O -6.11676e+01 -1.78318e+01  4.63086e+01             
       H -6.02309e+01 -1.76768e+01  4.66576e+01             
       H -6.09971e+01 -1.81756e+01  4.54426e+01             
       O -6.40835e+01 -3.20014e+01  5.49635e+01             
       H -6.35180e+01 -3.23566e+01  5.56984e+01             
       H -6.34649e+01 -3.15528e+01  5.43211e+01             
       O -7.31694e+01 -4.41884e+00  6.72947e+01             
       H -7.24770e+01 -5.00917e+00  6.75313e+01             
       H -7.26510e+01 -3.66389e+00  6.69833e+01             
       O -6.56614e+01  3.85693e+00  7.76945e+01             
       H -6.50053e+01  3.31641e+00  7.71369e+01             
       H -6.51293e+01  4.36259e+00  7.83298e+01             
       O -7.26086e+01 -2.95603e+01  6.24051e+01             
       H -8.03132e+01 -2.19320e+01  4.87048e+01             
       H -7.18709e+01 -2.93273e+01  6.30400e+01             
       O -7.51337e+01 -1.54550e+01  5.83721e+01             
       H -6.76053e+01 -1.47096e+01  4.57981e+01             
       H -7.45307e+01 -1.62770e+01  5.85400e+01             
       O -6.66463e+01 -1.74191e+01  5.03365e+01             
       H -8.20928e+01 -1.17856e+01  5.16604e+01             
       H -6.58533e+01 -1.70530e+01  5.08809e+01             
       O -6.94885e+01 -3.16564e+01  5.73338e+01             
       H -8.12899e+01 -3.08959e+01  6.99011e+01             
       H -6.49775e+01 -1.19614e+01  6.95765e+01             
       O -9.86106e+01 -1.93461e+01  6.38616e+01             
       H -9.79256e+01 -1.99973e+01  6.41926e+01             
       H -9.81621e+01 -1.87908e+01  6.32260e+01             
       O -7.42093e+01 -3.56349e+01  5.68488e+01             
       H -7.39912e+01 -3.59124e+01  5.77503e+01             
       H -7.10558e+01 -2.08569e+01  6.48409e+01             
       O -7.95042e+01 -1.28866e+01  5.10400e+01             
       H -7.89050e+01 -1.26610e+01  5.02431e+01             
       H -9.15749e+01 -2.05629e+01  3.44262e+01             
       O -8.97220e+01 -2.47171e+01  5.38200e+01             
       H -8.89135e+01 -2.45478e+01  5.32372e+01             
       H -8.92449e+01 -2.45833e+01  5.47066e+01             
       O -7.12005e+01 -2.57863e+01  4.74551e+01             
       H -7.03907e+01 -2.51298e+01  4.73122e+01             
       H -7.06083e+01 -2.66559e+01  4.75902e+01             
       O -5.30994e+01 -3.00607e+01  5.60180e+01             
       H -5.23763e+01 -1.70305e+01  5.60379e+01             
       H -5.26233e+01 -3.07889e+01  5.55911e+01             
       O -7.20461e+01 -1.34470e+01  5.60111e+01             
       H -5.90251e+01 -1.28239e+01  5.65179e+01             
       H -7.15286e+01 -1.43319e+01  5.60209e+01             
       O -6.88775e+01  2.39465e-01  5.94412e+01             
       H -7.28763e+01 -3.80507e+01  5.09161e+01             
       H -7.73664e+01  6.98930e-01  6.08732e+01             
       O -8.36695e+01 -1.85762e+01  5.50758e+01             
       H -8.31765e+01 -1.86505e+01  5.58897e+01             
       H -8.29197e+01 -1.83792e+01  5.45084e+01             
       O -7.94938e+01 -1.07886e+01  4.15124e+01             
       H -7.87884e+01 -2.39371e+01  4.13338e+01             
       H -7.90157e+01 -9.95318e+00  4.13207e+01             
       O -8.25022e+01 -2.00239e+01  6.05834e+01             
       H -8.26773e+01 -2.03280e+01  6.15402e+01             
       H -8.15170e+01 -2.00881e+01  6.03771e+01             
       O -7.64303e+01 -2.24377e+01  6.34754e+01             
       H -7.60017e+01 -2.17976e+01  6.29062e+01             
       H -7.56843e+01 -2.28973e+01  6.40054e+01             
       O -8.58690e+01 -2.29769e+01  4.77238e+01             
       H -8.52235e+01 -2.23995e+01  5.96258e+01             
       H -8.14258e+01 -4.47903e+01  4.45640e+01             
       O -6.62064e+01 -2.16488e+01  6.99355e+01             
       H -6.60230e+01 -2.25360e+01  7.01593e+01             
       H -6.53103e+01 -2.12993e+01  6.99102e+01             
       O -6.99727e+01 -2.43771e+01  5.38461e+01             
       H -6.95641e+01 -2.51381e+01  5.43232e+01             
       H -6.92716e+01 -2.38221e+01  5.34593e+01             
       O -9.68905e+01 -2.48336e+01  6.20077e+01             
       H -9.61874e+01 -2.43392e+01  6.24919e+01             
       H -9.64360e+01 -2.53629e+01  6.12622e+01             
       O -7.04963e+01 -2.38276e+01  5.72348e+01             
       H -6.99176e+01 -2.33976e+01  5.65745e+01             
       H -6.98272e+01 -2.39905e+01  5.80046e+01             
       O -8.76006e+01 -1.78837e+01  2.83105e+01             
       H -8.70636e+01 -1.85433e+01  2.77651e+01             
       H -8.68840e+01 -1.74462e+01  2.88820e+01             
       O -7.95900e+01 -2.02700e+01  3.52322e+01             
       H -5.58147e+01 -1.28846e+01  4.68088e+01             
       H -7.90856e+01 -1.94680e+01  3.53253e+01             
       O -8.20105e+01 -1.53904e+01  6.02834e+01             
       H -8.14474e+01 -1.52535e+01  6.10602e+01             
       H -8.13793e+01 -1.53722e+01  5.94762e+01             
       O -8.01284e+01 -1.94652e+01  7.66779e+01             
       H -7.96393e+01 -1.88348e+01  7.60690e+01             
       H -7.94313e+01 -2.00090e+01  7.70915e+01             
