192                                                         
# CELL(abcABC):   12.41850    12.41850    12.41850    90.00000    90.00000    90.00000  Step:           0  Bead:       0 x_centroid{angstrom}  cell{angstrom}   
       O -7.44848e+01 -8.67476e+00  6.32369e+01             
       H -7.42508e+01 -9.51050e+00  6.28161e+01             
       H -7.37328e+01 -8.07909e+00  6.32516e+01             
       O -6.65962e+01 -7.12562e+00  6.34142e+01             
       H -6.31820e+01 -1.76892e+01  5.67679e+01             
       H -6.59201e+01 -7.38225e+00  6.40127e+01             
       O -6.78185e+01 -2.72198e+01  4.67268e+01             
       H -6.73052e+01 -1.54874e+01  4.71683e+01             
       H -6.72615e+01 -2.65731e+01  4.62582e+01             
       O -6.50254e+01 -2.44351e+01  5.24083e+01             
       H -6.46813e+01 -2.35290e+01  5.24343e+01             
       H -6.42613e+01 -2.50499e+01  5.24164e+01             
       O -5.33253e+01 -2.14913e+01  5.43035e+01             
       H -5.29426e+01 -2.12639e+01  5.51887e+01             
       H -5.25233e+01 -2.16512e+01  5.37755e+01             
       O -5.64159e+01 -1.68376e+01  6.47742e+01             
       H -5.58696e+01 -1.62550e+01  6.42821e+01             
       H -5.57988e+01 -1.71679e+01  6.54364e+01             
       O -6.83281e+01 -2.02507e+01  4.17888e+01             
       H -6.79203e+01 -1.93375e+01  4.17632e+01             
       H -5.67440e+01  7.17766e-01  5.30183e+01             
       O -5.34093e+01 -1.61874e+01  6.83630e+01             
       H -5.31261e+01 -1.53024e+01  6.80613e+01             
       H -5.25874e+01 -2.89199e+01  6.87665e+01             
       O -7.53882e+01 -1.01425e+01  4.57973e+01             
       H -7.44452e+01 -1.00255e+01  4.59691e+01             
       H -7.56013e+01 -1.10576e+01  4.55728e+01             
       O -6.70912e+01 -2.75531e+01  5.12378e+01             
       H -6.61773e+01 -2.79656e+01  5.12478e+01             
       H -6.69195e+01 -2.67283e+01  5.06922e+01             
       O -7.20593e+01 -7.06178e+00  5.97827e+01             
       H -7.18366e+01 -7.55107e+00  6.06382e+01             
       H -7.12287e+01 -6.63990e+00  5.95139e+01             
       O -6.91125e+01 -1.20542e+01  4.87934e+01             
       H -6.89522e+01 -1.17621e+01  4.78722e+01             
       H -5.61818e+01 -1.56114e+01  4.43186e+01             
       O -6.27533e+01 -3.20290e+01  4.70115e+01             
       H -6.28481e+01 -3.12840e+01  4.63926e+01             
       H -6.12969e+01 -2.80303e+01  5.85016e+01             
       O -7.51568e+01 -1.36695e+01  5.28104e+01             
       H -7.41821e+01 -1.34926e+01  5.28797e+01             
       H -7.51623e+01 -1.45823e+01  5.24487e+01             
       O -5.37181e+01 -2.53725e+01  5.77320e+01             
       H -5.28114e+01 -2.54668e+01  5.80146e+01             
       H -5.37161e+01 -2.54560e+01  5.67833e+01             
       O -6.66598e+01 -1.28339e+01  6.23702e+01             
       H -6.61050e+01 -1.25899e+01  6.31517e+01             
       H -6.59809e+01 -1.27604e+01  6.16061e+01             
       O -6.82547e+01 -1.09565e+01  4.61487e+01             
       H -6.76178e+01 -2.40510e+01  4.59776e+01             
       H -6.77517e+01 -1.00937e+01  4.59723e+01             
       O -6.81563e+01 -2.59544e+01  4.09750e+01             
       H -6.75349e+01 -2.54415e+01  4.15359e+01             
       H -6.76543e+01 -2.64170e+01  4.03132e+01             
       O -7.58161e+01 -9.74303e+00  5.32269e+01             
       H -7.52945e+01 -1.01648e+01  5.39472e+01             
       H -7.52690e+01 -9.24554e+00  5.26352e+01             
       O -7.01802e+01  5.09337e+00  4.39939e+01             
       H -4.61077e+01 -1.55578e+01  4.88723e+01             
       H -6.94806e+01  4.84104e+00  4.34285e+01             
       O -6.00417e+01 -1.31302e+01  5.89019e+01             
       H -6.38200e+01 -2.15014e+01  5.71268e+01             
       H -7.16640e+01 -1.34498e+01  5.93706e+01             
       O -6.48189e+01 -3.05107e+01  5.26924e+01             
       H -6.43961e+01 -2.98943e+01  5.20493e+01             
       H -6.40977e+01 -3.07382e+01  5.32999e+01             
       O -7.30404e+01 -2.00017e+01  5.70365e+01             
       H -7.27648e+01 -2.08648e+01  5.66196e+01             
       H -7.21708e+01 -1.95526e+01  5.71528e+01             
       O -6.10300e+01 -4.17678e+01  4.77475e+01             
       H -6.03112e+01 -4.15319e+01  4.83569e+01             
       H -6.08548e+01 -4.27159e+01  5.99413e+01             
       O -6.34377e+01 -3.48857e+00  4.85395e+01             
       H -6.33853e+01 -2.50780e+00  4.85402e+01             
       H -6.26442e+01 -3.74399e+00  4.79732e+01             
       O -6.12063e+01 -2.33347e+01  6.20360e+01             
       H -6.02732e+01 -2.34690e+01  6.22611e+01             
       H -6.11224e+01 -2.29041e+01  6.11503e+01             
       O -6.64315e+01 -2.39433e+01  6.74307e+01             
       H -6.62261e+01 -2.29590e+01  6.72548e+01             
       H -6.56871e+01 -2.45406e+01  6.72211e+01             
       O -8.20118e+01 -1.83203e+01  5.01264e+01             
       H -8.11633e+01 -1.86971e+01  4.98148e+01             
       H -8.18063e+01 -1.78830e+01  5.09524e+01             
       O -5.84333e+01 -1.16256e+00  6.58041e+01             
       H -5.74640e+01 -1.23917e+00  6.57254e+01             
       H -5.88362e+01 -2.03886e+00  6.55904e+01             
       O -6.29644e+01 -1.27479e+01  4.46478e+01             
       H -6.24732e+01 -1.35076e+01  4.49611e+01             
       H -6.25119e+01 -1.23176e+01  3.14958e+01             
       O -6.12045e+01 -1.77469e+01  2.81711e+01             
       H -6.07114e+01 -1.83120e+01  2.75875e+01             
       H -7.28538e+01 -1.70319e+01  2.83187e+01             
       O -5.04914e+01 -1.60120e+01  2.66630e+01             
       H -5.04403e+01 -1.59981e+01  2.56762e+01             
       H -4.97663e+01 -1.66359e+01  2.69215e+01             
       O -5.86421e+01 -2.35936e+01  3.79103e+01             
       H -5.79311e+01 -2.38722e+01  3.72665e+01             
       H -5.82372e+01 -2.36162e+01  5.12459e+01             
       O -6.04360e+01 -1.20113e+01  4.03029e+01             
       H -6.46015e+01 -9.23648e+00  4.86442e+01             
       H -5.95808e+01 -1.23474e+01  4.06884e+01             
       O -6.19248e+01 -2.37687e+01  5.49130e+01             
       H -6.14633e+01 -2.39114e+01  5.40889e+01             
       H -6.11682e+01 -2.33670e+01  5.53914e+01             
       O -5.22025e+01 -1.38272e+01  4.24164e+01             
       H -5.17315e+01 -1.35560e+01  4.31943e+01             
       H -5.14595e+01 -1.39684e+01  4.17510e+01             
       O -5.49518e+01 -3.15211e+01  4.81856e+01             
       H -5.43690e+01 -3.07473e+01  4.81250e+01             
       H -5.46275e+01 -3.21190e+01  4.75085e+01             
       O -6.23502e+01 -7.92903e-01  6.06282e+01             
       H -6.17857e+01 -1.10377e+00  5.99129e+01             
       H -6.18106e+01 -3.93769e-01  6.12829e+01             
       O -5.85512e+01  7.40289e+00  6.75657e+01             
       H -5.82291e+01  6.62755e+00  6.80269e+01             
       H -5.77813e+01  7.98303e+00  6.76747e+01             
       O -6.17505e+01 -2.77225e+01  5.77276e+01             
       H -6.75456e+01 -2.08793e+01  4.16277e+01             
       H -6.12255e+01 -2.80137e+01  5.69270e+01             
       O -6.37344e+01 -1.70860e+01  5.72573e+01             
       H -6.03920e+01 -1.17400e+01  3.93989e+01             
       H -6.32053e+01 -1.63641e+01  5.75183e+01             
       O -5.67644e+01 -1.53496e+01  4.35943e+01             
       H -6.96184e+01 -7.10266e+00  4.47578e+01             
       H -5.61460e+01 -1.49652e+01  4.29626e+01             
       O -5.91441e+01 -2.84481e+01  5.21627e+01             
       H -7.07024e+01 -2.89098e+01  6.47833e+01             
       H -5.37140e+01 -7.23537e+00  6.25887e+01             
       O -9.04502e+01 -1.71486e+01  5.99795e+01             
       H -9.00777e+01 -1.72414e+01  5.91227e+01             
       H -8.97493e+01 -1.67217e+01  6.04882e+01             
       O -5.89078e+01 -2.87516e+01  4.93467e+01             
       H -5.82948e+01 -2.94645e+01  4.93077e+01             
       H -5.97892e+01 -1.32861e+01  5.79436e+01             
       O -6.49117e+01 -9.93873e+00  4.79807e+01             
       H -6.40499e+01 -1.00525e+01  4.74970e+01             
       H -7.86808e+01 -1.79282e+01  2.86805e+01             
       O -7.65165e+01 -2.02377e+01  4.94024e+01             
       H -7.59566e+01 -1.98851e+01  4.87088e+01             
       H -7.58121e+01 -2.03803e+01  5.01543e+01             
       O -5.79224e+01 -2.36297e+01  4.45882e+01             
       H -5.70980e+01 -2.33987e+01  4.50150e+01             
       H -5.78418e+01 -2.45141e+01  4.43216e+01             
       O -4.54861e+01 -2.65652e+01  4.78351e+01             
       H -4.51536e+01 -1.33635e+01  4.83093e+01             
       H -4.46608e+01 -2.69124e+01  4.74261e+01             
       O -5.98741e+01 -9.84634e+00  5.58205e+01             
       H -4.67838e+01 -1.03626e+01  5.63605e+01             
       H -5.94156e+01 -9.25888e+00  5.51875e+01             
       O -5.72869e+01  1.41255e+00  5.26477e+01             
       H -6.18264e+01 -3.22303e+01  4.70816e+01             
       H -6.81921e+01  2.64842e-01  4.92215e+01             
       O -6.93330e+01 -1.84533e+01  4.63173e+01             
       H -6.86943e+01 -1.86427e+01  4.70326e+01             
       H -6.94615e+01 -1.75065e+01  4.64630e+01             
       O -7.08542e+01 -8.53410e+00  3.67543e+01             
       H -7.10135e+01 -2.18432e+01  3.72154e+01             
       H -7.00149e+01 -8.18164e+00  3.70073e+01             
       O -7.48569e+01 -1.86486e+01  5.53081e+01             
       H -7.41973e+01 -1.91556e+01  5.57856e+01             
       H -7.43638e+01 -1.82743e+01  5.45769e+01             
       O -6.66752e+01 -2.13402e+01  5.86902e+01             
       H -6.59594e+01 -2.11681e+01  5.80742e+01             
       H -6.61916e+01 -2.16212e+01  5.94989e+01             
       O -7.68190e+01 -2.08500e+01  4.42791e+01             
       H -7.62243e+01 -2.03206e+01  5.62149e+01             
       H -7.16643e+01 -4.09215e+01  3.87310e+01             
       O -5.52839e+01 -2.20436e+01  6.36326e+01             
       H -5.48515e+01 -2.11195e+01  6.37207e+01             
       H -5.47588e+01 -2.25849e+01  6.30357e+01             
       O -5.98016e+01 -1.96953e+01  5.15474e+01             
       H -5.93926e+01 -2.02295e+01  5.22729e+01             
       H -5.90505e+01 -1.94762e+01  5.09411e+01             
       O -8.51834e+01 -2.26389e+01  5.92495e+01             
       H -8.46064e+01 -2.19340e+01  5.90729e+01             
       H -8.48626e+01 -2.35281e+01  5.90792e+01             
       O -5.84145e+01 -2.10678e+01  5.35147e+01             
       H -5.75374e+01 -2.08659e+01  5.38189e+01             
       H -5.82520e+01 -2.19930e+01  5.33173e+01             
       O -7.74295e+01 -1.26971e+01  2.31935e+01             
       H -7.74529e+01 -1.17257e+01  2.32182e+01             
       H -7.65166e+01 -1.30753e+01  2.33880e+01             
       O -6.70723e+01 -1.78503e+01  2.91953e+01             
       H -4.41894e+01 -1.04041e+01  3.98377e+01             
       H -6.67888e+01 -1.73959e+01  2.99774e+01             
       O -7.15075e+01 -1.39199e+01  5.60348e+01             
       H -7.12578e+01 -1.35568e+01  5.51437e+01             
       H -7.06856e+01 -1.44265e+01  5.61846e+01             
       O -7.33384e+01 -1.58350e+01  6.77299e+01             
       H -7.27371e+01 -1.50490e+01  6.75620e+01             
       H -7.26275e+01 -1.65341e+01  6.77785e+01             
192                                                         
# CELL(abcABC):   12.41850    12.41850    12.41850    90.00000    90.00000    90.00000  Step:      200000  Bead:       0 x_centroid{angstrom}  cell{angstrom}   
       O -8.77170e+01 -1.25466e+01  7.04635e+01             
       H -8.73245e+01 -1.34344e+01  7.03456e+01             
       H -8.70147e+01 -1.20759e+01  7.09368e+01             
       O -7.84511e+01 -9.43621e+00  7.14933e+01             
       H -7.70381e+01 -2.18194e+01  6.34515e+01             
       H -7.82055e+01 -1.03691e+01  7.15323e+01             
       O -7.88409e+01 -3.06890e+01  5.35377e+01             
       H -7.82209e+01 -1.84728e+01  5.42946e+01             
       H -7.82064e+01 -3.01119e+01  5.29722e+01             
       O -8.08018e+01 -2.48856e+01  5.65882e+01             
       H -8.03723e+01 -2.40660e+01  5.68842e+01             
       H -8.00234e+01 -2.54618e+01  5.63972e+01             
       O -6.69986e+01 -2.48273e+01  6.28833e+01             
       H -6.67581e+01 -2.43477e+01  6.37706e+01             
       H -6.60908e+01 -2.49932e+01  6.24725e+01             
       O -6.98281e+01 -2.15499e+01  7.04388e+01             
       H -6.89346e+01 -2.18268e+01  7.00995e+01             
       H -6.99024e+01 -2.15869e+01  7.13951e+01             
       O -8.16640e+01 -2.33126e+01  4.93986e+01             
       H -8.13643e+01 -2.26072e+01  4.87208e+01             
       H -6.86245e+01 -1.34313e+00  5.93989e+01             
       O -6.71824e+01 -1.97778e+01  7.45796e+01             
       H -6.66825e+01 -1.91392e+01  7.39635e+01             
       H -6.66290e+01 -3.25413e+01  7.53120e+01             
       O -9.00880e+01 -1.62049e+01  5.20660e+01             
       H -8.94176e+01 -1.56224e+01  5.24232e+01             
       H -8.96587e+01 -1.64440e+01  5.12282e+01             
       O -7.86802e+01 -2.91677e+01  5.86632e+01             
       H -7.78791e+01 -2.89266e+01  5.80843e+01             
       H -7.84331e+01 -2.97753e+01  5.94093e+01             
       O -8.38222e+01 -1.31280e+01  6.59967e+01             
       H -8.31044e+01 -1.38005e+01  6.57645e+01             
       H -8.34349e+01 -1.22107e+01  6.60421e+01             
       O -8.21381e+01 -1.50624e+01  5.28363e+01             
       H -8.14582e+01 -1.48529e+01  5.21189e+01             
       H -6.81027e+01 -1.89090e+01  5.10849e+01             
       O -7.39623e+01 -3.50643e+01  5.17925e+01             
       H -7.30200e+01 -3.47180e+01  5.16097e+01             
       H -7.40293e+01 -3.09478e+01  6.36377e+01             
       O -8.91709e+01 -1.61393e+01  5.68693e+01             
       H -8.82718e+01 -1.56638e+01  5.69919e+01             
       H -8.89925e+01 -1.69325e+01  5.63204e+01             
       O -6.78085e+01 -2.71520e+01  6.34263e+01             
       H -6.76991e+01 -2.61663e+01  6.31241e+01             
       H -6.69588e+01 -2.73027e+01  6.39289e+01             
       O -8.04810e+01 -1.59588e+01  6.72825e+01             
       H -7.98434e+01 -1.52826e+01  6.76520e+01             
       H -7.98201e+01 -1.66441e+01  6.70042e+01             
       O -8.11146e+01 -1.10743e+01  5.41757e+01             
       H -8.02802e+01 -2.33849e+01  5.36260e+01             
       H -8.09294e+01 -1.16444e+01  5.49401e+01             
       O -8.08827e+01 -2.89926e+01  4.88943e+01             
       H -8.05573e+01 -2.83160e+01  4.94825e+01             
       H -8.05256e+01 -2.87104e+01  4.80899e+01             
       O -9.02317e+01 -1.21224e+01  5.93542e+01             
       H -8.98942e+01 -1.22218e+01  6.02832e+01             
       H -8.94102e+01 -1.21971e+01  5.89118e+01             
       O -8.21387e+01  3.82611e+00  5.31765e+01             
       H -5.59985e+01 -1.71901e+01  5.61375e+01             
       H -8.16847e+01  2.97124e+00  5.35470e+01             
       O -7.30905e+01 -1.83457e+01  6.53324e+01             
       H -7.81685e+01 -2.41077e+01  6.55452e+01             
       H -8.50260e+01 -1.88332e+01  6.60889e+01             
       O -7.67831e+01 -3.76635e+01  6.16702e+01             
       H -7.61575e+01 -3.68975e+01  6.18571e+01             
       H -7.61851e+01 -3.84253e+01  6.16428e+01             
       O -8.60585e+01 -2.55404e+01  6.42675e+01             
       H -8.56704e+01 -2.58456e+01  6.34407e+01             
       H -8.52881e+01 -2.56005e+01  6.48620e+01             
       O -7.16923e+01 -4.49811e+01  5.46325e+01             
       H -7.11872e+01 -4.46289e+01  5.54211e+01             
       H -7.09504e+01 -4.53362e+01  6.64926e+01             
       O -7.33194e+01 -5.97980e+00  5.72022e+01             
       H -7.32963e+01 -5.69231e+00  5.81605e+01             
       H -7.23439e+01 -6.13977e+00  5.70060e+01             
       O -7.23439e+01 -2.68341e+01  6.84189e+01             
       H -7.16703e+01 -2.73344e+01  6.89431e+01             
       H -7.20054e+01 -2.61725e+01  6.77585e+01             
       O -7.94763e+01 -2.67489e+01  7.20570e+01             
       H -7.87905e+01 -2.60331e+01  7.19732e+01             
       H -7.91657e+01 -2.75656e+01  7.16381e+01             
       O -9.23534e+01 -2.22824e+01  5.68797e+01             
       H -9.19046e+01 -2.21730e+01  5.59665e+01             
       H -9.17122e+01 -2.19923e+01  5.75258e+01             
       O -7.28465e+01 -4.21187e+00  7.16835e+01             
       H -7.19661e+01 -4.01497e+00  7.11942e+01             
       H -7.25797e+01 -4.16911e+00  7.25938e+01             
       O -7.63109e+01 -1.71689e+01  4.97149e+01             
       H -7.55207e+01 -1.78143e+01  4.98221e+01             
       H -7.60933e+01 -1.63040e+01  3.68116e+01             
       O -7.40866e+01 -2.15564e+01  3.53169e+01             
       H -7.35280e+01 -2.23390e+01  3.49750e+01             
       H -8.59971e+01 -2.09509e+01  3.58277e+01             
       O -6.38977e+01 -2.04065e+01  3.42686e+01             
       H -6.36884e+01 -2.01086e+01  3.33568e+01             
       H -6.30744e+01 -2.07884e+01  3.46510e+01             
       O -7.06076e+01 -2.82750e+01  4.54161e+01             
       H -6.99586e+01 -2.88613e+01  4.49479e+01             
       H -7.00508e+01 -2.76146e+01  5.82674e+01             
       O -7.42634e+01 -1.49816e+01  4.53487e+01             
       H -7.79577e+01 -1.49689e+01  5.61500e+01             
       H -7.36977e+01 -1.57421e+01  4.57506e+01             
       O -7.53140e+01 -2.72945e+01  6.09076e+01             
       H -7.51990e+01 -2.75141e+01  5.99315e+01             
       H -7.43831e+01 -2.72662e+01  6.11900e+01             
       O -6.55629e+01 -1.85879e+01  4.83111e+01             
       H -6.49377e+01 -1.80168e+01  4.87989e+01             
       H -6.49556e+01 -1.91564e+01  4.78172e+01             
       O -6.28881e+01 -3.25538e+01  5.66913e+01             
       H -6.20626e+01 -3.19896e+01  5.69161e+01             
       H -6.25235e+01 -3.32671e+01  5.61057e+01             
       O -7.43170e+01 -3.79154e+00  6.66506e+01             
       H -7.37018e+01 -4.36184e+00  6.61350e+01             
       H -7.37237e+01 -3.28319e+00  6.71971e+01             
       O -7.12504e+01  3.00407e+00  7.58463e+01             
       H -7.06654e+01  2.44227e+00  7.52729e+01             
       H -7.06519e+01  3.42284e+00  7.65249e+01             
       O -7.43175e+01 -3.09945e+01  6.27164e+01             
       H -8.08926e+01 -2.38571e+01  4.96998e+01             
       H -7.34802e+01 -3.13520e+01  6.23133e+01             
       O -7.76336e+01 -2.12256e+01  6.39774e+01             
       H -7.36152e+01 -1.45920e+01  4.47224e+01             
       H -7.71028e+01 -2.09837e+01  6.47320e+01             
       O -6.85917e+01 -1.88759e+01  5.18914e+01             
       H -8.14494e+01 -7.89934e+00  5.29468e+01             
       H -6.77876e+01 -1.86346e+01  5.24560e+01             
       O -7.06619e+01 -3.15872e+01  5.69009e+01             
       H -8.29314e+01 -3.24288e+01  6.98382e+01             
       H -6.51440e+01 -8.96652e+00  7.14150e+01             
       O -1.00322e+02 -2.07606e+01  6.57702e+01             
       H -9.98441e+01 -1.99498e+01  6.55768e+01             
       H -9.97108e+01 -2.13352e+01  6.52913e+01             
       O -6.84965e+01 -2.99654e+01  5.70157e+01             
       H -6.76344e+01 -3.00393e+01  5.74648e+01             
       H -7.23233e+01 -1.79634e+01  6.48402e+01             
       O -7.85478e+01 -1.41831e+01  5.59228e+01             
       H -7.80114e+01 -1.36062e+01  5.52942e+01             
       H -9.24133e+01 -2.14470e+01  3.50719e+01             
       O -8.83825e+01 -2.33311e+01  5.55471e+01             
       H -8.82896e+01 -2.38982e+01  5.63074e+01             
       H -8.75126e+01 -2.30555e+01  5.52067e+01             
       O -7.10744e+01 -2.88470e+01  4.91913e+01             
       H -7.11224e+01 -2.90424e+01  5.01475e+01             
       H -7.00881e+01 -2.88756e+01  4.91017e+01             
       O -5.82228e+01 -2.98265e+01  5.19048e+01             
       H -5.79482e+01 -1.65751e+01  5.23107e+01             
       H -5.74039e+01 -3.04348e+01  5.20273e+01             
       O -7.27133e+01 -1.43320e+01  6.17328e+01             
       H -5.97159e+01 -1.51381e+01  6.18856e+01             
       H -7.20708e+01 -1.36073e+01  6.13628e+01             
       O -6.94874e+01 -1.09270e+00  5.89587e+01             
       H -7.38676e+01 -3.60459e+01  5.19069e+01             
       H -8.15888e+01 -3.03796e+00  5.35691e+01             
       O -7.80397e+01 -2.14348e+01  5.53170e+01             
       H -7.76051e+01 -2.06197e+01  5.49764e+01             
       H -7.72769e+01 -2.20107e+01  5.54374e+01             
       O -8.38027e+01 -1.08426e+01  4.42614e+01             
       H -8.30952e+01 -2.37293e+01  4.38030e+01             
       H -8.33577e+01 -1.00986e+01  4.47446e+01             
       O -8.80369e+01 -2.28229e+01  6.23152e+01             
       H -8.75273e+01 -2.24084e+01  6.15648e+01             
       H -8.74681e+01 -2.27889e+01  6.31422e+01             
       O -7.71706e+01 -2.50688e+01  6.62897e+01             
       H -7.65970e+01 -2.56995e+01  6.58390e+01             
       H -7.65973e+01 -2.44103e+01  6.67968e+01             
       O -9.13454e+01 -2.35998e+01  5.25844e+01             
       H -9.08395e+01 -2.27312e+01  6.47959e+01             
       H -8.23306e+01 -4.33936e+01  4.46869e+01             
       O -7.35496e+01 -2.20914e+01  6.76066e+01             
       H -7.28622e+01 -2.26725e+01  6.79094e+01             
       H -7.30115e+01 -2.12638e+01  6.73933e+01             
       O -7.30689e+01 -2.37897e+01  5.89553e+01             
       H -7.24143e+01 -2.41526e+01  5.95775e+01             
       H -7.26341e+01 -2.36894e+01  5.80681e+01             
       O -1.00598e+02 -2.69822e+01  6.50523e+01             
       H -1.00018e+02 -2.75226e+01  6.57267e+01             
       H -9.99034e+01 -2.64592e+01  6.45777e+01             
       O -7.12495e+01 -2.48222e+01  6.05497e+01             
       H -7.06188e+01 -2.43430e+01  6.11085e+01             
       H -7.05716e+01 -2.52853e+01  5.99620e+01             
       O -8.85647e+01 -1.80141e+01  3.03039e+01             
       H -8.78596e+01 -1.74306e+01  2.99786e+01             
       H -8.80879e+01 -1.86870e+01  3.07608e+01             
       O -8.07870e+01 -2.12134e+01  3.55661e+01             
       H -5.67622e+01 -1.29764e+01  4.57750e+01             
       H -8.03639e+01 -2.08141e+01  3.63199e+01             
       O -8.24568e+01 -1.90475e+01  6.05400e+01             
       H -8.19892e+01 -1.83410e+01  6.09432e+01             
       H -8.17506e+01 -1.97501e+01  6.04335e+01             
       O -8.47708e+01 -1.97384e+01  7.41472e+01             
       H -8.38959e+01 -1.93822e+01  7.37994e+01             
       H -8.43307e+01 -2.03177e+01  7.48376e+01             
