192                                                         
# CELL(abcABC):   12.41850    12.41850    12.41850    90.00000    90.00000    90.00000  Step:           0  Bead:       0 x_centroid{angstrom}  cell{angstrom}   
       O -7.10585e+01 -8.58739e+00  6.15269e+01             
       H -7.05378e+01 -8.59100e+00  6.07376e+01             
       H -7.05181e+01 -8.09159e+00  6.21801e+01             
       O -6.12771e+01 -7.91686e+00  6.09956e+01             
       H -5.92256e+01 -1.72787e+01  5.40393e+01             
       H -6.12748e+01 -7.47332e+00  6.01358e+01             
       O -6.51945e+01 -2.34271e+01  4.51072e+01             
       H -6.45575e+01 -1.16754e+01  4.46825e+01             
       H -6.49503e+01 -2.25600e+01  4.47968e+01             
       O -6.06212e+01 -2.34467e+01  5.15819e+01             
       H -6.03915e+01 -2.35719e+01  5.06910e+01             
       H -5.97801e+01 -2.36092e+01  5.20985e+01             
       O -4.89728e+01 -1.92583e+01  5.26299e+01             
       H -4.84312e+01 -1.95807e+01  5.33810e+01             
       H -4.83236e+01 -1.88182e+01  5.20113e+01             
       O -5.30433e+01 -1.65110e+01  6.27413e+01             
       H -5.22313e+01 -1.63986e+01  6.22484e+01             
       H -5.28047e+01 -1.68233e+01  6.36133e+01             
       O -6.53098e+01 -1.81609e+01  4.33703e+01             
       H -6.48384e+01 -1.76480e+01  4.27072e+01             
       H -5.23135e+01  3.42501e+00  5.19493e+01             
       O -4.97651e+01 -1.51166e+01  6.71646e+01             
       H -4.93260e+01 -1.42770e+01  6.74445e+01             
       H -4.91119e+01 -2.81900e+01  6.68331e+01             
       O -6.99281e+01 -8.74420e+00  4.23933e+01             
       H -6.90747e+01 -8.79240e+00  4.28288e+01             
       H -6.98416e+01 -9.26549e+00  4.15265e+01             
       O -6.37466e+01 -2.33205e+01  4.94071e+01             
       H -6.34320e+01 -2.25771e+01  4.99254e+01             
       H -6.32427e+01 -2.33656e+01  4.85926e+01             
       O -6.95921e+01 -6.11753e+00  5.82455e+01             
       H -6.94731e+01 -5.56750e+00  5.90202e+01             
       H -6.88624e+01 -5.73117e+00  5.76420e+01             
       O -6.39719e+01 -8.41472e+00  4.50883e+01             
       H -6.31722e+01 -8.71843e+00  4.46802e+01             
       H -5.23308e+01 -1.12178e+01  4.13699e+01             
       O -5.95754e+01 -3.05489e+01  4.44618e+01             
       H -5.87376e+01 -3.06229e+01  4.49863e+01             
       H -5.76666e+01 -2.64436e+01  5.55374e+01             
       O -6.97022e+01 -1.64427e+01  4.78449e+01             
       H -6.91749e+01 -1.68476e+01  4.85866e+01             
       H -6.96483e+01 -1.54989e+01  4.79769e+01             
       O -4.86708e+01 -2.53596e+01  5.59520e+01             
       H -4.79748e+01 -2.56093e+01  5.66123e+01             
       H -4.82169e+01 -2.46820e+01  5.54018e+01             
       O -6.27157e+01 -9.92072e+00  5.97080e+01             
       H -6.22776e+01 -9.18670e+00  6.01748e+01             
       H -6.20104e+01 -1.02548e+01  5.91466e+01             
       O -6.55981e+01 -8.37082e+00  4.25631e+01             
       H -6.48352e+01 -2.14364e+01  4.25417e+01             
       H -6.60766e+01 -8.43332e+00  4.17860e+01             
       O -6.44666e+01 -2.56442e+01  3.87046e+01             
       H -6.39326e+01 -2.49398e+01  3.84063e+01             
       H -6.38561e+01 -2.63588e+01  3.88386e+01             
       O -7.11466e+01 -1.20174e+01  4.89370e+01             
       H -7.09070e+01 -1.10912e+01  4.88483e+01             
       H -7.03060e+01 -1.25829e+01  4.89174e+01             
       O -6.48530e+01  7.01824e+00  4.59541e+01             
       H -4.25435e+01 -1.71320e+01  4.98576e+01             
       H -6.50074e+01  6.95882e+00  4.49806e+01             
       O -5.67736e+01 -1.37182e+01  5.72858e+01             
       H -5.93004e+01 -2.06379e+01  5.49918e+01             
       H -6.82990e+01 -1.41940e+01  5.70994e+01             
       O -5.95791e+01 -3.05242e+01  5.10954e+01             
       H -5.89063e+01 -3.11401e+01  5.10201e+01             
       H -5.91647e+01 -2.97280e+01  5.13610e+01             
       O -6.78902e+01 -1.74858e+01  5.64679e+01             
       H -6.70923e+01 -1.77799e+01  5.60464e+01             
       H -6.76897e+01 -1.65243e+01  5.66381e+01             
       O -5.77853e+01 -4.06568e+01  5.15600e+01             
       H -5.69285e+01 -4.05782e+01  5.11696e+01             
       H -5.75156e+01 -4.12199e+01  6.47089e+01             
       O -6.24076e+01 -2.15991e+00  4.71425e+01             
       H -6.22706e+01 -2.75672e+00  4.64123e+01             
       H -6.14979e+01 -1.74500e+00  4.72871e+01             
       O -5.54057e+01 -2.36756e+01  5.67555e+01             
       H -5.55995e+01 -2.27451e+01  5.67786e+01             
       H -5.45336e+01 -2.37329e+01  5.70896e+01             
       O -6.24786e+01 -2.16026e+01  6.45765e+01             
       H -6.21226e+01 -2.07323e+01  6.48938e+01             
       H -6.18093e+01 -2.22809e+01  6.43326e+01             
       O -7.87842e+01 -1.91806e+01  4.80831e+01             
       H -7.84647e+01 -1.86331e+01  4.73154e+01             
       H -7.80586e+01 -1.93214e+01  4.86625e+01             
       O -5.67783e+01 -1.38280e+00  6.14632e+01             
       H -5.62186e+01 -1.02170e+00  6.06767e+01             
       H -5.63921e+01 -9.40807e-01  6.22386e+01             
       O -5.96026e+01 -1.19348e+01  4.18026e+01             
       H -5.88829e+01 -1.26266e+01  4.18674e+01             
       H -5.92216e+01 -1.10853e+01  2.92611e+01             
       O -5.58070e+01 -1.23957e+01  2.93934e+01             
       H -5.49402e+01 -1.23062e+01  2.89741e+01             
       H -6.79965e+01 -1.19768e+01  3.02210e+01             
       O -5.02189e+01 -1.50880e+01  2.70605e+01             
       H -5.00267e+01 -1.48030e+01  2.79491e+01             
       H -4.93909e+01 -1.51521e+01  2.65673e+01             
       O -5.78322e+01 -2.13842e+01  3.38072e+01             
       H -5.78196e+01 -2.05673e+01  3.33113e+01             
       H -5.69213e+01 -2.15065e+01  4.66010e+01             
       O -5.50927e+01 -1.30379e+01  3.48746e+01             
       H -6.28609e+01 -1.02441e+01  4.26761e+01             
       H -5.46133e+01 -1.22350e+01  3.51742e+01             
       O -5.74504e+01 -2.30058e+01  5.27634e+01             
       H -5.70379e+01 -2.37236e+01  5.32990e+01             
       H -5.69910e+01 -2.28046e+01  5.19225e+01             
       O -4.83186e+01 -1.51356e+01  3.78235e+01             
       H -4.75017e+01 -1.46206e+01  3.78354e+01             
       H -4.81771e+01 -1.59182e+01  3.72408e+01             
       O -5.06585e+01 -2.91035e+01  4.88084e+01             
       H -5.01569e+01 -2.99061e+01  4.86477e+01             
       H -5.01645e+01 -2.83793e+01  4.84056e+01             
       O -5.90343e+01 -2.58519e+00  5.77447e+01             
       H -5.80818e+01 -2.37174e+00  5.77951e+01             
       H -5.91198e+01 -3.34332e+00  5.82583e+01             
       O -5.00264e+01  5.90594e+00  7.09182e+01             
       H -4.94876e+01  6.64368e+00  7.06610e+01             
       H -5.01290e+01  5.41543e+00  7.01061e+01             
       O -5.78965e+01 -2.66203e+01  5.46531e+01             
       H -6.53928e+01 -1.90861e+01  4.30698e+01             
       H -5.70296e+01 -2.63931e+01  5.42353e+01             
       O -5.96575e+01 -1.65903e+01  5.46039e+01             
       H -5.44048e+01 -1.35997e+01  3.45259e+01             
       H -5.89881e+01 -1.58880e+01  5.46092e+01             
       O -5.29561e+01 -1.16534e+01  4.07793e+01             
       H -6.39473e+01 -5.78998e+00  4.60467e+01             
       H -5.23962e+01 -1.21649e+01  4.01406e+01             
       O -5.47120e+01 -2.64972e+01  5.10602e+01             
       H -6.65597e+01 -2.72554e+01  6.34248e+01             
       H -4.79455e+01 -8.20082e+00  6.11232e+01             
       O -8.85256e+01 -1.28165e+01  5.67729e+01             
       H -8.75710e+01 -1.26977e+01  5.65500e+01             
       H -8.84161e+01 -1.33861e+01  5.75291e+01             
       O -5.56064e+01 -3.02749e+01  4.95821e+01             
       H -5.49561e+01 -3.08319e+01  4.90322e+01             
       H -5.63174e+01 -1.28397e+01  5.75076e+01             
       O -6.35578e+01 -1.01731e+01  4.20443e+01             
       H -6.31533e+01 -9.75560e+00  4.11996e+01             
       H -7.55228e+01 -1.79863e+01  2.81470e+01             
       O -7.25151e+01 -2.29213e+01  4.58476e+01             
       H -7.24083e+01 -2.38512e+01  4.61349e+01             
       H -7.16866e+01 -2.24613e+01  4.59626e+01             
       O -5.58471e+01 -2.16216e+01  3.85927e+01             
       H -5.55869e+01 -2.17413e+01  3.76830e+01             
       H -5.49822e+01 -2.14604e+01  3.89742e+01             
       O -4.11455e+01 -2.32806e+01  4.76297e+01             
       H -4.05521e+01 -1.08552e+01  4.84268e+01             
       H -4.06028e+01 -2.31750e+01  4.68109e+01             
       O -5.71235e+01 -7.01788e+00  5.11484e+01             
       H -4.42464e+01 -7.93959e+00  5.11186e+01             
       H -5.65517e+01 -6.39519e+00  5.07147e+01             
       O -5.32747e+01  3.15100e+00  5.20439e+01             
       H -5.96013e+01 -2.97650e+01  4.38965e+01             
       H -6.37740e+01  3.79015e+00  4.60114e+01             
       O -6.54269e+01 -1.52486e+01  4.65191e+01             
       H -6.50584e+01 -1.61670e+01  4.63072e+01             
       H -6.46331e+01 -1.48342e+01  4.69112e+01             
       O -6.22441e+01 -3.89714e+00  3.23162e+01             
       H -6.12972e+01 -1.63963e+01  3.21333e+01             
       H -6.25376e+01 -3.47915e+00  3.14581e+01             
       O -7.00224e+01 -1.81774e+01  5.37122e+01             
       H -6.94219e+01 -1.83146e+01  5.44427e+01             
       H -6.96451e+01 -1.87551e+01  5.30145e+01             
       O -6.18152e+01 -2.19354e+01  5.63488e+01             
       H -6.11471e+01 -2.13801e+01  5.58687e+01             
       H -6.12875e+01 -2.23841e+01  5.69686e+01             
       O -7.26211e+01 -2.03240e+01  4.27218e+01             
       H -7.25425e+01 -1.95588e+01  5.58047e+01             
       H -6.65009e+01 -3.82109e+01  3.85966e+01             
       O -5.16161e+01 -1.95813e+01  6.20401e+01             
       H -5.08406e+01 -2.01098e+01  6.19749e+01             
       H -5.14598e+01 -1.87851e+01  6.25351e+01             
       O -5.98933e+01 -1.70734e+01  4.83839e+01             
       H -5.97575e+01 -1.77509e+01  4.90459e+01             
       H -5.89887e+01 -1.69142e+01  4.80409e+01             
       O -7.98827e+01 -2.07457e+01  5.69784e+01             
       H -7.96131e+01 -2.09353e+01  5.78955e+01             
       H -7.91156e+01 -2.08758e+01  5.63671e+01             
       O -5.53692e+01 -2.14750e+01  4.76976e+01             
       H -5.49208e+01 -2.05855e+01  4.78427e+01             
       H -5.47039e+01 -2.21830e+01  4.76325e+01             
       O -7.24561e+01 -1.31971e+01  2.20497e+01             
       H -7.20174e+01 -1.39261e+01  2.14971e+01             
       H -7.18638e+01 -1.28997e+01  2.28046e+01             
       O -6.37727e+01 -1.73510e+01  2.83429e+01             
       H -4.07030e+01 -1.01342e+01  4.00885e+01             
       H -6.33866e+01 -1.65422e+01  2.79866e+01             
       O -6.51030e+01 -1.45916e+01  5.44211e+01             
       H -6.41846e+01 -1.47409e+01  5.46351e+01             
       H -6.52312e+01 -1.37120e+01  5.40998e+01             
       O -6.68412e+01 -1.47794e+01  6.90679e+01             
       H -6.62921e+01 -1.47532e+01  6.82354e+01             
       H -6.61534e+01 -1.47800e+01  6.98066e+01             
192                                                         
# CELL(abcABC):   12.41850    12.41850    12.41850    90.00000    90.00000    90.00000  Step:      200000  Bead:       0 x_centroid{angstrom}  cell{angstrom}   
       O -8.66451e+01 -1.67501e+01  6.69195e+01             
       H -8.60654e+01 -1.68243e+01  6.61795e+01             
       H -8.59596e+01 -1.63662e+01  6.75406e+01             
       O -7.74338e+01 -1.35089e+01  6.97011e+01             
       H -7.27499e+01 -1.81758e+01  6.05939e+01             
       H -7.65838e+01 -1.31204e+01  6.93865e+01             
       O -7.98924e+01 -2.41945e+01  5.37748e+01             
       H -7.95028e+01 -1.26645e+01  5.35864e+01             
       H -7.91540e+01 -2.35055e+01  5.39313e+01             
       O -7.37623e+01 -2.84883e+01  5.85828e+01             
       H -7.30481e+01 -2.86298e+01  5.92250e+01             
       H -7.33672e+01 -2.88719e+01  5.77325e+01             
       O -6.30983e+01 -2.10463e+01  6.09141e+01             
       H -6.21366e+01 -2.10740e+01  6.12244e+01             
       H -6.29875e+01 -2.15332e+01  6.00404e+01             
       O -6.64022e+01 -2.06477e+01  7.17544e+01             
       H -6.60519e+01 -2.11981e+01  7.10643e+01             
       H -6.56581e+01 -2.01273e+01  7.21251e+01             
       O -7.59414e+01 -2.27494e+01  5.26331e+01             
       H -7.51179e+01 -2.24733e+01  5.30042e+01             
       H -6.78886e+01  5.84289e-01  5.93814e+01             
       O -6.21847e+01 -1.69938e+01  7.53492e+01             
       H -6.18564e+01 -1.74508e+01  7.45019e+01             
       H -6.14152e+01 -2.91753e+01  7.59130e+01             
       O -8.66250e+01 -1.19616e+01  4.92441e+01             
       H -8.61437e+01 -1.11578e+01  4.88985e+01             
       H -8.60012e+01 -1.26961e+01  4.91608e+01             
       O -7.95890e+01 -2.85015e+01  6.03659e+01             
       H -7.93680e+01 -2.93378e+01  6.08490e+01             
       H -7.87445e+01 -2.80819e+01  6.05850e+01             
       O -8.60087e+01 -9.81003e+00  6.59055e+01             
       H -8.55701e+01 -1.01262e+01  6.66836e+01             
       H -8.53939e+01 -9.42815e+00  6.52413e+01             
       O -7.88141e+01 -1.53899e+01  5.60420e+01             
       H -7.82322e+01 -1.47211e+01  5.64748e+01             
       H -6.85781e+01 -1.55523e+01  5.07938e+01             
       O -7.06021e+01 -3.14037e+01  5.16244e+01             
       H -6.99168e+01 -3.10878e+01  5.22606e+01             
       H -6.87442e+01 -3.05899e+01  6.15048e+01             
       O -8.64951e+01 -1.94228e+01  5.78988e+01             
       H -8.58283e+01 -1.91235e+01  5.73045e+01             
       H -8.62080e+01 -1.92327e+01  5.88134e+01             
       O -6.41568e+01 -2.77176e+01  6.36694e+01             
       H -6.35509e+01 -2.69651e+01  6.38514e+01             
       H -6.34819e+01 -2.84371e+01  6.35317e+01             
       O -8.16022e+01 -1.77356e+01  6.60515e+01             
       H -8.09781e+01 -1.83249e+01  6.64978e+01             
       H -8.12696e+01 -1.68702e+01  6.62219e+01             
       O -7.87061e+01 -1.30344e+01  4.95215e+01             
       H -7.80724e+01 -2.60113e+01  4.90232e+01             
       H -7.81861e+01 -1.22497e+01  4.97084e+01             
       O -7.63543e+01 -2.94841e+01  4.60174e+01             
       H -7.54439e+01 -2.92379e+01  4.61324e+01             
       H -7.66626e+01 -2.91168e+01  4.52249e+01             
       O -8.45870e+01 -1.61878e+01  5.61165e+01             
       H -8.37382e+01 -1.56743e+01  5.62037e+01             
       H -8.43873e+01 -1.71199e+01  5.62328e+01             
       O -7.81011e+01  2.65644e+00  5.40194e+01             
       H -5.87657e+01 -2.18063e+01  5.54554e+01             
       H -7.72494e+01  2.47768e+00  5.35253e+01             
       O -7.04783e+01 -1.30632e+01  6.35049e+01             
       H -7.22460e+01 -2.15904e+01  6.10350e+01             
       H -8.23289e+01 -1.37456e+01  6.30622e+01             
       O -7.50034e+01 -3.44354e+01  5.82647e+01             
       H -7.43477e+01 -3.51445e+01  5.83519e+01             
       H -7.45919e+01 -3.35725e+01  5.80686e+01             
       O -8.09986e+01 -2.09956e+01  6.10616e+01             
       H -8.01631e+01 -2.08588e+01  6.05004e+01             
       H -8.06239e+01 -2.13072e+01  6.19210e+01             
       O -7.14982e+01 -4.40213e+01  5.84118e+01             
       H -7.05296e+01 -4.38489e+01  5.84981e+01             
       H -7.14785e+01 -4.49421e+01  7.09957e+01             
       O -7.84026e+01 -5.86914e+00  5.27005e+01             
       H -7.82190e+01 -5.29540e+00  5.34299e+01             
       H -7.74689e+01 -6.10608e+00  5.24410e+01             
       O -6.93992e+01 -2.33901e+01  6.42799e+01             
       H -6.85933e+01 -2.30129e+01  6.36804e+01             
       H -6.89850e+01 -2.34223e+01  6.51644e+01             
       O -7.57471e+01 -2.56117e+01  7.19114e+01             
       H -7.54760e+01 -2.50824e+01  7.27347e+01             
       H -7.49516e+01 -2.57744e+01  7.14388e+01             
       O -9.40717e+01 -2.46650e+01  5.58571e+01             
       H -9.35301e+01 -2.44681e+01  5.50468e+01             
       H -9.35491e+01 -2.43847e+01  5.65848e+01             
       O -7.02195e+01 -2.28467e+00  6.94017e+01             
       H -6.95683e+01 -2.96939e+00  6.98098e+01             
       H -6.97206e+01 -1.74205e+00  6.87636e+01             
       O -7.15518e+01 -1.64154e+01  4.77492e+01             
       H -7.08074e+01 -1.69081e+01  4.80943e+01             
       H -7.15589e+01 -1.56176e+01  3.58916e+01             
       O -6.81825e+01 -1.64341e+01  3.29595e+01             
       H -6.79615e+01 -1.62936e+01  3.38934e+01             
       H -7.98742e+01 -1.61376e+01  3.23635e+01             
       O -6.47286e+01 -1.87459e+01  3.58345e+01             
       H -6.40134e+01 -1.92885e+01  3.61197e+01             
       H -6.44808e+01 -1.81002e+01  3.50936e+01             
       O -7.38375e+01 -2.60064e+01  4.15509e+01             
       H -7.42803e+01 -2.68621e+01  4.16558e+01             
       H -7.28953e+01 -2.61700e+01  5.36530e+01             
       O -7.20053e+01 -1.88196e+01  4.21117e+01             
       H -7.67777e+01 -1.52927e+01  4.95903e+01             
       H -7.11377e+01 -1.91396e+01  4.24521e+01             
       O -7.23935e+01 -2.64211e+01  6.16509e+01             
       H -7.17142e+01 -2.59001e+01  6.23697e+01             
       H -7.20357e+01 -2.61725e+01  6.08263e+01             
       O -6.41229e+01 -1.93659e+01  4.40900e+01             
       H -6.33179e+01 -1.95708e+01  4.35437e+01             
       H -6.38592e+01 -1.90675e+01  4.49767e+01             
       O -6.51117e+01 -3.41906e+01  5.69701e+01             
       H -6.42620e+01 -3.45213e+01  5.73301e+01             
       H -6.48697e+01 -3.32991e+01  5.67104e+01             
       O -7.12740e+01 -1.88328e+00  6.56953e+01             
       H -7.09910e+01 -1.42757e+00  6.48718e+01             
       H -7.06143e+01 -1.78542e+00  6.63871e+01             
       O -6.26977e+01 -2.44050e-01  8.09676e+01             
       H -6.21033e+01 -4.88173e-01  8.01607e+01             
       H -6.19602e+01  1.98002e-01  8.15084e+01             
       O -6.96557e+01 -3.07714e+01  6.13944e+01             
       H -7.58172e+01 -2.37393e+01  5.24664e+01             
       H -6.94621e+01 -3.17596e+01  6.12475e+01             
       O -7.35166e+01 -1.84879e+01  6.11401e+01             
       H -7.17851e+01 -1.80215e+01  4.16328e+01             
       H -7.32146e+01 -1.92705e+01  6.16446e+01             
       O -6.93042e+01 -1.55202e+01  5.01262e+01             
       H -7.77425e+01 -9.80671e+00  5.49085e+01             
       H -6.88222e+01 -1.55278e+01  4.92806e+01             
       O -6.85884e+01 -3.17376e+01  5.78364e+01             
       H -8.03199e+01 -3.21208e+01  7.08675e+01             
       H -6.48761e+01 -1.37648e+01  7.06297e+01             
       O -1.04341e+02 -1.47983e+01  6.41367e+01             
       H -1.04037e+02 -1.41447e+01  6.35039e+01             
       H -1.03534e+02 -1.52608e+01  6.43371e+01             
       O -7.14725e+01 -3.51116e+01  5.55433e+01             
       H -7.06650e+01 -3.56670e+01  5.56289e+01             
       H -6.99063e+01 -1.23108e+01  6.38042e+01             
       O -7.71556e+01 -1.52383e+01  4.87154e+01             
       H -7.64383e+01 -1.50530e+01  4.80528e+01             
       H -8.92205e+01 -2.21142e+01  3.70547e+01             
       O -8.48896e+01 -2.93028e+01  5.23778e+01             
       H -8.43865e+01 -2.84926e+01  5.25874e+01             
       H -8.41324e+01 -2.99467e+01  5.21801e+01             
       O -7.12039e+01 -2.51399e+01  4.69080e+01             
       H -7.10634e+01 -2.57816e+01  4.61584e+01             
       H -7.03190e+01 -2.49965e+01  4.72924e+01             
       O -5.73563e+01 -3.26926e+01  5.53928e+01             
       H -5.68416e+01 -2.02767e+01  5.45920e+01             
       H -5.69705e+01 -3.24582e+01  5.62659e+01             
       O -7.30181e+01 -1.12821e+01  5.76507e+01             
       H -6.00378e+01 -1.17297e+01  5.83656e+01             
       H -7.24417e+01 -1.10348e+01  5.68551e+01             
       O -6.85019e+01  2.35910e-01  6.00562e+01             
       H -7.02440e+01 -3.10528e+01  5.07697e+01             
       H -7.82214e+01 -3.71148e+00  5.56743e+01             
       O -7.99393e+01 -2.04699e+01  5.31248e+01             
       H -7.93201e+01 -2.10842e+01  5.36578e+01             
       H -7.93843e+01 -1.96111e+01  5.30318e+01             
       O -7.60259e+01 -6.63688e+00  3.96094e+01             
       H -7.54314e+01 -1.90943e+01  4.04639e+01             
       H -7.55909e+01 -6.02446e+00  3.90224e+01             
       O -8.31940e+01 -2.17735e+01  5.93996e+01             
       H -8.32006e+01 -2.26681e+01  5.90473e+01             
       H -8.23365e+01 -2.17038e+01  5.98990e+01             
       O -7.52654e+01 -2.51941e+01  6.43240e+01             
       H -7.49053e+01 -2.49703e+01  6.34585e+01             
       H -7.45011e+01 -2.54343e+01  6.49012e+01             
       O -8.53516e+01 -2.17977e+01  4.92589e+01             
       H -8.48663e+01 -2.18300e+01  6.25428e+01             
       H -8.06636e+01 -4.32057e+01  4.53275e+01             
       O -6.71037e+01 -2.38301e+01  6.98329e+01             
       H -6.64361e+01 -2.44819e+01  6.96817e+01             
       H -6.67401e+01 -2.29885e+01  6.96238e+01             
       O -7.44779e+01 -1.97727e+01  5.44066e+01             
       H -7.36719e+01 -1.92102e+01  5.44170e+01             
       H -7.41130e+01 -2.07029e+01  5.42148e+01             
       O -9.64555e+01 -2.15934e+01  6.40263e+01             
       H -9.56810e+01 -2.22013e+01  6.42160e+01             
       H -9.60828e+01 -2.07391e+01  6.41430e+01             
       O -6.84132e+01 -2.76515e+01  5.42001e+01             
       H -6.80307e+01 -2.72399e+01  5.34159e+01             
       H -6.76367e+01 -2.76237e+01  5.48112e+01             
       O -8.94950e+01 -1.72553e+01  3.02503e+01             
       H -8.86858e+01 -1.69622e+01  2.98406e+01             
       H -8.92106e+01 -1.81093e+01  3.06849e+01             
       O -7.72266e+01 -2.24756e+01  3.78516e+01             
       H -5.55919e+01 -1.25159e+01  4.83262e+01             
       H -7.65869e+01 -2.23470e+01  3.86240e+01             
       O -7.92718e+01 -1.81429e+01  6.21358e+01             
       H -7.91208e+01 -1.77445e+01  6.29871e+01             
       H -7.83479e+01 -1.83896e+01  6.18623e+01             
       O -7.97767e+01 -2.21170e+01  7.57021e+01             
       H -7.96918e+01 -2.14703e+01  7.64582e+01             
       H -7.88384e+01 -2.23140e+01  7.54638e+01             
