192                                                         
# CELL(abcABC):   12.41850    12.41850    12.41850    90.00000    90.00000    90.00000  Step:           0  Bead:       0 x_centroid{angstrom}  cell{angstrom}   
       O -7.42011e+01 -8.66772e+00  6.34598e+01             
       H -7.39669e+01 -9.17817e+00  6.26791e+01             
       H -7.33909e+01 -8.17091e+00  6.37950e+01             
       O -6.65319e+01 -6.76331e+00  6.27605e+01             
       H -6.36252e+01 -1.81692e+01  5.66741e+01             
       H -6.58455e+01 -6.46387e+00  6.33812e+01             
       O -6.79929e+01 -2.80856e+01  4.59420e+01             
       H -6.71712e+01 -1.62392e+01  4.60966e+01             
       H -6.75215e+01 -2.72458e+01  4.57515e+01             
       O -6.49026e+01 -2.41690e+01  5.18139e+01             
       H -6.43509e+01 -2.34344e+01  5.22101e+01             
       H -6.42447e+01 -2.49081e+01  5.19307e+01             
       O -5.34788e+01 -2.15024e+01  5.41306e+01             
       H -5.29250e+01 -2.12808e+01  5.49384e+01             
       H -5.27309e+01 -2.16730e+01  5.35197e+01             
       O -5.64342e+01 -1.68517e+01  6.46944e+01             
       H -5.58480e+01 -1.62418e+01  6.42554e+01             
       H -5.59195e+01 -1.71221e+01  6.55404e+01             
       O -6.86535e+01 -2.03051e+01  4.17925e+01             
       H -6.81057e+01 -1.94651e+01  4.18600e+01             
       H -5.67789e+01  9.94061e-01  5.27531e+01             
       O -5.37320e+01 -1.59313e+01  6.85239e+01             
       H -5.30337e+01 -1.54951e+01  6.79983e+01             
       H -5.32370e+01 -2.87976e+01  6.91829e+01             
       O -7.52670e+01 -1.03753e+01  4.58590e+01             
       H -7.42956e+01 -1.02763e+01  4.59019e+01             
       H -7.54703e+01 -1.13506e+01  4.57664e+01             
       O -6.67740e+01 -2.74841e+01  5.19653e+01             
       H -6.59662e+01 -2.80579e+01  5.19593e+01             
       H -6.65909e+01 -2.68802e+01  5.12155e+01             
       O -7.16582e+01 -7.19164e+00  5.97984e+01             
       H -7.12175e+01 -7.66544e+00  6.05776e+01             
       H -7.10778e+01 -6.49534e+00  5.95564e+01             
       O -6.89435e+01 -1.17739e+01  4.87304e+01             
       H -6.85194e+01 -1.14415e+01  4.79179e+01             
       H -5.59067e+01 -1.57992e+01  4.39372e+01             
       O -6.26552e+01 -3.15605e+01  4.71523e+01             
       H -6.33348e+01 -3.12351e+01  4.65581e+01             
       H -6.14487e+01 -2.82484e+01  5.84167e+01             
       O -7.55907e+01 -1.37901e+01  5.25023e+01             
       H -7.47144e+01 -1.35172e+01  5.28561e+01             
       H -7.54750e+01 -1.45755e+01  5.19295e+01             
       O -5.40441e+01 -2.56364e+01  5.80294e+01             
       H -5.34485e+01 -2.54573e+01  5.87729e+01             
       H -5.34731e+01 -2.58260e+01  5.72958e+01             
       O -6.65492e+01 -1.26797e+01  6.24217e+01             
       H -6.60702e+01 -1.24789e+01  6.32531e+01             
       H -6.58562e+01 -1.27175e+01  6.17196e+01             
       O -6.80013e+01 -1.10360e+01  4.61804e+01             
       H -6.74200e+01 -2.41398e+01  4.57407e+01             
       H -6.75037e+01 -1.01674e+01  4.62360e+01             
       O -6.84993e+01 -2.54614e+01  4.12476e+01             
       H -6.78824e+01 -2.49553e+01  4.18128e+01             
       H -6.79732e+01 -2.61369e+01  4.07294e+01             
       O -7.58496e+01 -9.82425e+00  5.27938e+01             
       H -7.54002e+01 -1.02102e+01  5.35433e+01             
       H -7.51952e+01 -9.55948e+00  5.21121e+01             
       O -6.99831e+01  4.98412e+00  4.43891e+01             
       H -4.58817e+01 -1.52384e+01  4.89958e+01             
       H -6.92728e+01  4.45801e+00  4.39038e+01             
       O -6.00585e+01 -1.30250e+01  5.90195e+01             
       H -6.36631e+01 -2.14657e+01  5.70231e+01             
       H -7.18100e+01 -1.33693e+01  5.95948e+01             
       O -6.48325e+01 -3.06662e+01  5.26216e+01             
       H -6.42286e+01 -3.01788e+01  5.20362e+01             
       H -6.42863e+01 -3.10825e+01  5.32997e+01             
       O -7.35069e+01 -1.97483e+01  5.71239e+01             
       H -7.31664e+01 -2.06440e+01  5.68243e+01             
       H -7.27616e+01 -1.93756e+01  5.76142e+01             
       O -6.06517e+01 -4.16125e+01  4.79106e+01             
       H -5.98505e+01 -4.12035e+01  4.83730e+01             
       H -6.02774e+01 -4.24338e+01  6.00592e+01             
       O -6.34467e+01 -3.87915e+00  4.85975e+01             
       H -6.31315e+01 -2.99561e+00  4.87866e+01             
       H -6.26587e+01 -4.36178e+00  4.83951e+01             
       O -6.11247e+01 -2.30999e+01  6.15814e+01             
       H -6.03890e+01 -2.32391e+01  6.21367e+01             
       H -6.07167e+01 -2.30095e+01  6.07089e+01             
       O -6.63592e+01 -2.43788e+01  6.74741e+01             
       H -6.62267e+01 -2.34326e+01  6.71032e+01             
       H -6.55257e+01 -2.48779e+01  6.75329e+01             
       O -8.16873e+01 -1.84272e+01  4.99108e+01             
       H -8.08840e+01 -1.86698e+01  4.93916e+01             
       H -8.13400e+01 -1.81778e+01  5.08038e+01             
       O -5.86665e+01 -1.02035e+00  6.63307e+01             
       H -5.77364e+01 -7.30821e-01  6.62234e+01             
       H -5.87142e+01 -1.87816e+00  6.58019e+01             
       O -6.30391e+01 -1.29141e+01  4.45771e+01             
       H -6.24707e+01 -1.35866e+01  4.48969e+01             
       H -6.25220e+01 -1.22254e+01  3.16517e+01             
       O -6.10725e+01 -1.74279e+01  2.79272e+01             
       H -6.07486e+01 -1.82450e+01  2.75261e+01             
       H -7.26049e+01 -1.68762e+01  2.79931e+01             
       O -5.07996e+01 -1.66879e+01  2.64194e+01             
       H -5.08033e+01 -1.66944e+01  2.54099e+01             
       H -4.98782e+01 -1.69260e+01  2.67180e+01             
       O -5.85681e+01 -2.38477e+01  3.79222e+01             
       H -5.78527e+01 -2.41793e+01  3.73869e+01             
       H -5.82400e+01 -2.34723e+01  5.11356e+01             
       O -6.07381e+01 -1.21428e+01  4.04105e+01             
       H -6.41753e+01 -9.23840e+00  4.85181e+01             
       H -5.99628e+01 -1.23380e+01  4.09334e+01             
       O -6.19327e+01 -2.35177e+01  5.53133e+01             
       H -6.15365e+01 -2.38530e+01  5.45212e+01             
       H -6.11826e+01 -2.29952e+01  5.56699e+01             
       O -5.21267e+01 -1.38615e+01  4.27790e+01             
       H -5.14808e+01 -1.35160e+01  4.33839e+01             
       H -5.17026e+01 -1.37780e+01  4.18886e+01             
       O -5.52667e+01 -3.14975e+01  4.73263e+01             
       H -5.45352e+01 -3.08626e+01  4.73004e+01             
       H -5.47784e+01 -3.23171e+01  4.70332e+01             
       O -6.23545e+01 -1.02801e+00  6.07747e+01             
       H -6.18012e+01 -9.37280e-01  6.00005e+01             
       H -6.22072e+01 -2.84337e-01  6.13485e+01             
       O -5.85006e+01  6.94020e+00  6.75300e+01             
       H -5.84111e+01  6.20465e+00  6.81458e+01             
       H -5.76810e+01  7.42357e+00  6.76693e+01             
       O -6.20417e+01 -2.80881e+01  5.76615e+01             
       H -6.78835e+01 -2.08328e+01  4.16501e+01             
       H -6.14809e+01 -2.81790e+01  5.68480e+01             
       O -6.38446e+01 -1.76650e+01  5.74733e+01             
       H -6.04007e+01 -1.18575e+01  3.95889e+01             
       H -6.31011e+01 -1.69446e+01  5.75334e+01             
       O -5.65942e+01 -1.57036e+01  4.32356e+01             
       H -6.94618e+01 -6.92847e+00  4.49976e+01             
       H -5.61019e+01 -1.50742e+01  4.27064e+01             
       O -5.88434e+01 -2.81862e+01  5.23860e+01             
       H -7.04181e+01 -2.85765e+01  6.50409e+01             
       H -5.34989e+01 -7.25891e+00  6.22055e+01             
       O -9.06680e+01 -1.69359e+01  5.91991e+01             
       H -9.00344e+01 -1.74413e+01  5.86043e+01             
       H -9.01908e+01 -1.67650e+01  6.00440e+01             
       O -5.86871e+01 -2.84033e+01  4.95616e+01             
       H -5.80559e+01 -2.90774e+01  4.94976e+01             
       H -5.97892e+01 -1.32798e+01  5.81683e+01             
       O -6.43964e+01 -9.84972e+00  4.77645e+01             
       H -6.37163e+01 -9.73987e+00  4.70656e+01             
       H -7.88586e+01 -1.80102e+01  2.89379e+01             
       O -7.63193e+01 -1.98426e+01  4.94927e+01             
       H -7.57020e+01 -1.96880e+01  4.87698e+01             
       H -7.57555e+01 -2.01415e+01  5.02187e+01             
       O -5.77291e+01 -2.36402e+01  4.43948e+01             
       H -5.69732e+01 -2.34648e+01  4.50111e+01             
       H -5.78546e+01 -2.46769e+01  4.44317e+01             
       O -4.52017e+01 -2.66090e+01  4.75760e+01             
       H -4.48217e+01 -1.34280e+01  4.79921e+01             
       H -4.44380e+01 -2.70752e+01  4.71738e+01             
       O -5.98820e+01 -9.53828e+00  5.60310e+01             
       H -4.66548e+01 -9.87126e+00  5.64659e+01             
       H -5.94621e+01 -9.15161e+00  5.52640e+01             
       O -5.70290e+01  1.88608e+00  5.24810e+01             
       H -6.20601e+01 -3.20957e+01  4.66283e+01             
       H -6.81407e+01  3.47483e-01  4.91647e+01             
       O -6.98097e+01 -1.77717e+01  4.62787e+01             
       H -6.91103e+01 -1.81920e+01  4.67859e+01             
       H -6.94859e+01 -1.69443e+01  4.59196e+01             
       O -7.04673e+01 -8.61691e+00  3.72070e+01             
       H -7.03424e+01 -2.19126e+01  3.68762e+01             
       H -6.96918e+01 -8.01479e+00  3.72500e+01             
       O -7.49652e+01 -1.87382e+01  5.51614e+01             
       H -7.42981e+01 -1.89858e+01  5.58378e+01             
       H -7.44675e+01 -1.80731e+01  5.46361e+01             
       O -6.62284e+01 -2.11713e+01  5.84795e+01             
       H -6.56151e+01 -2.09765e+01  5.77322e+01             
       H -6.56272e+01 -2.15483e+01  5.90982e+01             
       O -7.67935e+01 -2.09452e+01  4.41862e+01             
       H -7.62515e+01 -2.02705e+01  5.61249e+01             
       H -7.13525e+01 -4.06253e+01  3.89715e+01             
       O -5.50075e+01 -2.19648e+01  6.34741e+01             
       H -5.45477e+01 -2.11101e+01  6.36640e+01             
       H -5.44673e+01 -2.25478e+01  6.28563e+01             
       O -5.94987e+01 -1.94759e+01  5.15948e+01             
       H -5.89737e+01 -1.97244e+01  5.23693e+01             
       H -5.90049e+01 -1.99502e+01  5.09328e+01             
       O -8.49318e+01 -2.22010e+01  5.91365e+01             
       H -8.44272e+01 -2.13490e+01  5.91424e+01             
       H -8.44844e+01 -2.29773e+01  5.88113e+01             
       O -5.86411e+01 -2.12279e+01  5.39011e+01             
       H -5.78282e+01 -2.07208e+01  5.41383e+01             
       H -5.82303e+01 -2.19695e+01  5.34199e+01             
       O -7.73928e+01 -1.25977e+01  2.28532e+01             
       H -7.72137e+01 -1.16388e+01  2.27995e+01             
       H -7.65435e+01 -1.30270e+01  2.27810e+01             
       O -6.72999e+01 -1.78918e+01  2.93585e+01             
       H -4.37830e+01 -1.02429e+01  3.96120e+01             
       H -6.70841e+01 -1.73796e+01  3.01669e+01             
       O -7.09204e+01 -1.38081e+01  5.66528e+01             
       H -7.10120e+01 -1.36540e+01  5.56791e+01             
       H -7.03153e+01 -1.45323e+01  5.67394e+01             
       O -7.30715e+01 -1.59894e+01  6.78184e+01             
       H -7.27140e+01 -1.52255e+01  6.72548e+01             
       H -7.23642e+01 -1.66513e+01  6.76662e+01             
192                                                         
# CELL(abcABC):   12.41850    12.41850    12.41850    90.00000    90.00000    90.00000  Step:      200000  Bead:       0 x_centroid{angstrom}  cell{angstrom}   
       O -8.77628e+01 -1.27300e+01  6.90380e+01             
       H -8.70737e+01 -1.32607e+01  6.94102e+01             
       H -8.75577e+01 -1.18067e+01  6.91793e+01             
       O -7.90631e+01 -9.06741e+00  6.91090e+01             
       H -7.63617e+01 -1.97076e+01  6.35090e+01             
       H -7.83228e+01 -9.18803e+00  6.98223e+01             
       O -8.14498e+01 -2.79270e+01  5.54287e+01             
       H -8.07022e+01 -1.52842e+01  5.60231e+01             
       H -8.11076e+01 -2.85020e+01  5.47028e+01             
       O -7.60200e+01 -3.10787e+01  5.95650e+01             
       H -7.54704e+01 -3.05202e+01  6.01465e+01             
       H -7.53034e+01 -3.15679e+01  5.91130e+01             
       O -6.69397e+01 -2.55365e+01  6.32216e+01             
       H -6.59519e+01 -2.55385e+01  6.33096e+01             
       H -6.70629e+01 -2.61982e+01  6.25370e+01             
       O -7.06363e+01 -2.20357e+01  7.24123e+01             
       H -6.98691e+01 -2.16887e+01  7.19402e+01             
       H -7.03697e+01 -2.29240e+01  7.26325e+01             
       O -7.93883e+01 -2.24530e+01  4.88135e+01             
       H -7.92402e+01 -2.18644e+01  4.80438e+01             
       H -6.87059e+01 -6.73727e-01  5.81073e+01             
       O -6.60505e+01 -1.92071e+01  7.31480e+01             
       H -6.57511e+01 -1.92706e+01  7.40507e+01             
       H -6.51500e+01 -3.15531e+01  7.26825e+01             
       O -8.89967e+01 -1.40316e+01  5.19761e+01             
       H -8.82696e+01 -1.34667e+01  5.23129e+01             
       H -8.85388e+01 -1.47447e+01  5.14840e+01             
       O -7.82865e+01 -3.16997e+01  5.56337e+01             
       H -7.74527e+01 -3.20407e+01  5.53045e+01             
       H -7.81113e+01 -3.11835e+01  5.64825e+01             
       O -8.23461e+01 -1.07700e+01  6.50961e+01             
       H -8.19577e+01 -1.16926e+01  6.51252e+01             
       H -8.17477e+01 -1.02291e+01  6.45276e+01             
       O -8.23688e+01 -1.77628e+01  5.96391e+01             
       H -8.14103e+01 -1.74002e+01  5.95053e+01             
       H -6.91163e+01 -1.95609e+01  5.03280e+01             
       O -7.33525e+01 -3.35034e+01  5.40849e+01             
       H -7.27379e+01 -3.41672e+01  5.44658e+01             
       H -7.52997e+01 -2.90391e+01  6.28383e+01             
       O -8.65436e+01 -1.71708e+01  6.11910e+01             
       H -8.59622e+01 -1.65483e+01  6.06116e+01             
       H -8.58264e+01 -1.76588e+01  6.16600e+01             
       O -6.91629e+01 -3.17015e+01  6.60673e+01             
       H -6.89050e+01 -3.23750e+01  6.54726e+01             
       H -6.83692e+01 -3.12263e+01  6.60828e+01             
       O -7.99810e+01 -1.45786e+01  7.01366e+01             
       H -7.90999e+01 -1.41346e+01  7.01662e+01             
       H -7.98701e+01 -1.53627e+01  7.06428e+01             
       O -8.42411e+01 -1.41471e+01  5.51679e+01             
       H -8.33516e+01 -2.68735e+01  5.53417e+01             
       H -8.44349e+01 -1.33395e+01  5.56888e+01             
       O -7.78365e+01 -3.00031e+01  4.53349e+01             
       H -7.73343e+01 -2.93304e+01  4.50057e+01             
       H -7.71147e+01 -3.04760e+01  4.59211e+01             
       O -8.99594e+01 -1.37189e+01  5.82189e+01             
       H -8.95487e+01 -1.37293e+01  5.91113e+01             
       H -8.91571e+01 -1.34728e+01  5.77034e+01             
       O -8.06829e+01  3.83869e+00  5.09306e+01             
       H -5.91728e+01 -1.98036e+01  5.60116e+01             
       H -8.02197e+01  3.37100e+00  5.02308e+01             
       O -7.35724e+01 -1.69763e+01  6.53611e+01             
       H -7.66598e+01 -2.35786e+01  6.27664e+01             
       H -8.53172e+01 -1.76835e+01  6.53568e+01             
       O -7.47280e+01 -3.50395e+01  6.00732e+01             
       H -7.41292e+01 -3.43509e+01  6.03616e+01             
       H -7.43528e+01 -3.53352e+01  5.92226e+01             
       O -8.50762e+01 -2.31352e+01  6.43815e+01             
       H -8.51877e+01 -2.39629e+01  6.38799e+01             
       H -8.40840e+01 -2.31043e+01  6.45320e+01             
       O -7.14933e+01 -4.75767e+01  5.49627e+01             
       H -7.09257e+01 -4.67475e+01  5.52803e+01             
       H -7.08045e+01 -4.80210e+01  6.68216e+01             
       O -7.39952e+01 -7.63027e+00  5.85190e+01             
       H -7.34217e+01 -7.33010e+00  5.77392e+01             
       H -7.34158e+01 -7.58290e+00  5.93347e+01             
       O -7.36935e+01 -2.74098e+01  6.99781e+01             
       H -7.33408e+01 -2.71311e+01  7.08338e+01             
       H -7.29910e+01 -2.78325e+01  6.94524e+01             
       O -8.01552e+01 -2.92854e+01  7.59153e+01             
       H -7.97807e+01 -2.93886e+01  7.68322e+01             
       H -7.96477e+01 -2.87311e+01  7.53078e+01             
       O -9.50544e+01 -2.06756e+01  5.57723e+01             
       H -9.44462e+01 -2.02682e+01  5.50656e+01             
       H -9.45979e+01 -2.06019e+01  5.66281e+01             
       O -7.05394e+01 -1.23201e+00  7.39736e+01             
       H -7.01567e+01 -1.90794e+00  7.45384e+01             
       H -6.98472e+01 -6.73532e-01  7.36207e+01             
       O -7.89248e+01 -1.55576e+01  4.91114e+01             
       H -7.92586e+01 -1.59951e+01  4.83085e+01             
       H -7.79883e+01 -1.52731e+01  3.66501e+01             
       O -7.45542e+01 -2.24095e+01  3.23643e+01             
       H -7.36564e+01 -2.27762e+01  3.22603e+01             
       H -8.66922e+01 -2.14655e+01  3.27105e+01             
       O -6.36300e+01 -2.11555e+01  2.98884e+01             
       H -6.27645e+01 -2.09921e+01  2.95026e+01             
       H -6.33675e+01 -2.15891e+01  3.07321e+01             
       O -7.09137e+01 -2.92744e+01  4.45405e+01             
       H -7.05941e+01 -2.97064e+01  4.53383e+01             
       H -7.02006e+01 -2.88062e+01  5.64371e+01             
       O -7.23836e+01 -1.54136e+01  4.77385e+01             
       H -7.71297e+01 -1.54069e+01  5.49601e+01             
       H -7.18390e+01 -1.47981e+01  4.83503e+01             
       O -7.65553e+01 -2.66681e+01  6.09402e+01             
       H -7.58103e+01 -2.73230e+01  6.08530e+01             
       H -7.61744e+01 -2.59348e+01  6.14252e+01             
       O -6.72717e+01 -1.69977e+01  4.71303e+01             
       H -6.70163e+01 -1.78158e+01  4.76605e+01             
       H -6.66168e+01 -1.70969e+01  4.63843e+01             
       O -6.55467e+01 -3.51391e+01  5.34660e+01             
       H -6.51283e+01 -3.53545e+01  5.26070e+01             
       H -6.47574e+01 -3.47365e+01  5.39421e+01             
       O -7.59902e+01 -3.85421e+00  6.87461e+01             
       H -7.54215e+01 -4.61892e+00  6.85896e+01             
       H -7.54039e+01 -3.31692e+00  6.92904e+01             
       O -7.20219e+01  6.12315e+00  7.47647e+01             
       H -7.10410e+01  6.24184e+00  7.46785e+01             
       H -7.21058e+01  5.95501e+00  7.57580e+01             
       O -7.56721e+01 -2.91751e+01  6.37223e+01             
       H -7.85026e+01 -2.27119e+01  4.91206e+01             
       H -7.48874e+01 -2.94395e+01  6.43132e+01             
       O -7.70672e+01 -1.91145e+01  6.32641e+01             
       H -7.17813e+01 -1.60473e+01  4.73908e+01             
       H -7.65959e+01 -1.82360e+01  6.33297e+01             
       O -6.93688e+01 -1.86790e+01  5.00855e+01             
       H -7.99663e+01 -8.17828e+00  5.15060e+01             
       H -6.87004e+01 -1.80094e+01  5.05742e+01             
       O -6.89814e+01 -3.29639e+01  5.79879e+01             
       H -8.04678e+01 -3.31585e+01  7.00900e+01             
       H -6.63122e+01 -8.33321e+00  6.85690e+01             
       O -9.95843e+01 -1.82545e+01  6.75883e+01             
       H -9.91901e+01 -1.76244e+01  6.69518e+01             
       H -9.88046e+01 -1.86784e+01  6.78784e+01             
       O -7.23884e+01 -3.15851e+01  5.62035e+01             
       H -7.19275e+01 -3.07494e+01  5.64101e+01             
       H -7.31054e+01 -1.60295e+01  6.53604e+01             
       O -7.78133e+01 -1.51735e+01  5.42394e+01             
       H -7.72298e+01 -1.49664e+01  5.34348e+01             
       H -9.00797e+01 -2.37063e+01  3.37697e+01             
       O -8.72581e+01 -2.43682e+01  5.32418e+01             
       H -8.70785e+01 -2.46385e+01  5.41329e+01             
       H -8.66444e+01 -2.37189e+01  5.29119e+01             
       O -7.22438e+01 -2.71944e+01  5.26651e+01             
       H -7.20394e+01 -2.69005e+01  5.35792e+01             
       H -7.13083e+01 -2.73202e+01  5.22174e+01             
       O -5.94383e+01 -3.15935e+01  5.26344e+01             
       H -5.85261e+01 -1.90680e+01  5.29990e+01             
       H -5.98973e+01 -3.22903e+01  5.31745e+01             
       O -7.53855e+01 -1.22348e+01  6.19503e+01             
       H -6.27738e+01 -1.14898e+01  6.13418e+01             
       H -7.45647e+01 -1.26673e+01  6.21845e+01             
       O -6.92066e+01  1.46018e-01  5.79783e+01             
       H -7.32334e+01 -3.38225e+01  5.31601e+01             
       H -8.23143e+01 -5.74168e+00  6.05309e+01             
       O -7.91020e+01 -2.00316e+01  5.26584e+01             
       H -7.87733e+01 -2.07597e+01  5.32663e+01             
       H -7.83474e+01 -1.97231e+01  5.21623e+01             
       O -8.11036e+01 -1.29999e+01  4.01410e+01             
       H -8.08446e+01 -2.56979e+01  4.10544e+01             
       H -8.02515e+01 -1.29272e+01  3.96584e+01             
       O -8.72245e+01 -2.08620e+01  6.27918e+01             
       H -8.68060e+01 -2.07473e+01  6.19230e+01             
       H -8.65981e+01 -2.12795e+01  6.33086e+01             
       O -7.90615e+01 -2.51579e+01  6.70001e+01             
       H -7.84954e+01 -2.44267e+01  6.67233e+01             
       H -7.85084e+01 -2.59594e+01  6.69589e+01             
       O -8.97244e+01 -2.28395e+01  5.04256e+01             
       H -8.90775e+01 -2.20942e+01  6.26665e+01             
       H -8.14092e+01 -4.46579e+01  4.61963e+01             
       O -6.82379e+01 -2.34520e+01  6.84941e+01             
       H -6.75558e+01 -2.28542e+01  6.87836e+01             
       H -6.77556e+01 -2.41698e+01  6.80682e+01             
       O -7.19477e+01 -2.44901e+01  5.73139e+01             
       H -7.10386e+01 -2.46536e+01  5.76226e+01             
       H -7.17208e+01 -2.38960e+01  5.65949e+01             
       O -9.79104e+01 -2.57474e+01  6.26762e+01             
       H -9.69972e+01 -2.58350e+01  6.23527e+01             
       H -9.79825e+01 -2.63318e+01  6.34497e+01             
       O -6.90933e+01 -2.40494e+01  6.05644e+01             
       H -6.82371e+01 -2.36686e+01  6.09270e+01             
       H -6.89602e+01 -2.43842e+01  5.96427e+01             
       O -9.19425e+01 -1.69875e+01  2.89065e+01             
       H -9.13448e+01 -1.62035e+01  2.91493e+01             
       H -9.15298e+01 -1.78142e+01  2.91534e+01             
       O -7.76324e+01 -2.26939e+01  3.38514e+01             
       H -5.64466e+01 -1.17184e+01  4.48212e+01             
       H -7.66964e+01 -2.24232e+01  3.39892e+01             
       O -8.22252e+01 -1.49713e+01  6.38398e+01             
       H -8.14172e+01 -1.54750e+01  6.39428e+01             
       H -8.18494e+01 -1.41346e+01  6.41546e+01             
       O -8.50464e+01 -2.05393e+01  7.30960e+01             
       H -8.42267e+01 -2.11000e+01  7.28431e+01             
       H -8.47923e+01 -1.97582e+01  7.36815e+01             
