192                                                         
# CELL(abcABC):   12.41850    12.41850    12.41850    90.00000    90.00000    90.00000  Step:           0  Bead:       0 x_centroid{angstrom}  cell{angstrom}   
       O -7.20715e+01 -8.71792e+00  6.11160e+01             
       H -7.13486e+01 -8.82330e+00  6.04094e+01             
       H -7.18019e+01 -7.86351e+00  6.15678e+01             
       O -6.25181e+01 -6.13650e+00  6.18943e+01             
       H -5.99398e+01 -1.71034e+01  5.44143e+01             
       H -6.19974e+01 -6.45475e+00  6.11807e+01             
       O -6.60498e+01 -2.41726e+01  4.54859e+01             
       H -6.53017e+01 -1.23508e+01  4.56280e+01             
       H -6.56923e+01 -2.32868e+01  4.54167e+01             
       O -6.19771e+01 -2.38661e+01  5.14283e+01             
       H -6.12478e+01 -2.39858e+01  5.07897e+01             
       H -6.16275e+01 -2.41578e+01  5.22588e+01             
       O -4.99616e+01 -1.98834e+01  5.28188e+01             
       H -4.92922e+01 -1.99815e+01  5.35380e+01             
       H -4.95761e+01 -1.94757e+01  5.20603e+01             
       O -5.32230e+01 -1.79178e+01  6.39214e+01             
       H -5.25677e+01 -1.80763e+01  6.32621e+01             
       H -5.26934e+01 -1.79032e+01  6.47544e+01             
       O -6.68202e+01 -1.94863e+01  4.20238e+01             
       H -6.59137e+01 -1.90797e+01  4.17981e+01             
       H -5.26205e+01  2.32218e+00  5.24023e+01             
       O -5.10382e+01 -1.65853e+01  6.81258e+01             
       H -5.12742e+01 -1.56833e+01  6.84543e+01             
       H -5.00407e+01 -2.90840e+01  6.80217e+01             
       O -7.09823e+01 -9.46250e+00  4.33914e+01             
       H -7.01458e+01 -9.08542e+00  4.38221e+01             
       H -7.07629e+01 -9.90454e+00  4.25340e+01             
       O -6.59948e+01 -2.44253e+01  4.98790e+01             
       H -6.52752e+01 -2.49811e+01  5.01329e+01             
       H -6.54998e+01 -2.37979e+01  4.93103e+01             
       O -7.07668e+01 -6.54718e+00  5.85212e+01             
       H -7.02364e+01 -6.31499e+00  5.93438e+01             
       H -7.03251e+01 -5.94663e+00  5.78059e+01             
       O -6.50676e+01 -9.05645e+00  4.61251e+01             
       H -6.44085e+01 -8.46271e+00  4.57998e+01             
       H -5.17079e+01 -1.31245e+01  4.19722e+01             
       O -6.10434e+01 -3.09006e+01  4.65769e+01             
       H -6.01342e+01 -3.12456e+01  4.64351e+01             
       H -5.96268e+01 -2.65581e+01  5.58823e+01             
       O -7.15713e+01 -1.49610e+01  5.02748e+01             
       H -7.09469e+01 -1.42204e+01  5.01074e+01             
       H -7.09301e+01 -1.56203e+01  5.06860e+01             
       O -5.04895e+01 -2.50848e+01  5.56616e+01             
       H -5.07578e+01 -2.42142e+01  5.60017e+01             
       H -4.96512e+01 -2.49751e+01  5.50892e+01             
       O -6.40293e+01 -1.08177e+01  6.07613e+01             
       H -6.38879e+01 -9.91980e+00  6.11136e+01             
       H -6.31591e+01 -1.11924e+01  6.09204e+01             
       O -6.64071e+01 -9.88852e+00  4.30226e+01             
       H -6.56553e+01 -2.22450e+01  4.35712e+01             
       H -6.58836e+01 -1.00598e+01  4.21856e+01             
       O -6.38674e+01 -2.56633e+01  3.84281e+01             
       H -6.31404e+01 -2.50502e+01  3.84882e+01             
       H -6.36380e+01 -2.65780e+01  3.82543e+01             
       O -7.20242e+01 -1.13332e+01  4.97620e+01             
       H -7.19122e+01 -1.04897e+01  4.93187e+01             
       H -7.11710e+01 -1.16558e+01  5.00722e+01             
       O -6.73414e+01  6.39963e+00  4.44075e+01             
       H -4.39407e+01 -1.75068e+01  4.85182e+01             
       H -6.70018e+01  5.96547e+00  4.36656e+01             
       O -5.92748e+01 -1.40764e+01  5.79492e+01             
       H -5.99883e+01 -2.06844e+01  5.54981e+01             
       H -7.07381e+01 -1.41731e+01  5.77728e+01             
       O -6.03158e+01 -3.07572e+01  5.14313e+01             
       H -6.01122e+01 -3.00027e+01  5.19884e+01             
       H -5.93970e+01 -3.11897e+01  5.11458e+01             
       O -6.95138e+01 -1.73284e+01  5.63966e+01             
       H -6.87037e+01 -1.77721e+01  5.64008e+01             
       H -6.94486e+01 -1.63754e+01  5.65583e+01             
       O -5.74329e+01 -4.10971e+01  5.18692e+01             
       H -5.66260e+01 -4.11627e+01  5.13397e+01             
       H -5.74538e+01 -4.20107e+01  6.45697e+01             
       O -6.30562e+01 -3.18684e+00  4.72215e+01             
       H -6.33609e+01 -4.05700e+00  4.68517e+01             
       H -6.21359e+01 -3.27650e+00  4.74258e+01             
       O -5.97539e+01 -2.34932e+01  5.81226e+01             
       H -5.91378e+01 -2.31546e+01  5.87555e+01             
       H -5.94471e+01 -2.30667e+01  5.73066e+01             
       O -6.37086e+01 -2.18828e+01  6.41865e+01             
       H -6.33353e+01 -2.11211e+01  6.47262e+01             
       H -6.29930e+01 -2.25320e+01  6.39036e+01             
       O -7.92140e+01 -2.00455e+01  4.82028e+01             
       H -7.86717e+01 -2.04300e+01  4.74721e+01             
       H -7.85540e+01 -1.99823e+01  4.89100e+01             
       O -5.55106e+01 -1.00186e+00  6.41701e+01             
       H -5.47644e+01 -6.00831e-01  6.37356e+01             
       H -5.52344e+01 -1.96882e+00  6.41063e+01             
       O -6.08292e+01 -1.18942e+01  4.15932e+01             
       H -6.04811e+01 -1.27866e+01  4.14183e+01             
       H -6.00678e+01 -1.13468e+01  2.90106e+01             
       O -5.71411e+01 -1.38227e+01  2.92708e+01             
       H -5.69924e+01 -1.45534e+01  2.86612e+01             
       H -6.86835e+01 -1.34008e+01  2.94793e+01             
       O -5.05243e+01 -1.59116e+01  2.56610e+01             
       H -5.02754e+01 -1.62188e+01  2.47889e+01             
       H -4.96727e+01 -1.55692e+01  2.60239e+01             
       O -5.79244e+01 -2.17132e+01  3.45180e+01             
       H -5.79418e+01 -2.12040e+01  3.37328e+01             
       H -5.69838e+01 -2.18729e+01  4.71813e+01             
       O -5.72432e+01 -1.28173e+01  3.72997e+01             
       H -6.27536e+01 -9.78977e+00  4.46678e+01             
       H -5.66624e+01 -1.30530e+01  3.80603e+01             
       O -5.80255e+01 -2.33505e+01  5.32166e+01             
       H -5.74658e+01 -2.40116e+01  5.35754e+01             
       H -5.74427e+01 -2.27311e+01  5.27509e+01             
       O -4.86867e+01 -1.46623e+01  3.98014e+01             
       H -4.83821e+01 -1.53556e+01  4.04373e+01             
       H -4.79057e+01 -1.43496e+01  3.93298e+01             
       O -5.33189e+01 -2.85991e+01  4.84109e+01             
       H -5.30152e+01 -2.93684e+01  4.79353e+01             
       H -5.25353e+01 -2.80919e+01  4.86097e+01             
       O -5.97373e+01 -3.61775e+00  5.97277e+01             
       H -5.95999e+01 -2.88883e+00  5.90957e+01             
       H -5.93425e+01 -3.38465e+00  6.05616e+01             
       O -5.42311e+01  9.70327e+00  7.02697e+01             
       H -5.41523e+01  9.21814e+00  7.10806e+01             
       H -5.33573e+01  1.01233e+01  7.01907e+01             
       O -5.96820e+01 -2.65340e+01  5.49306e+01             
       H -6.66883e+01 -2.04086e+01  4.22269e+01             
       H -5.87788e+01 -2.64513e+01  5.45161e+01             
       O -6.07734e+01 -1.66173e+01  5.43069e+01             
       H -5.66327e+01 -1.25770e+01  3.65431e+01             
       H -6.05043e+01 -1.57283e+01  5.45369e+01             
       O -5.23566e+01 -1.33886e+01  4.13054e+01             
       H -6.66923e+01 -5.60535e+00  4.49954e+01             
       H -5.19433e+01 -1.39102e+01  4.06305e+01             
       O -5.50748e+01 -2.83681e+01  5.10462e+01             
       H -6.67921e+01 -2.90124e+01  6.38147e+01             
       H -4.94000e+01 -6.08763e+00  6.25831e+01             
       O -8.90487e+01 -1.39800e+01  5.77742e+01             
       H -8.84795e+01 -1.35749e+01  5.70849e+01             
       H -8.84267e+01 -1.43866e+01  5.84120e+01             
       O -5.67073e+01 -3.08713e+01  4.84906e+01             
       H -5.58968e+01 -3.13466e+01  4.84456e+01             
       H -5.93214e+01 -1.31142e+01  5.81569e+01             
       O -6.30970e+01 -9.76149e+00  4.37167e+01             
       H -6.23142e+01 -9.44599e+00  4.31925e+01             
       H -7.60138e+01 -1.89790e+01  2.88516e+01             
       O -7.44037e+01 -2.22855e+01  4.61227e+01             
       H -7.38943e+01 -2.15650e+01  4.66034e+01             
       H -7.36538e+01 -2.28121e+01  4.57886e+01             
       O -5.54395e+01 -2.21501e+01  3.93406e+01             
       H -5.52958e+01 -2.22356e+01  3.84041e+01             
       H -5.46931e+01 -2.26983e+01  3.97956e+01             
       O -4.28764e+01 -2.50713e+01  4.80038e+01             
       H -4.21083e+01 -1.25422e+01  4.86077e+01             
       H -4.25234e+01 -2.49599e+01  4.70770e+01             
       O -5.66164e+01 -7.48824e+00  5.27902e+01             
       H -4.36705e+01 -8.23377e+00  5.23933e+01             
       H -5.58999e+01 -7.13730e+00  5.33900e+01             
       O -5.31829e+01  1.72577e+00  5.29142e+01             
       H -6.08025e+01 -2.99698e+01  4.66421e+01             
       H -6.44994e+01  2.78899e+00  4.66576e+01             
       O -6.88099e+01 -1.55269e+01  4.83363e+01             
       H -6.80809e+01 -1.49307e+01  4.80146e+01             
       H -6.90874e+01 -1.50601e+01  4.91443e+01             
       O -6.50382e+01 -5.08793e+00  3.32754e+01             
       H -6.43137e+01 -1.80675e+01  3.28552e+01             
       H -6.50498e+01 -4.40920e+00  3.26075e+01             
       O -7.12208e+01 -1.83227e+01  5.44611e+01             
       H -7.06056e+01 -1.81128e+01  5.51700e+01             
       H -7.07654e+01 -1.90357e+01  5.39721e+01             
       O -6.31191e+01 -1.91460e+01  5.77135e+01             
       H -6.29786e+01 -1.94819e+01  5.68456e+01             
       H -6.22152e+01 -1.88075e+01  5.80470e+01             
       O -7.31408e+01 -2.01526e+01  4.27412e+01             
       H -7.25646e+01 -1.94359e+01  5.48792e+01             
       H -6.72047e+01 -4.06297e+01  3.77352e+01             
       O -5.21867e+01 -2.04547e+01  6.20067e+01             
       H -5.14406e+01 -1.98551e+01  6.18273e+01             
       H -5.19213e+01 -2.10338e+01  6.27345e+01             
       O -5.80838e+01 -1.93695e+01  5.07501e+01             
       H -5.73139e+01 -1.95014e+01  5.13583e+01             
       H -5.76042e+01 -1.91243e+01  4.99112e+01             
       O -8.12636e+01 -2.07879e+01  5.69462e+01             
       H -8.09925e+01 -1.99275e+01  5.72084e+01             
       H -8.04093e+01 -2.11640e+01  5.66117e+01             
       O -5.59750e+01 -2.23212e+01  4.88530e+01             
       H -5.52691e+01 -2.17124e+01  4.86428e+01             
       H -5.57401e+01 -2.31547e+01  4.85474e+01             
       O -7.41874e+01 -1.23684e+01  2.32472e+01             
       H -7.40435e+01 -1.22456e+01  2.22561e+01             
       H -7.33346e+01 -1.21988e+01  2.36760e+01             
       O -6.43090e+01 -1.84915e+01  2.92880e+01             
       H -4.02870e+01 -1.15518e+01  4.04862e+01             
       H -6.39608e+01 -1.76493e+01  2.95775e+01             
       O -6.72250e+01 -1.28946e+01  5.52987e+01             
       H -6.68783e+01 -1.22887e+01  5.60083e+01             
       H -6.64194e+01 -1.30849e+01  5.47201e+01             
       O -6.92180e+01 -1.47294e+01  6.92453e+01             
       H -6.94188e+01 -1.43787e+01  6.83433e+01             
       H -6.82509e+01 -1.45586e+01  6.93755e+01             
192                                                         
# CELL(abcABC):   12.41850    12.41850    12.41850    90.00000    90.00000    90.00000  Step:      200000  Bead:       0 x_centroid{angstrom}  cell{angstrom}   
       O -8.08480e+01 -1.03496e+01  6.69693e+01             
       H -8.07262e+01 -1.09482e+01  6.62151e+01             
       H -7.99365e+01 -1.03857e+01  6.74397e+01             
       O -7.25645e+01 -9.68873e+00  6.65110e+01             
       H -7.13688e+01 -2.00809e+01  5.98151e+01             
       H -7.19577e+01 -9.59110e+00  6.57623e+01             
       O -7.70370e+01 -2.76710e+01  5.23963e+01             
       H -7.60821e+01 -1.48987e+01  5.25883e+01             
       H -7.69478e+01 -2.82980e+01  5.16043e+01             
       O -7.37706e+01 -2.69495e+01  5.73213e+01             
       H -7.30607e+01 -2.62827e+01  5.73200e+01             
       H -7.31641e+01 -2.75993e+01  5.79029e+01             
       O -5.83762e+01 -2.31083e+01  5.57880e+01             
       H -5.80064e+01 -2.32772e+01  5.66997e+01             
       H -5.76097e+01 -2.30585e+01  5.52054e+01             
       O -6.16690e+01 -1.80589e+01  7.15307e+01             
       H -6.09981e+01 -1.74879e+01  7.11918e+01             
       H -6.11237e+01 -1.88343e+01  7.17486e+01             
       O -7.83813e+01 -2.30338e+01  4.79713e+01             
       H -7.76778e+01 -2.23642e+01  4.78241e+01             
       H -6.39316e+01 -3.15000e-01  5.71863e+01             
       O -6.12042e+01 -2.17066e+01  7.45967e+01             
       H -6.03960e+01 -2.18843e+01  7.52288e+01             
       H -6.07403e+01 -3.37409e+01  7.38154e+01             
       O -8.20884e+01 -1.20715e+01  4.58147e+01             
       H -8.14615e+01 -1.13753e+01  4.61102e+01             
       H -8.14060e+01 -1.26610e+01  4.54231e+01             
       O -7.76843e+01 -2.83856e+01  5.70414e+01             
       H -7.72151e+01 -2.91331e+01  5.74509e+01             
       H -7.71408e+01 -2.76473e+01  5.72933e+01             
       O -8.30325e+01 -3.43305e+00  6.52888e+01             
       H -8.24034e+01 -3.78158e+00  6.46262e+01             
       H -8.25462e+01 -3.22105e+00  6.61199e+01             
       O -7.62365e+01 -1.17299e+01  5.15580e+01             
       H -7.55950e+01 -1.18738e+01  5.08120e+01             
       H -6.13443e+01 -1.61829e+01  4.89568e+01             
       O -7.13641e+01 -3.45199e+01  5.10962e+01             
       H -7.12091e+01 -3.55175e+01  5.09415e+01             
       H -7.06836e+01 -2.99477e+01  6.19753e+01             
       O -8.24317e+01 -1.69871e+01  5.70434e+01             
       H -8.20011e+01 -1.64721e+01  5.63141e+01             
       H -8.18549e+01 -1.70948e+01  5.79041e+01             
       O -6.03587e+01 -2.69725e+01  6.12772e+01             
       H -5.99174e+01 -2.71040e+01  6.21038e+01             
       H -5.97119e+01 -2.66096e+01  6.06158e+01             
       O -7.46035e+01 -1.16211e+01  6.65943e+01             
       H -7.39371e+01 -1.08845e+01  6.64963e+01             
       H -7.40947e+01 -1.24492e+01  6.68062e+01             
       O -7.67083e+01 -1.28686e+01  4.79805e+01             
       H -7.58709e+01 -2.49118e+01  4.83306e+01             
       H -7.66996e+01 -1.29662e+01  4.69944e+01             
       O -7.34393e+01 -2.82624e+01  4.24018e+01             
       H -7.27596e+01 -2.89350e+01  4.22807e+01             
       H -7.32800e+01 -2.78503e+01  4.32451e+01             
       O -8.47248e+01 -1.29373e+01  5.52256e+01             
       H -8.41780e+01 -1.21694e+01  5.55088e+01             
       H -8.41367e+01 -1.35978e+01  5.47903e+01             
       O -7.94423e+01  2.64404e+00  5.05859e+01             
       H -5.19339e+01 -1.96971e+01  5.44515e+01             
       H -7.86048e+01  2.90563e+00  5.10186e+01             
       O -6.75108e+01 -1.87299e+01  6.38142e+01             
       H -6.98500e+01 -2.62306e+01  6.08971e+01             
       H -7.96027e+01 -1.89278e+01  6.47639e+01             
       O -6.96024e+01 -3.28292e+01  5.41326e+01             
       H -6.88166e+01 -3.22334e+01  5.40964e+01             
       H -6.91314e+01 -3.36278e+01  5.41987e+01             
       O -8.16094e+01 -2.05906e+01  6.26673e+01             
       H -8.07852e+01 -2.11203e+01  6.28310e+01             
       H -8.14037e+01 -1.96845e+01  6.28837e+01             
       O -6.61338e+01 -4.41643e+01  5.90431e+01             
       H -6.53879e+01 -4.37769e+01  5.84534e+01             
       H -6.62232e+01 -4.50816e+01  7.12267e+01             
       O -7.41729e+01 -5.75038e+00  5.14921e+01             
       H -7.32902e+01 -5.88285e+00  5.19892e+01             
       H -7.40458e+01 -5.23334e+00  5.06288e+01             
       O -6.84827e+01 -2.68973e+01  6.21416e+01             
       H -6.85553e+01 -2.62694e+01  6.29024e+01             
       H -6.76256e+01 -2.67239e+01  6.17485e+01             
       O -7.61222e+01 -2.35411e+01  6.87282e+01             
       H -7.56236e+01 -2.30843e+01  6.94406e+01             
       H -7.55522e+01 -2.37143e+01  6.79212e+01             
       O -8.69666e+01 -2.19635e+01  5.80360e+01             
       H -8.60671e+01 -2.22837e+01  5.84978e+01             
       H -8.67715e+01 -2.12652e+01  5.74117e+01             
       O -6.71060e+01 -3.18892e+00  7.15617e+01             
       H -6.67452e+01 -2.82551e+00  7.24251e+01             
       H -6.63732e+01 -3.53544e+00  7.10392e+01             
       O -7.20741e+01 -1.62602e+01  4.62337e+01             
       H -7.13218e+01 -1.64888e+01  4.56162e+01             
       H -7.17919e+01 -1.63242e+01  3.47285e+01             
       O -6.87540e+01 -1.75011e+01  3.43671e+01             
       H -6.82964e+01 -1.83344e+01  3.42731e+01             
       H -8.04794e+01 -1.68055e+01  3.44417e+01             
       O -5.96681e+01 -1.83870e+01  2.85021e+01             
       H -5.92888e+01 -1.93107e+01  2.85483e+01             
       H -5.90091e+01 -1.77188e+01  2.82596e+01             
       O -6.82258e+01 -2.41113e+01  3.96544e+01             
       H -6.79284e+01 -2.33622e+01  3.91047e+01             
       H -6.73746e+01 -2.46397e+01  5.21289e+01             
       O -6.88234e+01 -1.52907e+01  4.24546e+01             
       H -7.35547e+01 -1.27638e+01  4.93859e+01             
       H -6.85921e+01 -1.46745e+01  4.32341e+01             
       O -6.78397e+01 -2.59233e+01  5.67464e+01             
       H -6.75098e+01 -2.65864e+01  5.74267e+01             
       H -6.70061e+01 -2.56363e+01  5.62747e+01             
       O -5.87266e+01 -1.94735e+01  4.37993e+01             
       H -5.82813e+01 -1.98123e+01  4.29910e+01             
       H -5.82611e+01 -1.86311e+01  4.40491e+01             
       O -6.30905e+01 -3.07452e+01  5.48773e+01             
       H -6.30580e+01 -2.99179e+01  5.43309e+01             
       H -6.22075e+01 -3.11585e+01  5.49376e+01             
       O -7.22777e+01 -1.83953e+00  6.38838e+01             
       H -7.17339e+01 -2.35561e+00  6.44378e+01             
       H -7.18024e+01 -9.71532e-01  6.37544e+01             
       O -6.33299e+01  4.76420e+00  7.55804e+01             
       H -6.28013e+01  5.47546e+00  7.61178e+01             
       H -6.26105e+01  4.22801e+00  7.52422e+01             
       O -7.11157e+01 -2.97719e+01  6.11060e+01             
       H -7.79805e+01 -2.39598e+01  4.80203e+01             
       H -7.02712e+01 -2.96673e+01  6.05751e+01             
       O -7.22643e+01 -1.97216e+01  6.00481e+01             
       H -6.80218e+01 -1.56944e+01  4.22141e+01             
       H -7.20640e+01 -1.89336e+01  6.05802e+01             
       O -6.20269e+01 -1.68594e+01  4.90946e+01             
       H -7.90636e+01 -9.98034e+00  4.96377e+01             
       H -6.20196e+01 -1.72821e+01  4.81649e+01             
       O -6.39701e+01 -3.06991e+01  5.76487e+01             
       H -7.55741e+01 -3.07564e+01  7.06900e+01             
       H -5.95593e+01 -1.00518e+01  6.71899e+01             
       O -9.94344e+01 -1.42151e+01  6.55110e+01             
       H -9.90376e+01 -1.49464e+01  6.60827e+01             
       H -9.87707e+01 -1.40133e+01  6.48956e+01             
       O -6.49753e+01 -3.28520e+01  5.43584e+01             
       H -6.47600e+01 -3.34583e+01  5.36070e+01             
       H -6.67734e+01 -1.90768e+01  6.32169e+01             
       O -7.42526e+01 -1.21095e+01  4.95255e+01             
       H -7.38313e+01 -1.12376e+01  4.94390e+01             
       H -8.84046e+01 -2.16599e+01  3.42718e+01             
       O -8.30502e+01 -2.47804e+01  5.07970e+01             
       H -8.27355e+01 -2.49924e+01  4.99194e+01             
       H -8.22140e+01 -2.46354e+01  5.13728e+01             
       O -6.61629e+01 -2.48583e+01  4.27350e+01             
       H -6.52485e+01 -2.45643e+01  4.28647e+01             
       H -6.61026e+01 -2.52401e+01  4.18338e+01             
       O -5.40323e+01 -2.87668e+01  5.42186e+01             
       H -5.36998e+01 -1.62182e+01  5.50965e+01             
       H -5.34169e+01 -2.84058e+01  5.35449e+01             
       O -6.78158e+01 -1.00775e+01  5.86368e+01             
       H -5.48311e+01 -1.01020e+01  5.77833e+01             
       H -6.70828e+01 -1.03437e+01  5.93045e+01             
       O -6.39308e+01 -1.12668e+00  5.77587e+01             
       H -7.05960e+01 -3.39528e+01  5.07781e+01             
       H -7.56707e+01  5.21291e-01  5.23543e+01             
       O -7.96332e+01 -1.91015e+01  5.39522e+01             
       H -7.93988e+01 -1.81769e+01  5.43314e+01             
       H -7.88339e+01 -1.96891e+01  5.40973e+01             
       O -7.72326e+01 -9.26881e+00  3.95862e+01             
       H -7.65471e+01 -2.10013e+01  3.92111e+01             
       H -7.67151e+01 -1.00847e+01  3.93846e+01             
       O -8.27993e+01 -2.12319e+01  5.84214e+01             
       H -8.18587e+01 -2.14270e+01  5.84616e+01             
       H -8.30892e+01 -2.08907e+01  5.75678e+01             
       O -7.23983e+01 -2.30804e+01  5.92126e+01             
       H -7.22665e+01 -2.39957e+01  5.94184e+01             
       H -7.14976e+01 -2.27148e+01  5.91211e+01             
       O -8.28972e+01 -2.56318e+01  4.79859e+01             
       H -8.24207e+01 -2.51960e+01  5.97025e+01             
       H -7.60961e+01 -4.33672e+01  4.43462e+01             
       O -6.15109e+01 -2.00765e+01  6.82920e+01             
       H -6.11635e+01 -2.06378e+01  6.76112e+01             
       H -6.07411e+01 -1.97299e+01  6.88063e+01             
       O -6.58779e+01 -2.18957e+01  5.63872e+01             
       H -6.51249e+01 -2.24843e+01  5.65116e+01             
       H -6.57235e+01 -2.12522e+01  5.56544e+01             
       O -9.09537e+01 -2.69248e+01  6.13014e+01             
       H -9.04281e+01 -2.61289e+01  6.11636e+01             
       H -9.03287e+01 -2.76172e+01  6.16669e+01             
       O -6.60435e+01 -2.52632e+01  5.24282e+01             
       H -6.54370e+01 -2.46694e+01  5.19229e+01             
       H -6.56609e+01 -2.61762e+01  5.23303e+01             
       O -8.15831e+01 -1.68143e+01  2.60104e+01             
       H -8.08605e+01 -1.74543e+01  2.62844e+01             
       H -8.11477e+01 -1.60105e+01  2.56151e+01             
       O -7.63951e+01 -2.14588e+01  3.51095e+01             
       H -5.05805e+01 -1.37485e+01  4.52721e+01             
       H -7.56170e+01 -2.13016e+01  3.56955e+01             
       O -7.70628e+01 -1.64572e+01  6.22403e+01             
       H -7.74739e+01 -1.72949e+01  6.23288e+01             
       H -7.62112e+01 -1.65866e+01  6.17476e+01             
       O -7.80093e+01 -1.91004e+01  7.43024e+01             
       H -7.81058e+01 -1.92448e+01  7.33076e+01             
       H -7.71911e+01 -1.96029e+01  7.46023e+01             
