192                                                         
# CELL(abcABC):   12.41850    12.41850    12.41850    90.00000    90.00000    90.00000  Step:           0  Bead:       0 x_centroid{angstrom}  cell{angstrom}   
       O -7.16074e+01 -8.29303e+00  6.26183e+01             
       H -7.13791e+01 -8.42808e+00  6.16686e+01             
       H -7.09983e+01 -7.63234e+00  6.29708e+01             
       O -6.15448e+01 -7.43953e+00  6.15624e+01             
       H -5.83833e+01 -1.68934e+01  5.40809e+01             
       H -6.14756e+01 -6.55854e+00  6.12730e+01             
       O -6.53194e+01 -2.39248e+01  4.54698e+01             
       H -6.45943e+01 -1.20674e+01  4.52028e+01             
       H -6.49865e+01 -2.30343e+01  4.55190e+01             
       O -6.13267e+01 -2.36913e+01  5.05373e+01             
       H -6.07219e+01 -2.38489e+01  4.97531e+01             
       H -6.08609e+01 -2.40208e+01  5.13161e+01             
       O -4.97210e+01 -1.96064e+01  5.32880e+01             
       H -4.91072e+01 -1.98331e+01  5.40121e+01             
       H -4.91773e+01 -1.89371e+01  5.28005e+01             
       O -5.31467e+01 -1.71497e+01  6.38193e+01             
       H -5.23855e+01 -1.66830e+01  6.34524e+01             
       H -5.28470e+01 -1.72374e+01  6.47712e+01             
       O -6.55970e+01 -1.91257e+01  4.28984e+01             
       H -6.48495e+01 -1.85951e+01  4.27370e+01             
       H -5.24218e+01  3.20020e+00  5.15567e+01             
       O -4.92034e+01 -1.56941e+01  6.77957e+01             
       H -4.92701e+01 -1.47095e+01  6.78205e+01             
       H -4.82932e+01 -2.82974e+01  6.76001e+01             
       O -7.00873e+01 -7.57453e+00  4.17768e+01             
       H -6.94466e+01 -7.66951e+00  4.25516e+01             
       H -6.99657e+01 -8.38394e+00  4.12663e+01             
       O -6.46752e+01 -2.26078e+01  4.88818e+01             
       H -6.42226e+01 -2.23704e+01  4.97416e+01             
       H -6.40008e+01 -2.25895e+01  4.82082e+01             
       O -6.91692e+01 -6.09328e+00  5.79104e+01             
       H -6.91162e+01 -5.35818e+00  5.85744e+01             
       H -6.87533e+01 -5.70560e+00  5.70602e+01             
       O -6.40611e+01 -9.09814e+00  4.50070e+01             
       H -6.32660e+01 -9.03023e+00  4.44311e+01             
       H -5.21521e+01 -1.24141e+01  4.11244e+01             
       O -5.91293e+01 -3.00881e+01  4.47627e+01             
       H -5.83705e+01 -3.04515e+01  4.52492e+01             
       H -5.73431e+01 -2.57430e+01  5.42212e+01             
       O -6.98126e+01 -1.69052e+01  4.75678e+01             
       H -6.90209e+01 -1.71117e+01  4.80824e+01             
       H -6.99371e+01 -1.59695e+01  4.73327e+01             
       O -4.82917e+01 -2.52078e+01  5.55547e+01             
       H -4.75735e+01 -2.54184e+01  5.62046e+01             
       H -4.78874e+01 -2.47116e+01  5.48223e+01             
       O -6.25291e+01 -9.16071e+00  5.98034e+01             
       H -6.21856e+01 -8.60579e+00  6.05094e+01             
       H -6.17228e+01 -9.62950e+00  5.93967e+01             
       O -6.58601e+01 -9.32817e+00  4.21930e+01             
       H -6.50748e+01 -2.23364e+01  4.23443e+01             
       H -6.60548e+01 -9.30666e+00  4.12160e+01             
       O -6.39313e+01 -2.55756e+01  3.82787e+01             
       H -6.31705e+01 -2.50182e+01  3.81452e+01             
       H -6.36583e+01 -2.64554e+01  3.81414e+01             
       O -7.07967e+01 -1.17037e+01  5.00950e+01             
       H -7.09261e+01 -1.07855e+01  5.02796e+01             
       H -6.98657e+01 -1.18530e+01  5.03243e+01             
       O -6.57956e+01  6.17895e+00  4.59198e+01             
       H -4.20548e+01 -1.75364e+01  4.97667e+01             
       H -6.56044e+01  5.91402e+00  4.49827e+01             
       O -5.71202e+01 -1.35862e+01  5.66620e+01             
       H -5.94129e+01 -1.97970e+01  5.47449e+01             
       H -6.88352e+01 -1.42817e+01  5.66787e+01             
       O -6.04833e+01 -3.00099e+01  5.19520e+01             
       H -5.98267e+01 -2.98845e+01  5.26556e+01             
       H -6.07995e+01 -2.91256e+01  5.16392e+01             
       O -6.82506e+01 -1.77294e+01  5.55232e+01             
       H -6.73548e+01 -1.81715e+01  5.53720e+01             
       H -6.79502e+01 -1.68998e+01  5.59900e+01             
       O -5.77970e+01 -4.01339e+01  5.08152e+01             
       H -5.74548e+01 -3.94383e+01  5.01910e+01             
       H -5.70544e+01 -4.06811e+01  6.33169e+01             
       O -6.18320e+01 -1.70820e+00  4.72721e+01             
       H -6.12649e+01 -2.27180e+00  4.67707e+01             
       H -6.11537e+01 -1.15503e+00  4.77419e+01             
       O -5.55572e+01 -2.38483e+01  5.68209e+01             
       H -5.56366e+01 -2.28968e+01  5.65090e+01             
       H -5.46186e+01 -2.38493e+01  5.72092e+01             
       O -6.30311e+01 -2.18851e+01  6.42851e+01             
       H -6.27121e+01 -2.10496e+01  6.47041e+01             
       H -6.23168e+01 -2.21655e+01  6.36912e+01             
       O -7.90003e+01 -2.02045e+01  4.78915e+01             
       H -7.86729e+01 -1.97478e+01  4.70895e+01             
       H -7.82226e+01 -2.06865e+01  4.82546e+01             
       O -5.57596e+01 -2.00437e-02  6.29939e+01             
       H -5.51352e+01 -2.08201e-01  6.22726e+01             
       H -5.55336e+01 -5.91425e-01  6.37665e+01             
       O -6.00333e+01 -1.17684e+01  4.04685e+01             
       H -5.93874e+01 -1.25860e+01  4.04434e+01             
       H -5.94354e+01 -1.09988e+01  2.80070e+01             
       O -5.59314e+01 -1.17270e+01  2.92913e+01             
       H -5.51029e+01 -1.20423e+01  2.88747e+01             
       H -6.80742e+01 -1.16468e+01  3.02003e+01             
       O -5.06819e+01 -1.56687e+01  2.67205e+01             
       H -5.05531e+01 -1.59590e+01  2.76546e+01             
       H -4.97335e+01 -1.54287e+01  2.64955e+01             
       O -5.83250e+01 -2.09916e+01  3.48212e+01             
       H -5.81080e+01 -2.01702e+01  3.43365e+01             
       H -5.75484e+01 -2.15738e+01  4.72544e+01             
       O -5.66405e+01 -1.41336e+01  3.52769e+01             
       H -6.27697e+01 -1.05808e+01  4.22678e+01             
       H -5.64406e+01 -1.31970e+01  3.51475e+01             
       O -5.77513e+01 -2.24763e+01  5.29180e+01             
       H -5.71575e+01 -2.31088e+01  5.33713e+01             
       H -5.72043e+01 -2.22897e+01  5.20917e+01             
       O -4.81985e+01 -1.50360e+01  3.83823e+01             
       H -4.73028e+01 -1.49958e+01  3.88343e+01             
       H -4.79479e+01 -1.52609e+01  3.74670e+01             
       O -5.19497e+01 -2.78874e+01  4.78489e+01             
       H -5.15574e+01 -2.87374e+01  4.76675e+01             
       H -5.12318e+01 -2.72972e+01  4.75379e+01             
       O -5.94211e+01 -2.01832e+00  5.78111e+01             
       H -5.85352e+01 -1.64548e+00  5.76314e+01             
       H -5.92988e+01 -2.88623e+00  5.74660e+01             
       O -5.09443e+01  6.54805e+00  7.18459e+01             
       H -5.02842e+01  7.11178e+00  7.14465e+01             
       H -5.05580e+01  5.66562e+00  7.18195e+01             
       O -5.80712e+01 -2.61023e+01  5.36479e+01             
       H -6.54825e+01 -2.00400e+01  4.27298e+01             
       H -5.74941e+01 -2.64068e+01  5.29438e+01             
       O -5.89204e+01 -1.63068e+01  5.46700e+01             
       H -5.57642e+01 -1.45321e+01  3.52878e+01             
       H -5.85402e+01 -1.54137e+01  5.45441e+01             
       O -5.28615e+01 -1.28407e+01  4.05766e+01             
       H -6.49113e+01 -5.93248e+00  4.62726e+01             
       H -5.23256e+01 -1.30624e+01  3.97338e+01             
       O -5.51565e+01 -2.67661e+01  5.24889e+01             
       H -6.66320e+01 -2.67343e+01  6.51221e+01             
       H -4.84173e+01 -7.61985e+00  6.22388e+01             
       O -8.81056e+01 -1.33290e+01  5.74458e+01             
       H -8.73549e+01 -1.29660e+01  5.69607e+01             
       H -8.77379e+01 -1.38090e+01  5.82682e+01             
       O -5.50807e+01 -3.02550e+01  4.90999e+01             
       H -5.46937e+01 -3.11046e+01  4.87875e+01             
       H -5.66060e+01 -1.28503e+01  5.70553e+01             
       O -6.35537e+01 -1.08157e+01  4.17428e+01             
       H -6.33261e+01 -1.04001e+01  4.08819e+01             
       H -7.56677e+01 -1.81348e+01  2.89028e+01             
       O -7.26822e+01 -2.26597e+01  4.63284e+01             
       H -7.23940e+01 -2.34914e+01  4.65910e+01             
       H -7.19412e+01 -2.20622e+01  4.63451e+01             
       O -5.60297e+01 -2.19308e+01  3.82939e+01             
       H -5.59165e+01 -2.19853e+01  3.72733e+01             
       H -5.50737e+01 -2.19657e+01  3.85866e+01             
       O -4.15394e+01 -2.45243e+01  4.79781e+01             
       H -4.10171e+01 -1.16966e+01  4.86795e+01             
       H -4.10183e+01 -2.45511e+01  4.71836e+01             
       O -5.69655e+01 -6.85331e+00  5.08524e+01             
       H -4.42026e+01 -7.72168e+00  5.09191e+01             
       H -5.62069e+01 -6.25224e+00  5.04879e+01             
       O -5.32492e+01  2.66232e+00  5.18250e+01             
       H -5.86642e+01 -2.95220e+01  4.40891e+01             
       H -6.36612e+01  3.59374e+00  4.58508e+01             
       O -6.68323e+01 -1.56700e+01  4.69822e+01             
       H -6.68993e+01 -1.66445e+01  4.69892e+01             
       H -6.58766e+01 -1.55438e+01  4.72549e+01             
       O -6.16451e+01 -4.48971e+00  3.31454e+01             
       H -6.08740e+01 -1.74139e+01  3.29833e+01             
       H -6.17587e+01 -4.04279e+00  3.22339e+01             
       O -6.95393e+01 -1.72017e+01  5.29916e+01             
       H -6.90147e+01 -1.74600e+01  5.37464e+01             
       H -6.95398e+01 -1.79528e+01  5.23338e+01             
       O -6.16823e+01 -2.19093e+01  5.62023e+01             
       H -6.09868e+01 -2.12784e+01  5.58536e+01             
       H -6.11059e+01 -2.25154e+01  5.66434e+01             
       O -7.26894e+01 -1.96976e+01  4.27881e+01             
       H -7.24075e+01 -1.90812e+01  5.59300e+01             
       H -6.77034e+01 -4.00340e+01  3.96705e+01             
       O -5.21905e+01 -1.99617e+01  6.26838e+01             
       H -5.12568e+01 -1.98731e+01  6.25456e+01             
       H -5.25327e+01 -1.91152e+01  6.30830e+01             
       O -5.98850e+01 -1.74001e+01  4.88188e+01             
       H -5.96482e+01 -1.74506e+01  4.97700e+01             
       H -5.90603e+01 -1.70661e+01  4.83979e+01             
       O -8.07063e+01 -2.10279e+01  5.62406e+01             
       H -8.02213e+01 -2.05856e+01  5.69410e+01             
       H -7.99702e+01 -2.12397e+01  5.56422e+01             
       O -5.57965e+01 -2.23713e+01  4.78886e+01             
       H -5.50719e+01 -2.17022e+01  4.77031e+01             
       H -5.53388e+01 -2.32386e+01  4.78447e+01             
       O -7.17953e+01 -1.27522e+01  2.27453e+01             
       H -7.13833e+01 -1.35086e+01  2.22849e+01             
       H -7.12466e+01 -1.24537e+01  2.35172e+01             
       O -6.37774e+01 -1.73016e+01  2.89498e+01             
       H -4.05818e+01 -1.06529e+01  3.93427e+01             
       H -6.34476e+01 -1.68124e+01  2.97036e+01             
       O -6.52919e+01 -1.48966e+01  5.57032e+01             
       H -6.46059e+01 -1.44851e+01  5.62754e+01             
       H -6.52202e+01 -1.44452e+01  5.48231e+01             
       O -6.76045e+01 -1.53730e+01  6.93021e+01             
       H -6.68301e+01 -1.51016e+01  6.87889e+01             
       H -6.71888e+01 -1.54259e+01  7.01803e+01             
192                                                         
# CELL(abcABC):   12.41850    12.41850    12.41850    90.00000    90.00000    90.00000  Step:      200000  Bead:       0 x_centroid{angstrom}  cell{angstrom}   
       O -8.76915e+01 -1.32104e+01  6.95459e+01             
       H -8.76322e+01 -1.34334e+01  7.04753e+01             
       H -8.67868e+01 -1.35225e+01  6.92806e+01             
       O -7.61265e+01 -9.15799e+00  6.84804e+01             
       H -7.48027e+01 -2.09488e+01  6.01578e+01             
       H -7.53972e+01 -9.22656e+00  6.91735e+01             
       O -7.64301e+01 -2.82260e+01  5.08156e+01             
       H -7.56894e+01 -1.60462e+01  5.02071e+01             
       H -7.60059e+01 -2.78777e+01  5.15994e+01             
       O -7.58041e+01 -2.95022e+01  5.50029e+01             
       H -7.52783e+01 -2.92086e+01  5.41829e+01             
       H -7.52142e+01 -3.02076e+01  5.54810e+01             
       O -6.27208e+01 -2.64417e+01  6.00265e+01             
       H -6.23302e+01 -2.72730e+01  5.97917e+01             
       H -6.19838e+01 -2.60101e+01  6.05362e+01             
       O -6.52896e+01 -2.55264e+01  7.30665e+01             
       H -6.51183e+01 -2.46557e+01  7.34568e+01             
       H -6.44301e+01 -2.58237e+01  7.27427e+01             
       O -7.87829e+01 -2.05240e+01  5.25046e+01             
       H -7.85909e+01 -2.14803e+01  5.27518e+01             
       H -7.16678e+01 -4.58816e+00  5.94578e+01             
       O -6.35393e+01 -1.77603e+01  7.19533e+01             
       H -6.29918e+01 -1.74146e+01  7.26967e+01             
       H -6.29890e+01 -2.97285e+01  7.12988e+01             
       O -8.53282e+01 -1.20808e+01  5.33416e+01             
       H -8.50033e+01 -1.11395e+01  5.32348e+01             
       H -8.46547e+01 -1.25755e+01  5.28787e+01             
       O -8.11988e+01 -2.64840e+01  5.45282e+01             
       H -8.04935e+01 -2.60512e+01  5.50294e+01             
       H -8.07421e+01 -2.71116e+01  5.39562e+01             
       O -8.26492e+01 -9.34895e+00  6.35624e+01             
       H -8.21737e+01 -8.53220e+00  6.34188e+01             
       H -8.23795e+01 -9.91372e+00  6.28262e+01             
       O -7.75313e+01 -1.14782e+01  5.57999e+01             
       H -7.72516e+01 -1.05544e+01  5.61088e+01             
       H -6.90271e+01 -1.39977e+01  4.68254e+01             
       O -7.29719e+01 -3.39916e+01  5.04933e+01             
       H -7.20944e+01 -3.41361e+01  5.08827e+01             
       H -7.05601e+01 -3.14826e+01  6.03840e+01             
       O -8.13510e+01 -2.03446e+01  5.42856e+01             
       H -8.05322e+01 -2.00781e+01  5.38498e+01             
       H -8.14394e+01 -2.12987e+01  5.41098e+01             
       O -6.20103e+01 -2.91239e+01  6.17297e+01             
       H -6.12429e+01 -2.85158e+01  6.17982e+01             
       H -6.17229e+01 -2.98446e+01  6.22859e+01             
       O -7.92700e+01 -1.33728e+01  6.86805e+01             
       H -7.86830e+01 -1.26016e+01  6.85156e+01             
       H -7.85707e+01 -1.41182e+01  6.87145e+01             
       O -8.03650e+01 -1.28371e+01  5.07521e+01             
       H -7.97353e+01 -2.60090e+01  5.06119e+01             
       H -7.97247e+01 -1.21828e+01  5.11610e+01             
       O -8.40038e+01 -2.52684e+01  4.54610e+01             
       H -8.39025e+01 -2.59524e+01  4.47905e+01             
       H -8.33339e+01 -2.55678e+01  4.60640e+01             
       O -8.66106e+01 -1.55913e+01  5.32611e+01             
       H -8.61694e+01 -1.51342e+01  5.40846e+01             
       H -8.58467e+01 -1.61768e+01  5.30980e+01             
       O -7.86699e+01  3.58772e+00  5.78609e+01             
       H -5.80969e+01 -2.32314e+01  5.92242e+01             
       H -7.85970e+01  4.53172e+00  5.75224e+01             
       O -6.96105e+01 -1.74562e+01  6.40758e+01             
       H -7.53841e+01 -2.47468e+01  6.39617e+01             
       H -8.17527e+01 -1.83980e+01  6.42403e+01             
       O -7.36385e+01 -3.37146e+01  5.71596e+01             
       H -7.28730e+01 -3.41380e+01  5.67892e+01             
       H -7.32903e+01 -3.35156e+01  5.79953e+01             
       O -8.13553e+01 -2.33703e+01  6.14383e+01             
       H -8.10542e+01 -2.40997e+01  6.19597e+01             
       H -8.06633e+01 -2.26881e+01  6.13527e+01             
       O -7.43923e+01 -4.08588e+01  5.79070e+01             
       H -7.39722e+01 -4.13852e+01  5.71692e+01             
       H -7.35762e+01 -4.04828e+01  7.08025e+01             
       O -7.37727e+01 -6.38626e+00  5.11096e+01             
       H -7.33076e+01 -6.01051e+00  5.18863e+01             
       H -7.36515e+01 -7.37551e+00  5.11080e+01             
       O -6.76997e+01 -2.85169e+01  6.53027e+01             
       H -6.71585e+01 -2.80685e+01  6.46100e+01             
       H -6.70259e+01 -2.90893e+01  6.57530e+01             
       O -7.70607e+01 -2.76086e+01  6.89179e+01             
       H -7.64988e+01 -2.68579e+01  6.91249e+01             
       H -7.65903e+01 -2.81796e+01  6.82978e+01             
       O -9.32376e+01 -2.27925e+01  5.71035e+01             
       H -9.23908e+01 -2.22342e+01  5.72929e+01             
       H -9.29839e+01 -2.36404e+01  5.74909e+01             
       O -6.64164e+01 -6.35715e+00  6.93041e+01             
       H -6.60641e+01 -5.59494e+00  6.98294e+01             
       H -6.61142e+01 -6.17194e+00  6.83882e+01             
       O -7.23329e+01 -1.50125e+01  4.99430e+01             
       H -7.15170e+01 -1.56188e+01  4.96491e+01             
       H -7.22778e+01 -1.47532e+01  3.84401e+01             
       O -7.02723e+01 -1.64483e+01  3.70248e+01             
       H -6.98444e+01 -1.68719e+01  3.78874e+01             
       H -8.19851e+01 -1.64149e+01  3.63756e+01             
       O -6.58113e+01 -1.68989e+01  3.37251e+01             
       H -6.50600e+01 -1.70829e+01  3.42750e+01             
       H -6.55319e+01 -1.60950e+01  3.32806e+01             
       O -7.12088e+01 -2.26268e+01  4.41897e+01             
       H -7.02511e+01 -2.25404e+01  4.44741e+01             
       H -7.14610e+01 -2.35668e+01  5.68840e+01             
       O -6.93903e+01 -1.76018e+01  4.49105e+01             
       H -7.77737e+01 -1.51122e+01  5.05503e+01             
       H -6.94732e+01 -1.82713e+01  4.55605e+01             
       O -7.48587e+01 -2.35537e+01  6.24440e+01             
       H -7.41675e+01 -2.42452e+01  6.21294e+01             
       H -7.42062e+01 -2.28549e+01  6.27304e+01             
       O -6.12833e+01 -1.86417e+01  4.36429e+01             
       H -6.03615e+01 -1.86209e+01  4.32703e+01             
       H -6.13879e+01 -1.95602e+01  4.39366e+01             
       O -6.23362e+01 -3.35198e+01  5.35998e+01             
       H -6.26194e+01 -3.43563e+01  5.31603e+01             
       H -6.13656e+01 -3.36311e+01  5.36054e+01             
       O -7.75067e+01 -7.41334e+00  6.18214e+01             
       H -7.70714e+01 -6.84076e+00  6.24845e+01             
       H -7.68649e+01 -7.57438e+00  6.11488e+01             
       O -6.70623e+01  3.86653e+00  8.54537e+01             
       H -6.64475e+01  4.47175e+00  8.59441e+01             
       H -6.66200e+01  3.65438e+00  8.45768e+01             
       O -7.14995e+01 -3.13058e+01  6.05945e+01             
       H -7.79312e+01 -2.02261e+01  5.22786e+01             
       H -7.15235e+01 -3.07661e+01  6.14138e+01             
       O -7.56734e+01 -2.06447e+01  5.98845e+01             
       H -6.86042e+01 -1.79205e+01  4.45128e+01             
       H -7.54776e+01 -1.98028e+01  5.94115e+01             
       O -6.99119e+01 -1.44076e+01  4.70213e+01             
       H -7.78669e+01 -9.18616e+00  5.74940e+01             
       H -7.00015e+01 -1.42929e+01  4.79860e+01             
       O -6.89745e+01 -3.16460e+01  6.01438e+01             
       H -8.08413e+01 -3.24775e+01  7.26848e+01             
       H -6.31721e+01 -8.87102e+00  6.76666e+01             
       O -1.01334e+02 -1.85957e+01  6.39914e+01             
       H -1.01575e+02 -1.76492e+01  6.38147e+01             
       H -1.00395e+02 -1.85792e+01  6.41014e+01             
       O -7.10124e+01 -3.54977e+01  6.00378e+01             
       H -7.03040e+01 -3.55763e+01  6.07030e+01             
       H -6.88960e+01 -1.69040e+01  6.45090e+01             
       O -7.87162e+01 -1.48293e+01  5.02022e+01             
       H -7.83730e+01 -1.42120e+01  4.94173e+01             
       H -8.90264e+01 -2.32639e+01  3.73953e+01             
       O -8.28404e+01 -2.58765e+01  5.22767e+01             
       H -8.21759e+01 -2.57274e+01  5.15680e+01             
       H -8.22727e+01 -2.60247e+01  5.30251e+01             
       O -7.30953e+01 -2.64557e+01  4.26887e+01             
       H -7.23102e+01 -2.69363e+01  4.30970e+01             
       H -7.27878e+01 -2.56283e+01  4.22586e+01             
       O -5.82837e+01 -2.76387e+01  5.61756e+01             
       H -5.76103e+01 -1.49795e+01  5.55321e+01             
       H -5.79557e+01 -2.83613e+01  5.67462e+01             
       O -7.29655e+01 -1.26455e+01  6.10300e+01             
       H -6.00156e+01 -1.34817e+01  6.12917e+01             
       H -7.23624e+01 -1.19563e+01  6.05733e+01             
       O -7.20077e+01 -3.72930e+00  5.92495e+01             
       H -7.28821e+01 -3.37259e+01  4.95123e+01             
       H -7.66528e+01  5.36915e-01  5.59851e+01             
       O -7.83313e+01 -1.76281e+01  5.41616e+01             
       H -7.75088e+01 -1.72503e+01  5.44071e+01             
       H -7.79822e+01 -1.82738e+01  5.34261e+01             
       O -7.19443e+01 -9.68740e+00  4.15396e+01             
       H -7.15422e+01 -2.26321e+01  4.23137e+01             
       H -7.11168e+01 -9.54792e+00  4.10537e+01             
       O -8.53039e+01 -2.10694e+01  6.02574e+01             
       H -8.48129e+01 -2.01878e+01  6.03877e+01             
       H -8.46209e+01 -2.17875e+01  6.02023e+01             
       O -7.76344e+01 -2.68190e+01  6.59434e+01             
       H -7.69190e+01 -2.61623e+01  6.56026e+01             
       H -7.76776e+01 -2.65328e+01  6.68707e+01             
       O -8.80833e+01 -2.47832e+01  5.24731e+01             
       H -8.72606e+01 -2.49966e+01  6.53372e+01             
       H -8.08343e+01 -4.32996e+01  4.77960e+01             
       O -6.77905e+01 -2.52259e+01  7.10654e+01             
       H -6.72918e+01 -2.54925e+01  7.02333e+01             
       H -6.72346e+01 -2.51232e+01  7.19142e+01             
       O -7.10521e+01 -1.87707e+01  5.51159e+01             
       H -7.03438e+01 -1.94701e+01  5.49259e+01             
       H -7.04912e+01 -1.81010e+01  5.55807e+01             
       O -9.07410e+01 -2.33976e+01  6.45890e+01             
       H -8.99436e+01 -2.38538e+01  6.48217e+01             
       H -9.05073e+01 -2.30899e+01  6.36843e+01             
       O -6.86450e+01 -2.31920e+01  5.43209e+01             
       H -6.79066e+01 -2.35971e+01  5.38322e+01             
       H -6.84433e+01 -2.30408e+01  5.52992e+01             
       O -8.45522e+01 -1.74553e+01  2.80536e+01             
       H -8.42974e+01 -1.80231e+01  2.88134e+01             
       H -8.37614e+01 -1.72727e+01  2.76161e+01             
       O -7.75805e+01 -2.31384e+01  3.72528e+01             
       H -5.87616e+01 -1.56776e+01  4.66903e+01             
       H -7.77348e+01 -2.22677e+01  3.68927e+01             
       O -8.01028e+01 -1.68098e+01  6.07837e+01             
       H -7.95192e+01 -1.66770e+01  6.00628e+01             
       H -7.96921e+01 -1.63790e+01  6.15848e+01             
       O -8.06963e+01 -1.97793e+01  7.57655e+01             
       H -8.04523e+01 -1.92516e+01  7.49930e+01             
       H -7.99231e+01 -2.01165e+01  7.62815e+01             
