192                                                         
# CELL(abcABC):   12.41850    12.41850    12.41850    90.00000    90.00000    90.00000  Step:           0  Bead:       0 x_centroid{angstrom}  cell{angstrom}   
       O -7.17718e+01 -8.86885e+00  6.13782e+01             
       H -7.10811e+01 -8.93794e+00  6.06863e+01             
       H -7.14467e+01 -8.17034e+00  6.19250e+01             
       O -6.17257e+01 -6.94919e+00  6.08886e+01             
       H -5.93232e+01 -1.70440e+01  5.44696e+01             
       H -6.15772e+01 -6.77933e+00  5.99631e+01             
       O -6.58138e+01 -2.38430e+01  4.46347e+01             
       H -6.50511e+01 -1.20300e+01  4.44340e+01             
       H -6.54188e+01 -2.30024e+01  4.48693e+01             
       O -6.13473e+01 -2.33990e+01  5.19056e+01             
       H -6.06755e+01 -2.35665e+01  5.11712e+01             
       H -6.09298e+01 -2.38826e+01  5.27114e+01             
       O -4.95660e+01 -1.89565e+01  5.34368e+01             
       H -4.88769e+01 -1.94617e+01  5.39306e+01             
       H -4.89758e+01 -1.83505e+01  5.28839e+01             
       O -5.19949e+01 -1.66928e+01  6.39613e+01             
       H -5.12457e+01 -1.61016e+01  6.37780e+01             
       H -5.17453e+01 -1.70030e+01  6.48951e+01             
       O -6.61549e+01 -1.89043e+01  4.28187e+01             
       H -6.54945e+01 -1.82368e+01  4.24742e+01             
       H -5.26773e+01  2.93862e+00  5.17919e+01             
       O -4.96759e+01 -1.56299e+01  6.73110e+01             
       H -4.98106e+01 -1.46846e+01  6.73844e+01             
       H -4.86731e+01 -2.81605e+01  6.74316e+01             
       O -7.04906e+01 -9.45693e+00  4.37133e+01             
       H -6.95657e+01 -9.26470e+00  4.40243e+01             
       H -7.03607e+01 -9.66223e+00  4.28072e+01             
       O -6.40378e+01 -2.45406e+01  4.92408e+01             
       H -6.39825e+01 -2.47237e+01  5.02228e+01             
       H -6.36630e+01 -2.36912e+01  4.90425e+01             
       O -6.95933e+01 -6.59575e+00  5.78502e+01             
       H -6.89114e+01 -6.10373e+00  5.83807e+01             
       H -6.92673e+01 -6.52430e+00  5.69391e+01             
       O -6.46816e+01 -9.15415e+00  4.54699e+01             
       H -6.39308e+01 -8.90579e+00  4.49178e+01             
       H -5.27087e+01 -1.18940e+01  4.15505e+01             
       O -5.98058e+01 -3.09497e+01  4.52801e+01             
       H -5.88726e+01 -3.10248e+01  4.54847e+01             
       H -5.71832e+01 -2.61889e+01  5.42060e+01             
       O -7.01179e+01 -1.61860e+01  4.81479e+01             
       H -6.93178e+01 -1.60254e+01  4.76211e+01             
       H -6.99747e+01 -1.58132e+01  4.89579e+01             
       O -4.87120e+01 -2.57510e+01  5.60256e+01             
       H -4.78629e+01 -2.60257e+01  5.63357e+01             
       H -4.84937e+01 -2.51617e+01  5.52613e+01             
       O -6.26022e+01 -9.86024e+00  5.98730e+01             
       H -6.21824e+01 -9.12521e+00  6.03611e+01             
       H -6.18705e+01 -1.02897e+01  5.94286e+01             
       O -6.69112e+01 -9.17833e+00  4.23638e+01             
       H -6.60246e+01 -2.19933e+01  4.22155e+01             
       H -6.72307e+01 -8.88145e+00  4.14899e+01             
       O -6.34431e+01 -2.53619e+01  3.94954e+01             
       H -6.28155e+01 -2.46315e+01  3.95279e+01             
       H -6.28979e+01 -2.61282e+01  3.96036e+01             
       O -7.22532e+01 -1.13450e+01  4.95433e+01             
       H -7.25548e+01 -1.05086e+01  4.91535e+01             
       H -7.13708e+01 -1.15306e+01  4.92757e+01             
       O -6.66353e+01  6.73933e+00  4.55429e+01             
       H -4.21013e+01 -1.66521e+01  4.91492e+01             
       H -6.63749e+01  6.31094e+00  4.46922e+01             
       O -5.81194e+01 -1.38035e+01  5.69354e+01             
       H -5.96519e+01 -2.04804e+01  5.57595e+01             
       H -6.98839e+01 -1.45084e+01  5.66393e+01             
       O -6.02421e+01 -2.97643e+01  5.23003e+01             
       H -5.93541e+01 -3.00449e+01  5.26400e+01             
       H -6.01285e+01 -2.96196e+01  5.13370e+01             
       O -6.88457e+01 -1.81642e+01  5.52827e+01             
       H -6.79416e+01 -1.84723e+01  5.51017e+01             
       H -6.87726e+01 -1.71848e+01  5.56225e+01             
       O -5.73627e+01 -4.02876e+01  5.11611e+01             
       H -5.63966e+01 -4.04743e+01  5.11200e+01             
       H -5.77493e+01 -4.10997e+01  6.39530e+01             
       O -6.37306e+01 -1.53685e+00  4.68773e+01             
       H -6.30400e+01 -2.22539e+00  4.66225e+01             
       H -6.32140e+01 -9.48513e-01  4.75087e+01             
       O -5.59190e+01 -2.42942e+01  5.72716e+01             
       H -5.59826e+01 -2.33631e+01  5.72224e+01             
       H -5.49780e+01 -2.43164e+01  5.71808e+01             
       O -6.32193e+01 -2.14640e+01  6.48950e+01             
       H -6.27992e+01 -2.05721e+01  6.49663e+01             
       H -6.26092e+01 -2.21295e+01  6.45296e+01             
       O -7.86016e+01 -1.97651e+01  4.80599e+01             
       H -7.85744e+01 -1.94046e+01  4.71665e+01             
       H -7.78624e+01 -1.93668e+01  4.85961e+01             
       O -5.50572e+01 -2.72181e-01  6.25057e+01             
       H -5.42281e+01  4.87644e-02  6.22181e+01             
       H -5.48270e+01 -9.02135e-01  6.32438e+01             
       O -5.96930e+01 -1.23798e+01  4.13198e+01             
       H -5.90171e+01 -1.30606e+01  4.14144e+01             
       H -5.91796e+01 -1.15561e+01  2.89361e+01             
       O -5.59928e+01 -1.22476e+01  2.95400e+01             
       H -5.50323e+01 -1.21699e+01  2.91553e+01             
       H -6.82391e+01 -1.21790e+01  3.05051e+01             
       O -4.94668e+01 -1.51884e+01  2.69190e+01             
       H -4.89470e+01 -1.57431e+01  2.75222e+01             
       H -4.87574e+01 -1.47807e+01  2.63672e+01             
       O -5.76535e+01 -2.17264e+01  3.44936e+01             
       H -5.74177e+01 -2.09369e+01  3.39438e+01             
       H -5.67678e+01 -2.19265e+01  4.72938e+01             
       O -5.77361e+01 -1.31830e+01  3.64525e+01             
       H -6.37270e+01 -1.03539e+01  4.27057e+01             
       H -5.69183e+01 -1.30527e+01  3.70165e+01             
       O -5.77492e+01 -2.26986e+01  5.32100e+01             
       H -5.70470e+01 -2.33345e+01  5.34923e+01             
       H -5.73997e+01 -2.23734e+01  5.23674e+01             
       O -4.74327e+01 -1.42989e+01  3.78959e+01             
       H -4.64875e+01 -1.44211e+01  3.80718e+01             
       H -4.75300e+01 -1.33987e+01  3.75641e+01             
       O -5.30095e+01 -2.77664e+01  4.88176e+01             
       H -5.22713e+01 -2.83260e+01  4.86547e+01             
       H -5.27307e+01 -2.69396e+01  4.83015e+01             
       O -5.97847e+01 -2.67037e+00  5.90382e+01             
       H -5.92729e+01 -2.24186e+00  5.82979e+01             
       H -5.90353e+01 -2.90928e+00  5.96485e+01             
       O -5.17105e+01  7.39096e+00  7.17968e+01             
       H -5.09402e+01  7.79233e+00  7.12760e+01             
       H -5.13327e+01  6.65886e+00  7.23527e+01             
       O -5.80042e+01 -2.67579e+01  5.39707e+01             
       H -6.58950e+01 -1.97741e+01  4.24512e+01             
       H -5.77852e+01 -2.70469e+01  5.30894e+01             
       O -5.94247e+01 -1.63514e+01  5.50797e+01             
       H -5.74329e+01 -1.35225e+01  3.56060e+01             
       H -5.87702e+01 -1.56561e+01  5.48626e+01             
       O -5.31512e+01 -1.24874e+01  4.09282e+01             
       H -6.58179e+01 -5.30564e+00  4.59389e+01             
       H -5.23516e+01 -1.29088e+01  4.04595e+01             
       O -5.44156e+01 -2.78416e+01  5.14291e+01             
       H -6.65840e+01 -2.83373e+01  6.46300e+01             
       H -4.83956e+01 -6.83188e+00  6.12285e+01             
       O -8.88467e+01 -1.32799e+01  5.66458e+01             
       H -8.80266e+01 -1.29355e+01  5.63678e+01             
       H -8.86622e+01 -1.36663e+01  5.75380e+01             
       O -5.50917e+01 -2.98573e+01  4.89504e+01             
       H -5.45318e+01 -3.05445e+01  4.85267e+01             
       H -5.76465e+01 -1.29848e+01  5.71052e+01             
       O -6.44520e+01 -1.04116e+01  4.20259e+01             
       H -6.40597e+01 -9.97981e+00  4.12446e+01             
       H -7.55240e+01 -1.80030e+01  2.91329e+01             
       O -7.29348e+01 -2.33865e+01  4.56231e+01             
       H -7.29848e+01 -2.41383e+01  4.61928e+01             
       H -7.20268e+01 -2.30968e+01  4.57586e+01             
       O -5.62111e+01 -2.19489e+01  3.85409e+01             
       H -5.58718e+01 -2.23463e+01  3.77064e+01             
       H -5.54567e+01 -2.20439e+01  3.91014e+01             
       O -4.14898e+01 -2.45907e+01  4.72636e+01             
       H -4.07721e+01 -1.20795e+01  4.78592e+01             
       H -4.12291e+01 -2.42113e+01  4.63732e+01             
       O -5.66923e+01 -6.80451e+00  5.07903e+01             
       H -4.40201e+01 -7.73366e+00  5.06260e+01             
       H -5.60933e+01 -6.31066e+00  5.02095e+01             
       O -5.35682e+01  2.57415e+00  5.19339e+01             
       H -5.97553e+01 -3.01628e+01  4.48056e+01             
       H -6.42177e+01  2.85551e+00  4.62187e+01             
       O -6.77376e+01 -1.49410e+01  4.69673e+01             
       H -6.69516e+01 -1.54372e+01  4.72691e+01             
       H -6.74648e+01 -1.40603e+01  4.68315e+01             
       O -6.20523e+01 -3.49849e+00  3.32258e+01             
       H -6.10987e+01 -1.58600e+01  3.35192e+01             
       H -6.21245e+01 -3.20937e+00  3.23329e+01             
       O -7.02305e+01 -1.78487e+01  5.28110e+01             
       H -6.98460e+01 -1.78490e+01  5.36954e+01             
       H -6.97547e+01 -1.84650e+01  5.22725e+01             
       O -6.23414e+01 -2.22365e+01  5.61071e+01             
       H -6.17129e+01 -2.14886e+01  5.59213e+01             
       H -6.18286e+01 -2.28435e+01  5.66819e+01             
       O -7.30353e+01 -2.02388e+01  4.33125e+01             
       H -7.30685e+01 -1.94316e+01  5.62984e+01             
       H -6.60481e+01 -4.02587e+01  3.84762e+01             
       O -5.17663e+01 -1.88118e+01  6.21091e+01             
       H -5.08080e+01 -1.89426e+01  6.21396e+01             
       H -5.19697e+01 -1.80899e+01  6.27258e+01             
       O -5.89802e+01 -1.81285e+01  4.98522e+01             
       H -5.81566e+01 -1.85553e+01  5.02309e+01             
       H -5.86539e+01 -1.75738e+01  4.91035e+01             
       O -8.04277e+01 -2.13756e+01  5.71576e+01             
       H -7.99775e+01 -2.10481e+01  5.79672e+01             
       H -7.97914e+01 -2.14171e+01  5.64133e+01             
       O -5.52930e+01 -2.21949e+01  4.81452e+01             
       H -5.45259e+01 -2.15168e+01  4.82112e+01             
       H -5.49703e+01 -2.30476e+01  4.79407e+01             
       O -7.36529e+01 -1.28724e+01  2.24741e+01             
       H -7.32661e+01 -1.37612e+01  2.22075e+01             
       H -7.31807e+01 -1.25148e+01  2.32462e+01             
       O -6.39355e+01 -1.74652e+01  2.93738e+01             
       H -4.09337e+01 -1.05690e+01  4.00309e+01             
       H -6.36059e+01 -1.66258e+01  2.98240e+01             
       O -6.57295e+01 -1.48816e+01  5.49759e+01             
       H -6.50271e+01 -1.44960e+01  5.55294e+01             
       H -6.58505e+01 -1.42708e+01  5.42450e+01             
       O -6.79907e+01 -1.55994e+01  6.87523e+01             
       H -6.72632e+01 -1.52679e+01  6.82166e+01             
       H -6.77134e+01 -1.57932e+01  6.96570e+01             
192                                                         
# CELL(abcABC):   12.41850    12.41850    12.41850    90.00000    90.00000    90.00000  Step:      200000  Bead:       0 x_centroid{angstrom}  cell{angstrom}   
       O -8.27175e+01 -8.80414e+00  6.40945e+01             
       H -8.20370e+01 -8.09085e+00  6.39893e+01             
       H -8.21609e+01 -9.56502e+00  6.44289e+01             
       O -7.36431e+01 -1.18098e+01  6.79645e+01             
       H -6.97237e+01 -2.32392e+01  5.94901e+01             
       H -7.28580e+01 -1.19317e+01  6.73992e+01             
       O -7.89997e+01 -2.70743e+01  4.92500e+01             
       H -7.82446e+01 -1.40886e+01  4.95001e+01             
       H -7.85340e+01 -2.79437e+01  4.91159e+01             
       O -7.29374e+01 -2.75703e+01  5.83546e+01             
       H -7.20903e+01 -2.73776e+01  5.79393e+01             
       H -7.35618e+01 -2.71613e+01  5.77218e+01             
       O -6.22161e+01 -2.35883e+01  5.98847e+01             
       H -6.19906e+01 -2.33065e+01  6.07966e+01             
       H -6.14314e+01 -2.32931e+01  5.92575e+01             
       O -6.04096e+01 -2.30342e+01  7.03590e+01             
       H -6.04533e+01 -2.21972e+01  6.98787e+01             
       H -5.94920e+01 -2.30118e+01  7.06833e+01             
       O -7.75456e+01 -2.26193e+01  5.01014e+01             
       H -7.70389e+01 -2.20081e+01  4.95268e+01             
       H -6.26763e+01 -6.71589e-01  6.01168e+01             
       O -6.15491e+01 -2.29313e+01  7.49390e+01             
       H -6.09196e+01 -2.21218e+01  7.49152e+01             
       H -6.09833e+01 -3.61677e+01  7.49216e+01             
       O -8.44394e+01 -1.28318e+01  5.03527e+01             
       H -8.39081e+01 -1.28249e+01  5.11532e+01             
       H -8.38791e+01 -1.30596e+01  4.96057e+01             
       O -7.74945e+01 -2.57926e+01  5.41264e+01             
       H -7.69871e+01 -2.59726e+01  5.33261e+01             
       H -7.69199e+01 -2.56324e+01  5.49184e+01             
       O -8.47783e+01 -8.42513e+00  6.26888e+01             
       H -8.44126e+01 -7.99024e+00  6.18130e+01             
       H -8.39013e+01 -8.64561e+00  6.32402e+01             
       O -8.08219e+01 -1.07683e+01  5.20997e+01             
       H -8.04982e+01 -1.03008e+01  5.12547e+01             
       H -6.04726e+01 -1.56678e+01  4.91210e+01             
       O -7.42363e+01 -2.89326e+01  5.44326e+01             
       H -7.35466e+01 -2.85272e+01  5.37678e+01             
       H -6.80665e+01 -3.28132e+01  5.98362e+01             
       O -8.47065e+01 -1.77428e+01  5.61308e+01             
       H -8.39096e+01 -1.72929e+01  5.57555e+01             
       H -8.46829e+01 -1.77041e+01  5.70869e+01             
       O -5.40093e+01 -3.15678e+01  6.20728e+01             
       H -5.32321e+01 -3.22257e+01  6.18843e+01             
       H -5.35085e+01 -3.07454e+01  6.20304e+01             
       O -7.61893e+01 -1.07815e+01  6.87087e+01             
       H -7.68961e+01 -1.08563e+01  6.80195e+01             
       H -7.53435e+01 -1.11881e+01  6.82536e+01             
       O -7.71138e+01 -1.27702e+01  5.00263e+01             
       H -7.66137e+01 -2.52771e+01  5.09223e+01             
       H -7.64566e+01 -1.29889e+01  4.93439e+01             
       O -7.69399e+01 -3.55364e+01  4.64303e+01             
       H -7.60574e+01 -3.57481e+01  4.68263e+01             
       H -7.67087e+01 -3.57405e+01  4.54472e+01             
       O -8.38466e+01 -1.30412e+01  5.44662e+01             
       H -8.30993e+01 -1.30179e+01  5.38890e+01             
       H -8.35407e+01 -1.30470e+01  5.54018e+01             
       O -7.75929e+01  3.47785e+00  5.25232e+01             
       H -5.31358e+01 -1.97354e+01  5.31339e+01             
       H -7.66857e+01  3.19972e+00  5.27150e+01             
       O -7.01885e+01 -1.67527e+01  6.39438e+01             
       H -7.36526e+01 -2.01314e+01  6.32187e+01             
       H -8.16934e+01 -1.62714e+01  6.40413e+01             
       O -6.81806e+01 -3.60899e+01  5.67115e+01             
       H -6.78770e+01 -3.63916e+01  5.58740e+01             
       H -6.76543e+01 -3.64568e+01  5.74493e+01             
       O -8.08678e+01 -1.92806e+01  6.40805e+01             
       H -8.02069e+01 -1.91534e+01  6.47690e+01             
       H -8.01540e+01 -1.92432e+01  6.33725e+01             
       O -6.95457e+01 -4.59760e+01  5.65116e+01             
       H -6.89567e+01 -4.54538e+01  5.59344e+01             
       H -6.93075e+01 -4.68680e+01  6.87694e+01             
       O -7.53384e+01 -8.60744e-01  5.22656e+01             
       H -7.50747e+01  4.31856e-02  5.25425e+01             
       H -7.45550e+01 -1.48659e+00  5.22986e+01             
       O -7.00204e+01 -2.62684e+01  6.11360e+01             
       H -6.92534e+01 -2.67183e+01  6.15683e+01             
       H -6.95425e+01 -2.54799e+01  6.08249e+01             
       O -7.07136e+01 -2.58242e+01  6.97406e+01             
       H -7.03667e+01 -2.49239e+01  6.99565e+01             
       H -6.99569e+01 -2.63991e+01  6.95720e+01             
       O -9.49269e+01 -1.65778e+01  5.53511e+01             
       H -9.41659e+01 -1.60381e+01  5.58847e+01             
       H -9.44526e+01 -1.73151e+01  5.49292e+01             
       O -6.30759e+01 -1.65249e+00  6.84757e+01             
       H -6.26703e+01 -2.41217e+00  6.79382e+01             
       H -6.25022e+01 -9.24733e-01  6.83084e+01             
       O -6.95902e+01 -1.60328e+01  4.66160e+01             
       H -6.86507e+01 -1.63138e+01  4.66556e+01             
       H -6.95958e+01 -1.51689e+01  3.45916e+01             
       O -6.40199e+01 -1.87097e+01  3.13779e+01             
       H -6.35686e+01 -1.91538e+01  3.20969e+01             
       H -7.60933e+01 -1.90922e+01  3.05724e+01             
       O -5.97899e+01 -2.05550e+01  3.17243e+01             
       H -5.88059e+01 -2.06562e+01  3.17453e+01             
       H -5.98034e+01 -1.96269e+01  3.13815e+01             
       O -7.51540e+01 -1.94961e+01  4.12664e+01             
       H -7.44514e+01 -2.00730e+01  4.16447e+01             
       H -7.48713e+01 -1.85781e+01  5.39089e+01             
       O -6.98647e+01 -1.30986e+01  3.98174e+01             
       H -7.12038e+01 -1.88275e+01  4.84037e+01             
       H -6.92212e+01 -1.23470e+01  3.97256e+01             
       O -6.50729e+01 -2.70245e+01  5.88399e+01             
       H -6.45084e+01 -2.67272e+01  5.96849e+01             
       H -6.44566e+01 -2.68907e+01  5.80790e+01             
       O -5.45654e+01 -1.69910e+01  4.64556e+01             
       H -5.37848e+01 -1.64518e+01  4.66721e+01             
       H -5.44226e+01 -1.76871e+01  4.58136e+01             
       O -6.83933e+01 -3.15040e+01  5.51603e+01             
       H -6.76625e+01 -3.15686e+01  5.45279e+01             
       H -6.79269e+01 -3.11528e+01  5.59879e+01             
       O -6.79836e+01 -2.88423e+00  6.89514e+01             
       H -6.73792e+01 -2.99320e+00  6.81853e+01             
       H -6.74692e+01 -3.13780e+00  6.97443e+01             
       O -6.28893e+01  7.80827e+00  7.56141e+01             
       H -6.22726e+01  8.39396e+00  7.51123e+01             
       H -6.24111e+01  6.96818e+00  7.56879e+01             
       O -6.85140e+01 -3.24460e+01  6.06378e+01             
       H -7.73173e+01 -2.35884e+01  4.99708e+01             
       H -6.78090e+01 -3.19245e+01  6.11661e+01             
       O -7.04146e+01 -2.25857e+01  5.90783e+01             
       H -6.92991e+01 -1.38494e+01  3.95735e+01             
       H -6.98086e+01 -2.21350e+01  5.84706e+01             
       O -6.12312e+01 -1.52926e+01  4.95628e+01             
       H -7.77681e+01 -9.21256e+00  5.15802e+01             
       H -6.08433e+01 -1.44462e+01  5.00487e+01             
       O -6.65217e+01 -3.14426e+01  5.71126e+01             
       H -7.80150e+01 -3.11499e+01  6.92201e+01             
       H -6.07970e+01 -1.15659e+01  6.88071e+01             
       O -1.02206e+02 -1.69605e+01  6.13514e+01             
       H -1.01553e+02 -1.69112e+01  6.20801e+01             
       H -1.01755e+02 -1.69598e+01  6.05707e+01             
       O -6.62058e+01 -3.14793e+01  5.34343e+01             
       H -6.57763e+01 -3.06404e+01  5.34642e+01             
       H -6.98845e+01 -1.77090e+01  6.40737e+01             
       O -7.11525e+01 -1.97848e+01  4.82156e+01             
       H -7.01391e+01 -2.00360e+01  4.82699e+01             
       H -8.47958e+01 -1.98213e+01  3.47821e+01             
       O -8.37996e+01 -2.93672e+01  4.87251e+01             
       H -8.33606e+01 -2.92884e+01  4.95899e+01             
       H -8.32953e+01 -2.90241e+01  4.79705e+01             
       O -6.67205e+01 -2.46068e+01  4.62907e+01             
       H -6.59782e+01 -2.39356e+01  4.66091e+01             
       H -6.63110e+01 -2.54895e+01  4.64400e+01             
       O -5.40392e+01 -2.79959e+01  5.40278e+01             
       H -5.36098e+01 -1.47057e+01  5.41435e+01             
       H -5.32445e+01 -2.84417e+01  5.35916e+01             
       O -6.70176e+01 -8.96409e+00  5.86362e+01             
       H -5.50918e+01 -9.45979e+00  5.79689e+01             
       H -6.61152e+01 -9.34368e+00  5.87057e+01             
       O -6.30958e+01 -1.42033e+00  6.06609e+01             
       H -7.37098e+01 -2.93022e+01  5.51338e+01             
       H -8.01096e+01  1.75109e+00  5.27421e+01             
       O -7.67657e+01 -1.68391e+01  5.29525e+01             
       H -7.61723e+01 -1.68385e+01  5.36831e+01             
       H -7.62004e+01 -1.69074e+01  5.21583e+01             
       O -7.50677e+01 -4.50182e+00  3.42409e+01             
       H -7.42397e+01 -1.64577e+01  3.40083e+01             
       H -7.48822e+01 -5.42084e+00  3.40461e+01             
       O -8.11853e+01 -2.40452e+01  6.03117e+01             
       H -8.04303e+01 -2.43461e+01  5.97002e+01             
       H -8.07758e+01 -2.33469e+01  6.09939e+01             
       O -7.50300e+01 -2.28476e+01  6.50435e+01             
       H -7.47045e+01 -2.29420e+01  6.40951e+01             
       H -7.42931e+01 -2.23749e+01  6.56335e+01             
       O -8.70178e+01 -1.97440e+01  5.09474e+01             
       H -8.72977e+01 -1.98078e+01  6.43035e+01             
       H -7.88598e+01 -4.45022e+01  4.54609e+01             
       O -6.61545e+01 -2.32202e+01  6.65955e+01             
       H -6.56459e+01 -2.26086e+01  6.59859e+01             
       H -6.58072e+01 -2.41067e+01  6.63253e+01             
       O -7.29699e+01 -2.14681e+01  5.40295e+01             
       H -7.25766e+01 -2.14408e+01  5.48783e+01             
       H -7.22378e+01 -2.13416e+01  5.33837e+01             
       O -9.26171e+01 -2.22962e+01  6.19494e+01             
       H -9.26930e+01 -2.13877e+01  6.15532e+01             
       H -9.16365e+01 -2.24214e+01  6.20455e+01             
       O -6.79714e+01 -2.74897e+01  5.15738e+01             
       H -6.74131e+01 -2.74450e+01  5.07613e+01             
       H -6.73700e+01 -2.77212e+01  5.23796e+01             
       O -8.51742e+01 -1.50075e+01  2.78511e+01             
       H -8.44538e+01 -1.55067e+01  2.74415e+01             
       H -8.47333e+01 -1.44678e+01  2.85622e+01             
       O -7.31211e+01 -1.96812e+01  3.41323e+01             
       H -5.00698e+01 -1.45615e+01  4.83552e+01             
       H -7.28189e+01 -2.01797e+01  3.33486e+01             
       O -7.56852e+01 -1.99281e+01  5.87883e+01             
       H -7.60541e+01 -2.07904e+01  5.87899e+01             
       H -7.47058e+01 -2.00402e+01  5.88948e+01             
       O -7.64386e+01 -2.03683e+01  7.39667e+01             
       H -7.57635e+01 -2.02607e+01  7.47317e+01             
       H -7.61998e+01 -1.99194e+01  7.31522e+01             
