192                                                         
# CELL(abcABC):   12.41850    12.41850    12.41850    90.00000    90.00000    90.00000  Step:           0  Bead:       0 x_centroid{angstrom}  cell{angstrom}   
       O -7.25962e+01 -8.45262e+00  6.11389e+01             
       H -7.22479e+01 -8.67690e+00  6.02682e+01             
       H -7.17548e+01 -8.03881e+00  6.15740e+01             
       O -6.22871e+01 -6.10948e+00  6.14142e+01             
       H -5.97669e+01 -1.68234e+01  5.43534e+01             
       H -6.17506e+01 -5.74498e+00  6.06878e+01             
       O -6.62869e+01 -2.35613e+01  4.58755e+01             
       H -6.53583e+01 -1.15828e+01  4.57386e+01             
       H -6.61665e+01 -2.25795e+01  4.58644e+01             
       O -6.18094e+01 -2.36773e+01  5.14623e+01             
       H -6.11647e+01 -2.35230e+01  5.07780e+01             
       H -6.12454e+01 -2.41465e+01  5.20987e+01             
       O -4.92420e+01 -2.00213e+01  5.31812e+01             
       H -4.87630e+01 -2.04543e+01  5.38840e+01             
       H -4.87347e+01 -1.93124e+01  5.27601e+01             
       O -5.19681e+01 -1.67890e+01  6.43932e+01             
       H -5.11783e+01 -1.64178e+01  6.39986e+01             
       H -5.17901e+01 -1.74623e+01  6.50603e+01             
       O -6.64646e+01 -1.94337e+01  4.15832e+01             
       H -6.54978e+01 -1.92171e+01  4.13817e+01             
       H -5.28551e+01  2.48545e+00  5.23323e+01             
       O -5.02104e+01 -1.61265e+01  6.80196e+01             
       H -5.04913e+01 -1.52163e+01  6.80881e+01             
       H -4.93595e+01 -2.84266e+01  6.76474e+01             
       O -7.07336e+01 -9.18927e+00  4.35539e+01             
       H -6.99246e+01 -8.75463e+00  4.37573e+01             
       H -7.05013e+01 -9.58693e+00  4.26881e+01             
       O -6.57178e+01 -2.44618e+01  4.94672e+01             
       H -6.50211e+01 -2.48814e+01  5.00969e+01             
       H -6.52236e+01 -2.37575e+01  4.90923e+01             
       O -7.10408e+01 -6.46894e+00  5.82353e+01             
       H -7.02947e+01 -6.45232e+00  5.88263e+01             
       H -7.08029e+01 -5.92258e+00  5.75101e+01             
       O -6.44365e+01 -8.65884e+00  4.66760e+01             
       H -6.37945e+01 -8.39697e+00  4.59781e+01             
       H -5.15995e+01 -1.30645e+01  4.13125e+01             
       O -6.07491e+01 -3.02871e+01  4.67937e+01             
       H -6.00027e+01 -3.08887e+01  4.65057e+01             
       H -5.81221e+01 -2.64071e+01  5.61979e+01             
       O -7.14585e+01 -1.62167e+01  4.87089e+01             
       H -7.08091e+01 -1.56196e+01  4.83411e+01             
       H -7.09921e+01 -1.64807e+01  4.94917e+01             
       O -4.98287e+01 -2.53950e+01  5.47326e+01             
       H -4.99876e+01 -2.45642e+01  5.51539e+01             
       H -4.90050e+01 -2.52660e+01  5.41657e+01             
       O -6.40577e+01 -9.98888e+00  6.13024e+01             
       H -6.41339e+01 -9.46830e+00  6.20821e+01             
       H -6.33351e+01 -1.06328e+01  6.13096e+01             
       O -6.62620e+01 -9.57123e+00  4.29548e+01             
       H -6.53759e+01 -2.21163e+01  4.32982e+01             
       H -6.63516e+01 -9.96780e+00  4.21001e+01             
       O -6.38194e+01 -2.57198e+01  3.83625e+01             
       H -6.31590e+01 -2.50160e+01  3.84668e+01             
       H -6.33206e+01 -2.64373e+01  3.79465e+01             
       O -7.21433e+01 -1.11945e+01  4.95025e+01             
       H -7.17619e+01 -1.04236e+01  4.91005e+01             
       H -7.13998e+01 -1.18302e+01  4.95140e+01             
       O -6.68884e+01  6.82992e+00  4.40502e+01             
       H -4.39452e+01 -1.74421e+01  4.75937e+01             
       H -6.63998e+01  6.56209e+00  4.32562e+01             
       O -5.88818e+01 -1.41943e+01  5.84480e+01             
       H -5.96331e+01 -2.04142e+01  5.59295e+01             
       H -7.04132e+01 -1.42816e+01  5.86112e+01             
       O -6.02992e+01 -3.09487e+01  5.14307e+01             
       H -5.98514e+01 -3.01530e+01  5.17863e+01             
       H -5.95955e+01 -3.12869e+01  5.08724e+01             
       O -6.95440e+01 -1.73806e+01  5.62281e+01             
       H -6.85762e+01 -1.77040e+01  5.62988e+01             
       H -6.94721e+01 -1.64521e+01  5.60716e+01             
       O -5.70148e+01 -4.12783e+01  5.11818e+01             
       H -5.60963e+01 -4.09485e+01  5.09232e+01             
       H -5.68963e+01 -4.21938e+01  6.38718e+01             
       O -6.31358e+01 -2.20358e+00  4.69313e+01             
       H -6.30708e+01 -3.07136e+00  4.64657e+01             
       H -6.21951e+01 -2.10531e+00  4.72460e+01             
       O -5.89460e+01 -2.39811e+01  5.74387e+01             
       H -5.84913e+01 -2.33026e+01  5.80156e+01             
       H -5.86133e+01 -2.37307e+01  5.65446e+01             
       O -6.35180e+01 -2.19692e+01  6.47687e+01             
       H -6.29806e+01 -2.11489e+01  6.48836e+01             
       H -6.27803e+01 -2.25385e+01  6.44548e+01             
       O -7.91134e+01 -2.02717e+01  4.78470e+01             
       H -7.83527e+01 -2.06438e+01  4.73424e+01             
       H -7.87117e+01 -1.97316e+01  4.85585e+01             
       O -5.58137e+01 -7.96068e-01  6.38311e+01             
       H -5.53658e+01  4.28415e-02  6.36925e+01             
       H -5.52076e+01 -1.49271e+00  6.35800e+01             
       O -6.01135e+01 -1.24689e+01  4.05733e+01             
       H -5.97585e+01 -1.31532e+01  4.00122e+01             
       H -5.94237e+01 -1.18172e+01  2.84449e+01             
       O -5.65897e+01 -1.29554e+01  2.90649e+01             
       H -5.63250e+01 -1.32992e+01  2.81910e+01             
       H -6.81209e+01 -1.29560e+01  2.95109e+01             
       O -4.97322e+01 -1.61677e+01  2.54249e+01             
       H -4.96243e+01 -1.71184e+01  2.51909e+01             
       H -4.88714e+01 -1.59365e+01  2.57591e+01             
       O -5.81590e+01 -2.19031e+01  3.42809e+01             
       H -5.77949e+01 -2.14059e+01  3.35320e+01             
       H -5.74639e+01 -2.20554e+01  4.73887e+01             
       O -5.77064e+01 -1.31058e+01  3.66814e+01             
       H -6.32828e+01 -9.80697e+00  4.33634e+01             
       H -5.75621e+01 -1.35442e+01  3.75401e+01             
       O -5.80955e+01 -2.33577e+01  5.34664e+01             
       H -5.73391e+01 -2.40266e+01  5.35604e+01             
       H -5.78947e+01 -2.28267e+01  5.26545e+01             
       O -4.73359e+01 -1.50533e+01  3.93910e+01             
       H -4.75771e+01 -1.53155e+01  4.02997e+01             
       H -4.63849e+01 -1.51823e+01  3.92230e+01             
       O -5.26553e+01 -2.78678e+01  4.90860e+01             
       H -5.18082e+01 -2.82791e+01  4.93794e+01             
       H -5.24579e+01 -2.72686e+01  4.83747e+01             
       O -6.08353e+01 -1.66636e+00  6.05307e+01             
       H -6.00967e+01 -1.65249e+00  5.98496e+01             
       H -6.05245e+01 -2.28310e+00  6.12239e+01             
       O -5.27009e+01  6.30654e+00  7.05059e+01             
       H -5.18085e+01  6.65134e+00  7.07167e+01             
       H -5.29198e+01  5.72665e+00  7.12318e+01             
       O -5.84930e+01 -2.66456e+01  5.53209e+01             
       H -6.62641e+01 -2.02375e+01  4.20858e+01             
       H -5.77250e+01 -2.62929e+01  5.47601e+01             
       O -6.01065e+01 -1.58916e+01  5.43890e+01             
       H -5.67739e+01 -1.28791e+01  3.63890e+01             
       H -5.94040e+01 -1.52666e+01  5.48415e+01             
       O -5.24739e+01 -1.29797e+01  4.09249e+01             
       H -6.62153e+01 -5.66921e+00  4.47169e+01             
       H -5.23202e+01 -1.36421e+01  4.01752e+01             
       O -5.45145e+01 -2.81996e+01  5.08891e+01             
       H -6.63831e+01 -2.85744e+01  6.40115e+01             
       H -4.93610e+01 -6.88975e+00  6.17355e+01             
       O -8.89779e+01 -1.27001e+01  5.75877e+01             
       H -8.83532e+01 -1.23993e+01  5.69920e+01             
       H -8.85201e+01 -1.33800e+01  5.81636e+01             
       O -5.65452e+01 -3.07776e+01  4.77095e+01             
       H -5.57237e+01 -3.13335e+01  4.76237e+01             
       H -5.89290e+01 -1.32124e+01  5.82213e+01             
       O -6.36400e+01 -1.04406e+01  4.27238e+01             
       H -6.35245e+01 -1.00902e+01  4.18460e+01             
       H -7.54293e+01 -1.91191e+01  2.91253e+01             
       O -7.41024e+01 -2.33805e+01  4.53084e+01             
       H -7.43304e+01 -2.37621e+01  4.61915e+01             
       H -7.31640e+01 -2.35550e+01  4.52595e+01             
       O -5.60139e+01 -2.22054e+01  3.92542e+01             
       H -5.59215e+01 -2.21309e+01  3.82647e+01             
       H -5.50388e+01 -2.24121e+01  3.95157e+01             
       O -4.29369e+01 -2.50078e+01  4.78094e+01             
       H -4.22562e+01 -1.25244e+01  4.85126e+01             
       H -4.25652e+01 -2.43515e+01  4.71516e+01             
       O -5.64898e+01 -7.09678e+00  5.26114e+01             
       H -4.38989e+01 -8.03644e+00  5.22752e+01             
       H -5.55960e+01 -6.88219e+00  5.29526e+01             
       O -5.36431e+01  1.98767e+00  5.26551e+01             
       H -6.02155e+01 -2.95512e+01  4.70822e+01             
       H -6.40321e+01  3.14012e+00  4.72590e+01             
       O -6.74468e+01 -1.55211e+01  4.71829e+01             
       H -6.65857e+01 -1.56348e+01  4.76117e+01             
       H -6.75403e+01 -1.45619e+01  4.72695e+01             
       O -6.28978e+01 -4.71292e+00  3.33262e+01             
       H -6.20137e+01 -1.74150e+01  3.36418e+01             
       H -6.27802e+01 -4.55023e+00  3.23602e+01             
       O -7.09504e+01 -1.82448e+01  5.41434e+01             
       H -7.03809e+01 -1.81204e+01  5.48992e+01             
       H -7.03628e+01 -1.86845e+01  5.34941e+01             
       O -6.25694e+01 -2.10456e+01  5.73226e+01             
       H -6.18540e+01 -2.04093e+01  5.70725e+01             
       H -6.20395e+01 -2.18419e+01  5.75176e+01             
       O -7.28896e+01 -1.98981e+01  4.34377e+01             
       H -7.26457e+01 -1.89980e+01  5.56174e+01             
       H -6.63023e+01 -4.06494e+01  3.76859e+01             
       O -5.27443e+01 -1.88629e+01  6.18832e+01             
       H -5.18258e+01 -1.87238e+01  6.16612e+01             
       H -5.29012e+01 -1.86031e+01  6.27679e+01             
       O -5.80081e+01 -1.94216e+01  4.97622e+01             
       H -5.72347e+01 -1.98549e+01  5.00877e+01             
       H -5.76159e+01 -1.88882e+01  4.90034e+01             
       O -8.07532e+01 -2.09191e+01  5.70410e+01             
       H -8.01814e+01 -2.01699e+01  5.69302e+01             
       H -8.02666e+01 -2.17588e+01  5.68638e+01             
       O -5.60275e+01 -2.22289e+01  4.87495e+01             
       H -5.53032e+01 -2.15519e+01  4.86005e+01             
       H -5.56300e+01 -2.30924e+01  4.86728e+01             
       O -7.45379e+01 -1.17769e+01  2.37219e+01             
       H -7.42858e+01 -1.27332e+01  2.35948e+01             
       H -7.37265e+01 -1.15173e+01  2.41927e+01             
       O -6.37417e+01 -1.85481e+01  2.93390e+01             
       H -4.08224e+01 -1.12857e+01  4.04156e+01             
       H -6.35136e+01 -1.78696e+01  2.99558e+01             
       O -6.68523e+01 -1.28285e+01  5.55868e+01             
       H -6.64335e+01 -1.20561e+01  5.60065e+01             
       H -6.61166e+01 -1.32391e+01  5.50542e+01             
       O -6.85582e+01 -1.43255e+01  6.93628e+01             
       H -6.79031e+01 -1.39045e+01  6.87996e+01             
       H -6.80529e+01 -1.47454e+01  7.00753e+01             
192                                                         
# CELL(abcABC):   12.41850    12.41850    12.41850    90.00000    90.00000    90.00000  Step:      200000  Bead:       0 x_centroid{angstrom}  cell{angstrom}   
       O -8.77417e+01 -1.21711e+01  6.96537e+01             
       H -8.67797e+01 -1.21381e+01  6.97131e+01             
       H -8.79768e+01 -1.12947e+01  7.00393e+01             
       O -7.31855e+01 -1.11949e+01  6.65875e+01             
       H -7.34524e+01 -1.88732e+01  6.39756e+01             
       H -7.23677e+01 -1.06902e+01  6.63433e+01             
       O -7.57576e+01 -2.71865e+01  5.07463e+01             
       H -7.54643e+01 -1.57005e+01  5.06878e+01             
       H -7.51403e+01 -2.66973e+01  5.13262e+01             
       O -7.06512e+01 -2.93797e+01  5.84256e+01             
       H -6.98209e+01 -2.89956e+01  5.81406e+01             
       H -7.08055e+01 -3.01571e+01  5.78671e+01             
       O -6.21177e+01 -2.25264e+01  6.03812e+01             
       H -6.14335e+01 -2.22958e+01  6.11002e+01             
       H -6.16083e+01 -2.21740e+01  5.95038e+01             
       O -6.50262e+01 -1.99966e+01  7.05520e+01             
       H -6.42738e+01 -1.95579e+01  7.00365e+01             
       H -6.47378e+01 -2.03841e+01  7.13771e+01             
       O -7.83561e+01 -2.29808e+01  4.84728e+01             
       H -7.76777e+01 -2.22109e+01  4.84962e+01             
       H -6.67399e+01 -1.58080e+00  6.09868e+01             
       O -6.38162e+01 -1.87164e+01  7.48804e+01             
       H -6.34502e+01 -1.80961e+01  7.42261e+01             
       H -6.30412e+01 -3.15388e+01  7.53581e+01             
       O -8.40265e+01 -1.18590e+01  4.75089e+01             
       H -8.36996e+01 -1.09461e+01  4.74443e+01             
       H -8.32158e+01 -1.24387e+01  4.73330e+01             
       O -7.82012e+01 -2.62045e+01  5.65566e+01             
       H -7.78479e+01 -2.69269e+01  5.59040e+01             
       H -7.76505e+01 -2.63520e+01  5.73789e+01             
       O -8.29752e+01 -1.00021e+01  6.56037e+01             
       H -8.21571e+01 -9.57535e+00  6.58373e+01             
       H -8.28804e+01 -1.02630e+01  6.46471e+01             
       O -7.45989e+01 -1.16969e+01  5.14300e+01             
       H -7.38340e+01 -1.20814e+01  5.08745e+01             
       H -6.57185e+01 -1.84703e+01  4.61799e+01             
       O -7.50606e+01 -3.44507e+01  5.51477e+01             
       H -7.44727e+01 -3.51369e+01  5.48766e+01             
       H -6.71087e+01 -2.98164e+01  6.21994e+01             
       O -8.58042e+01 -1.99197e+01  5.59817e+01             
       H -8.51423e+01 -1.93964e+01  5.53592e+01             
       H -8.51802e+01 -2.02579e+01  5.66750e+01             
       O -6.08110e+01 -2.94946e+01  6.49944e+01             
       H -6.03211e+01 -2.98847e+01  6.57797e+01             
       H -6.01036e+01 -2.89894e+01  6.45890e+01             
       O -8.04045e+01 -1.24751e+01  6.98595e+01             
       H -8.01104e+01 -1.18683e+01  7.05163e+01             
       H -7.95582e+01 -1.29448e+01  6.94512e+01             
       O -7.74463e+01 -1.34934e+01  4.86569e+01             
       H -7.67681e+01 -2.61352e+01  4.93261e+01             
       H -7.69294e+01 -1.36755e+01  4.77520e+01             
       O -7.24644e+01 -2.73917e+01  4.47789e+01             
       H -7.18654e+01 -2.80170e+01  4.52044e+01             
       H -7.22473e+01 -2.65581e+01  4.51549e+01             
       O -8.24891e+01 -1.47182e+01  5.36644e+01             
       H -8.17161e+01 -1.42269e+01  5.32393e+01             
       H -8.21691e+01 -1.55437e+01  5.41319e+01             
       O -8.03138e+01  3.00203e+00  4.98580e+01             
       H -5.61674e+01 -1.97676e+01  5.47157e+01             
       H -7.95518e+01  2.50291e+00  4.94754e+01             
       O -6.80857e+01 -2.14300e+01  6.51185e+01             
       H -7.20084e+01 -2.23893e+01  6.28075e+01             
       H -7.99779e+01 -2.06482e+01  6.49665e+01             
       O -7.34644e+01 -3.07219e+01  5.92783e+01             
       H -7.32544e+01 -3.10269e+01  5.83614e+01             
       H -7.26316e+01 -3.05067e+01  5.96739e+01             
       O -7.84335e+01 -1.74473e+01  6.36559e+01             
       H -7.75554e+01 -1.78293e+01  6.33648e+01             
       H -7.83423e+01 -1.65363e+01  6.39370e+01             
       O -7.06326e+01 -4.63622e+01  5.97289e+01             
       H -6.97422e+01 -4.68090e+01  5.96569e+01             
       H -7.05173e+01 -4.56985e+01  7.28035e+01             
       O -7.68039e+01 -3.23344e+00  5.45642e+01             
       H -7.59263e+01 -2.78977e+00  5.42780e+01             
       H -7.65644e+01 -4.18312e+00  5.45036e+01             
       O -7.13910e+01 -2.98848e+01  6.10662e+01             
       H -7.10243e+01 -3.06821e+01  6.15380e+01             
       H -7.09193e+01 -2.97878e+01  6.01951e+01             
       O -7.64991e+01 -2.66015e+01  7.09237e+01             
       H -7.59171e+01 -2.58621e+01  7.05770e+01             
       H -7.60532e+01 -2.74291e+01  7.07535e+01             
       O -9.12959e+01 -2.35772e+01  5.30990e+01             
       H -9.06856e+01 -2.36985e+01  5.23035e+01             
       H -9.08503e+01 -2.34767e+01  5.39301e+01             
       O -6.81365e+01 -3.85617e+00  6.99273e+01             
       H -6.78021e+01 -3.08032e+00  6.94505e+01             
       H -6.73892e+01 -4.32906e+00  7.03273e+01             
       O -7.46024e+01 -1.63326e+01  4.51573e+01             
       H -7.40868e+01 -1.55333e+01  4.48981e+01             
       H -7.41221e+01 -1.66800e+01  3.35121e+01             
       O -7.08466e+01 -1.96805e+01  3.25372e+01             
       H -7.04895e+01 -2.00742e+01  3.32772e+01             
       H -8.25595e+01 -1.98023e+01  3.18861e+01             
       O -6.32255e+01 -1.85701e+01  3.17657e+01             
       H -6.25007e+01 -1.91482e+01  3.14801e+01             
       H -6.27880e+01 -1.76353e+01  3.20052e+01             
       O -7.03073e+01 -2.29386e+01  3.78376e+01             
       H -7.01863e+01 -2.39118e+01  3.77134e+01             
       H -6.93716e+01 -2.25957e+01  5.00328e+01             
       O -6.93280e+01 -1.70866e+01  4.24886e+01             
       H -7.31763e+01 -1.44157e+01  4.84782e+01             
       H -6.88356e+01 -1.70241e+01  4.33132e+01             
       O -7.24295e+01 -2.45654e+01  5.74008e+01             
       H -7.16785e+01 -2.42939e+01  5.67456e+01             
       H -7.21372e+01 -2.43809e+01  5.83192e+01             
       O -5.85798e+01 -1.97370e+01  5.19844e+01             
       H -5.78030e+01 -1.96272e+01  5.13568e+01             
       H -5.86433e+01 -2.06902e+01  5.21297e+01             
       O -6.51324e+01 -3.09792e+01  5.44766e+01             
       H -6.45704e+01 -3.15389e+01  5.39623e+01             
       H -6.47109e+01 -3.09230e+01  5.54326e+01             
       O -7.17616e+01 -6.04962e+00  6.68353e+01             
       H -7.14446e+01 -6.53055e+00  6.59957e+01             
       H -7.09641e+01 -5.62408e+00  6.72436e+01             
       O -6.46174e+01  1.94367e+00  7.60857e+01             
       H -6.44320e+01  2.86092e+00  7.63481e+01             
       H -6.37200e+01  1.60909e+00  7.58588e+01             
       O -6.76717e+01 -2.98825e+01  6.13936e+01             
       H -7.79806e+01 -2.38236e+01  4.88257e+01             
       H -6.71050e+01 -3.02504e+01  6.06649e+01             
       O -7.39940e+01 -1.96141e+01  6.37242e+01             
       H -6.88376e+01 -1.76796e+01  4.18804e+01             
       H -7.34390e+01 -2.01731e+01  6.30876e+01             
       O -6.62493e+01 -1.76719e+01  4.64773e+01             
       H -8.01319e+01 -9.25898e+00  5.07767e+01             
       H -6.55733e+01 -1.70833e+01  4.69400e+01             
       O -6.70419e+01 -3.36828e+01  5.69778e+01             
       H -7.90094e+01 -3.44210e+01  6.89164e+01             
       H -6.04384e+01 -1.19669e+01  6.70789e+01             
       O -9.93888e+01 -1.46504e+01  6.59455e+01             
       H -9.86323e+01 -1.42327e+01  6.63943e+01             
       H -9.90213e+01 -1.55357e+01  6.57190e+01             
       O -6.89739e+01 -3.24531e+01  5.55644e+01             
       H -6.82380e+01 -3.30761e+01  5.58669e+01             
       H -6.73961e+01 -2.21171e+01  6.53633e+01             
       O -7.32760e+01 -1.52620e+01  4.80364e+01             
       H -7.24201e+01 -1.57525e+01  4.81354e+01             
       H -8.87258e+01 -2.04363e+01  3.65273e+01             
       O -8.38674e+01 -2.79410e+01  5.14536e+01             
       H -8.32792e+01 -2.76143e+01  5.22168e+01             
       H -8.33140e+01 -2.85242e+01  5.08971e+01             
       O -7.02621e+01 -2.36653e+01  4.39648e+01             
       H -7.00167e+01 -2.30913e+01  4.32111e+01             
       H -6.93946e+01 -2.41766e+01  4.42704e+01             
       O -5.31920e+01 -2.72300e+01  5.19963e+01             
       H -5.30629e+01 -1.51557e+01  5.29100e+01             
       H -5.23178e+01 -2.70368e+01  5.15953e+01             
       O -6.80835e+01 -1.00749e+01  5.92507e+01             
       H -5.52750e+01 -9.60671e+00  5.84949e+01             
       H -6.73994e+01 -1.03615e+01  5.98634e+01             
       O -6.76708e+01 -1.89873e+00  6.07757e+01             
       H -7.44082e+01 -3.37474e+01  5.55319e+01             
       H -7.43023e+01  5.97563e-01  5.23525e+01             
       O -7.98494e+01 -1.84979e+01  5.33425e+01             
       H -7.89679e+01 -1.84874e+01  5.38076e+01             
       H -7.95713e+01 -1.83086e+01  5.24399e+01             
       O -7.59398e+01 -7.98042e+00  4.05654e+01             
       H -7.56937e+01 -2.09623e+01  4.14087e+01             
       H -7.50896e+01 -7.83250e+00  4.01246e+01             
       O -8.19363e+01 -1.95358e+01  6.18535e+01             
       H -8.13880e+01 -2.03522e+01  6.20253e+01             
       H -8.12186e+01 -1.88650e+01  6.16366e+01             
       O -7.26221e+01 -2.54573e+01  6.21192e+01             
       H -7.21306e+01 -2.50667e+01  6.13612e+01             
       H -7.19500e+01 -2.61650e+01  6.24195e+01             
       O -8.53519e+01 -2.20992e+01  5.03145e+01             
       H -8.58900e+01 -2.25329e+01  6.34221e+01             
       H -7.87871e+01 -4.56352e+01  4.51203e+01             
       O -6.53244e+01 -2.32562e+01  6.80054e+01             
       H -6.49411e+01 -2.40608e+01  6.83160e+01             
       H -6.45002e+01 -2.27594e+01  6.76483e+01             
       O -7.31024e+01 -2.16983e+01  5.82538e+01             
       H -7.22831e+01 -2.14420e+01  5.86905e+01             
       H -7.28627e+01 -2.26049e+01  5.78353e+01             
       O -9.46332e+01 -2.60382e+01  5.89767e+01             
       H -9.38830e+01 -2.63545e+01  5.95599e+01             
       H -9.41804e+01 -2.56927e+01  5.82015e+01             
       O -6.79695e+01 -2.58589e+01  5.25918e+01             
       H -6.75262e+01 -2.49453e+01  5.27857e+01             
       H -6.71266e+01 -2.64099e+01  5.25934e+01             
       O -8.47444e+01 -1.37339e+01  3.00254e+01             
       H -8.45259e+01 -1.42978e+01  3.07970e+01             
       H -8.39211e+01 -1.38225e+01  2.95650e+01             
       O -7.65644e+01 -2.12194e+01  3.60276e+01             
       H -5.51712e+01 -1.52354e+01  4.86839e+01             
       H -7.56532e+01 -2.17508e+01  3.57886e+01             
       O -7.55242e+01 -1.68743e+01  6.04748e+01             
       H -7.48055e+01 -1.62435e+01  6.04995e+01             
       H -7.52418e+01 -1.75626e+01  5.97761e+01             
       O -8.18411e+01 -1.29940e+01  7.50503e+01             
       H -8.12077e+01 -1.33173e+01  7.43773e+01             
       H -8.14184e+01 -1.32740e+01  7.58866e+01             
