192                                                         
# CELL(abcABC):   12.41850    12.41850    12.41850    90.00000    90.00000    90.00000  Step:           0  Bead:       0 x_centroid{angstrom}  cell{angstrom}   
       O -7.45792e+01 -8.50983e+00  6.28538e+01             
       H -7.44904e+01 -9.26866e+00  6.22500e+01             
       H -7.36184e+01 -8.42593e+00  6.30494e+01             
       O -6.61198e+01 -7.43037e+00  6.30136e+01             
       H -6.22175e+01 -1.67376e+01  5.61026e+01             
       H -6.54862e+01 -7.59636e+00  6.37147e+01             
       O -6.81978e+01 -2.74078e+01  4.68812e+01             
       H -6.78973e+01 -1.57485e+01  4.73100e+01             
       H -6.75170e+01 -2.67305e+01  4.69602e+01             
       O -6.55787e+01 -2.37572e+01  5.23630e+01             
       H -6.47592e+01 -2.32585e+01  5.21463e+01             
       H -6.52729e+01 -2.46618e+01  5.24287e+01             
       O -5.37644e+01 -2.18632e+01  5.47804e+01             
       H -5.28778e+01 -2.15690e+01  5.50460e+01             
       H -5.37026e+01 -2.24567e+01  5.40115e+01             
       O -5.50571e+01 -1.65288e+01  6.51235e+01             
       H -5.43474e+01 -1.58434e+01  6.49263e+01             
       H -5.46967e+01 -1.72875e+01  6.55698e+01             
       O -6.82689e+01 -1.99188e+01  4.22382e+01             
       H -6.75777e+01 -1.92437e+01  4.21787e+01             
       H -5.63622e+01  1.00416e+00  5.24472e+01             
       O -5.28791e+01 -1.59987e+01  6.79473e+01             
       H -5.26919e+01 -1.51007e+01  6.75809e+01             
       H -5.20472e+01 -2.86442e+01  6.84463e+01             
       O -7.55566e+01 -9.94828e+00  4.54618e+01             
       H -7.45637e+01 -9.80907e+00  4.56997e+01             
       H -7.57192e+01 -1.07814e+01  4.50001e+01             
       O -6.57581e+01 -2.69241e+01  5.17030e+01             
       H -6.48265e+01 -2.71317e+01  5.16817e+01             
       H -6.60172e+01 -2.66002e+01  5.08200e+01             
       O -7.16623e+01 -7.34938e+00  5.98273e+01             
       H -7.11152e+01 -7.70014e+00  6.04946e+01             
       H -7.10659e+01 -6.72453e+00  5.93481e+01             
       O -6.94845e+01 -1.18037e+01  4.90943e+01             
       H -6.93141e+01 -1.11091e+01  4.84543e+01             
       H -5.49337e+01 -1.59086e+01  4.34453e+01             
       O -6.24485e+01 -3.12030e+01  4.61279e+01             
       H -6.23355e+01 -3.04351e+01  4.55910e+01             
       H -6.09441e+01 -2.65363e+01  5.80716e+01             
       O -7.49067e+01 -1.43850e+01  5.25394e+01             
       H -7.41357e+01 -1.38892e+01  5.21589e+01             
       H -7.47193e+01 -1.53074e+01  5.26565e+01             
       O -5.46334e+01 -2.48001e+01  5.84079e+01             
       H -5.38639e+01 -2.49249e+01  5.89459e+01             
       H -5.44643e+01 -2.51373e+01  5.75290e+01             
       O -6.68033e+01 -1.26504e+01  6.21715e+01             
       H -6.64870e+01 -1.20822e+01  6.28803e+01             
       H -6.61280e+01 -1.25682e+01  6.15030e+01             
       O -6.88531e+01 -1.06519e+01  4.67385e+01             
       H -6.82064e+01 -2.38168e+01  4.64075e+01             
       H -6.85016e+01 -9.73816e+00  4.64866e+01             
       O -6.81063e+01 -2.54400e+01  4.08207e+01             
       H -6.77637e+01 -2.49851e+01  4.16525e+01             
       H -6.73746e+01 -2.57981e+01  4.02893e+01             
       O -7.57087e+01 -9.80956e+00  5.26916e+01             
       H -7.49945e+01 -1.01867e+01  5.33067e+01             
       H -7.52764e+01 -9.54368e+00  5.18994e+01             
       O -6.93130e+01  4.94073e+00  4.46301e+01             
       H -4.59580e+01 -1.58557e+01  4.91823e+01             
       H -6.88907e+01  4.73846e+00  4.37481e+01             
       O -6.07560e+01 -1.51184e+01  5.93839e+01             
       H -6.36503e+01 -2.10890e+01  5.67401e+01             
       H -7.33067e+01 -1.60515e+01  5.95477e+01             
       O -6.43615e+01 -3.18938e+01  5.26778e+01             
       H -6.37747e+01 -3.11229e+01  5.25470e+01             
       H -6.38031e+01 -3.26502e+01  5.27691e+01             
       O -7.19867e+01 -2.01972e+01  5.66833e+01             
       H -7.21031e+01 -2.10809e+01  5.63129e+01             
       H -7.10370e+01 -2.01806e+01  5.68914e+01             
       O -6.10051e+01 -4.23137e+01  4.86558e+01             
       H -6.01200e+01 -4.19793e+01  4.89853e+01             
       H -6.07637e+01 -4.32363e+01  6.08923e+01             
       O -6.30940e+01 -3.47586e+00  4.90921e+01             
       H -6.28481e+01 -2.51797e+00  4.91879e+01             
       H -6.22752e+01 -3.94274e+00  4.88063e+01             
       O -6.11924e+01 -2.30482e+01  6.10098e+01             
       H -6.03928e+01 -2.32037e+01  6.14735e+01             
       H -6.08716e+01 -2.27711e+01  6.01299e+01             
       O -6.69016e+01 -2.44054e+01  6.79171e+01             
       H -6.67763e+01 -2.34461e+01  6.79237e+01             
       H -6.59824e+01 -2.47834e+01  6.78556e+01             
       O -8.06078e+01 -1.80944e+01  4.99529e+01             
       H -8.02121e+01 -1.79457e+01  4.90309e+01             
       H -7.99021e+01 -1.84888e+01  5.04697e+01             
       O -5.82089e+01 -1.65456e+00  6.53303e+01             
       H -5.74104e+01 -1.16720e+00  6.53624e+01             
       H -5.80042e+01 -2.54501e+00  6.49836e+01             
       O -6.32834e+01 -1.23979e+01  4.37255e+01             
       H -6.26736e+01 -1.30020e+01  4.42201e+01             
       H -6.26394e+01 -1.19746e+01  3.06212e+01             
       O -6.00262e+01 -1.80181e+01  2.75139e+01             
       H -5.97607e+01 -1.88682e+01  2.71063e+01             
       H -7.16134e+01 -1.74706e+01  2.76050e+01             
       O -5.01132e+01 -1.73115e+01  2.72516e+01             
       H -5.01855e+01 -1.71028e+01  2.63133e+01             
       H -4.92202e+01 -1.76900e+01  2.74575e+01             
       O -5.92789e+01 -2.34327e+01  3.79192e+01             
       H -5.84058e+01 -2.38212e+01  3.77738e+01             
       H -5.91233e+01 -2.27093e+01  5.09442e+01             
       O -6.04252e+01 -1.28305e+01  3.96629e+01             
       H -6.45811e+01 -8.74045e+00  4.78186e+01             
       H -5.95470e+01 -1.32100e+01  3.98983e+01             
       O -6.15791e+01 -2.36973e+01  5.42104e+01             
       H -6.12456e+01 -2.44420e+01  5.36180e+01             
       H -6.06414e+01 -2.33362e+01  5.45408e+01             
       O -5.21370e+01 -1.35671e+01  4.18000e+01             
       H -5.15551e+01 -1.31881e+01  4.24848e+01             
       H -5.14899e+01 -1.38380e+01  4.10974e+01             
       O -5.44819e+01 -3.04990e+01  4.72522e+01             
       H -5.39689e+01 -2.97027e+01  4.70703e+01             
       H -5.42068e+01 -3.11615e+01  4.66121e+01             
       O -6.24635e+01 -7.13238e-01  6.05134e+01             
       H -6.18383e+01 -1.40682e+00  6.01405e+01             
       H -6.19507e+01  1.38016e-01  6.07227e+01             
       O -5.79050e+01  7.44985e+00  6.87196e+01             
       H -5.74402e+01  6.60734e+00  6.86868e+01             
       H -5.72205e+01  8.00855e+00  6.82641e+01             
       O -6.13603e+01 -2.63475e+01  5.71512e+01             
       H -6.77270e+01 -2.07303e+01  4.23545e+01             
       H -6.06349e+01 -2.64608e+01  5.65173e+01             
       O -6.28932e+01 -1.65202e+01  5.67432e+01             
       H -6.01611e+01 -1.22565e+01  3.89014e+01             
       H -6.25142e+01 -1.57112e+01  5.71080e+01             
       O -5.57537e+01 -1.56272e+01  4.30648e+01             
       H -6.84692e+01 -7.50901e+00  4.51641e+01             
       H -5.55438e+01 -1.54387e+01  4.21531e+01             
       O -5.76457e+01 -2.91522e+01  5.19260e+01             
       H -6.91513e+01 -2.90915e+01  6.47894e+01             
       H -5.30876e+01 -7.12702e+00  6.22857e+01             
       O -8.98122e+01 -1.60200e+01  5.93540e+01             
       H -8.91366e+01 -1.63321e+01  5.87741e+01             
       H -8.93973e+01 -1.58715e+01  6.02202e+01             
       O -5.85402e+01 -2.92298e+01  4.92177e+01             
       H -5.79442e+01 -2.95659e+01  4.85331e+01             
       H -5.98504e+01 -1.48870e+01  5.95814e+01             
       O -6.49885e+01 -9.32850e+00  4.72192e+01             
       H -6.42356e+01 -9.52159e+00  4.66067e+01             
       H -7.79199e+01 -1.86686e+01  2.89886e+01             
       O -7.63230e+01 -1.92256e+01  4.89721e+01             
       H -7.58837e+01 -1.89111e+01  4.81760e+01             
       H -7.56248e+01 -1.96747e+01  4.94986e+01             
       O -5.84607e+01 -2.37944e+01  4.51323e+01             
       H -5.79542e+01 -2.34895e+01  4.58794e+01             
       H -5.82413e+01 -2.46995e+01  4.51326e+01             
       O -4.56788e+01 -2.66039e+01  4.81342e+01             
       H -4.55701e+01 -1.32722e+01  4.83883e+01             
       H -4.48875e+01 -2.69418e+01  4.76991e+01             
       O -5.94639e+01 -1.02075e+01  5.53179e+01             
       H -4.66596e+01 -1.08001e+01  5.59494e+01             
       H -5.87837e+01 -9.89230e+00  5.46649e+01             
       O -5.65957e+01  1.69848e+00  5.18382e+01             
       H -6.15618e+01 -3.15361e+01  4.63153e+01             
       H -6.86269e+01  3.78487e-01  4.94597e+01             
       O -6.95417e+01 -1.76979e+01  4.68493e+01             
       H -6.85988e+01 -1.79097e+01  4.68647e+01             
       H -6.96196e+01 -1.71990e+01  4.60366e+01             
       O -6.98525e+01 -7.84693e+00  3.71064e+01             
       H -6.91196e+01 -2.09189e+01  3.71295e+01             
       H -6.93709e+01 -7.00298e+00  3.72992e+01             
       O -7.35431e+01 -1.78375e+01  5.51019e+01             
       H -7.28780e+01 -1.82890e+01  5.56606e+01             
       H -7.31799e+01 -1.77508e+01  5.42066e+01             
       O -6.64056e+01 -2.01621e+01  5.79600e+01             
       H -6.59146e+01 -2.00778e+01  5.71546e+01             
       H -6.58367e+01 -2.07790e+01  5.84265e+01             
       O -7.66996e+01 -2.05175e+01  4.38600e+01             
       H -7.62274e+01 -1.96836e+01  5.60024e+01             
       H -6.98949e+01 -4.17905e+01  3.85799e+01             
       O -5.52306e+01 -2.20101e+01  6.20907e+01             
       H -5.46539e+01 -2.13947e+01  6.25831e+01             
       H -5.47595e+01 -2.21639e+01  6.12968e+01             
       O -5.95259e+01 -2.06309e+01  5.11906e+01             
       H -5.90653e+01 -2.09741e+01  5.19945e+01             
       H -5.87645e+01 -2.04086e+01  5.05860e+01             
       O -8.53943e+01 -2.22201e+01  5.84823e+01             
       H -8.50544e+01 -2.13099e+01  5.85797e+01             
       H -8.46904e+01 -2.27541e+01  5.80284e+01             
       O -5.79596e+01 -2.15155e+01  5.32362e+01             
       H -5.72950e+01 -2.09012e+01  5.35581e+01             
       H -5.73890e+01 -2.21802e+01  5.27349e+01             
       O -7.75030e+01 -1.20944e+01  2.28237e+01             
       H -7.73964e+01 -1.11460e+01  2.28559e+01             
       H -7.66421e+01 -1.25431e+01  2.28151e+01             
       O -6.62519e+01 -1.81369e+01  2.94150e+01             
       H -4.35711e+01 -1.05767e+01  3.86850e+01             
       H -6.58665e+01 -1.74251e+01  2.99802e+01             
       O -7.03409e+01 -1.43163e+01  5.72570e+01             
       H -7.08860e+01 -1.44680e+01  5.64874e+01             
       H -6.94889e+01 -1.44261e+01  5.67928e+01             
       O -7.21760e+01 -1.47214e+01  6.72677e+01             
       H -7.16138e+01 -1.43327e+01  6.65999e+01             
       H -7.16906e+01 -1.55009e+01  6.74614e+01             
192                                                         
# CELL(abcABC):   12.41850    12.41850    12.41850    90.00000    90.00000    90.00000  Step:      200000  Bead:       0 x_centroid{angstrom}  cell{angstrom}   
       O -8.84201e+01 -1.28803e+01  7.08000e+01             
       H -8.80941e+01 -1.37121e+01  7.03942e+01             
       H -8.76200e+01 -1.22988e+01  7.08466e+01             
       O -8.01314e+01 -1.15390e+01  7.00742e+01             
       H -7.73726e+01 -2.09482e+01  6.26320e+01             
       H -8.00679e+01 -1.12143e+01  7.10008e+01             
       O -8.10608e+01 -3.04863e+01  5.32658e+01             
       H -8.01486e+01 -1.79701e+01  5.36837e+01             
       H -8.09004e+01 -3.01634e+01  5.23457e+01             
       O -7.88504e+01 -2.69586e+01  5.97079e+01             
       H -7.82146e+01 -2.62120e+01  5.95994e+01             
       H -7.82887e+01 -2.75225e+01  6.02800e+01             
       O -6.69441e+01 -2.32806e+01  6.22852e+01             
       H -6.68343e+01 -2.32044e+01  6.32546e+01             
       H -6.60193e+01 -2.34838e+01  6.19275e+01             
       O -6.81071e+01 -1.83302e+01  7.11558e+01             
       H -6.77318e+01 -1.75955e+01  7.06344e+01             
       H -6.73242e+01 -1.87905e+01  7.14493e+01             
       O -8.32520e+01 -2.25752e+01  4.84192e+01             
       H -8.23844e+01 -2.26310e+01  4.79586e+01             
       H -7.00750e+01 -2.88548e+00  6.03824e+01             
       O -6.79353e+01 -1.98914e+01  7.46959e+01             
       H -6.76982e+01 -1.90680e+01  7.41744e+01             
       H -6.70076e+01 -3.26790e+01  7.49682e+01             
       O -8.94374e+01 -1.49463e+01  5.31595e+01             
       H -8.85434e+01 -1.48601e+01  5.34647e+01             
       H -8.95220e+01 -1.56254e+01  5.24104e+01             
       O -7.98952e+01 -2.82296e+01  5.73751e+01             
       H -7.96514e+01 -2.83410e+01  5.64333e+01             
       H -7.92528e+01 -2.76672e+01  5.78555e+01             
       O -8.68651e+01 -1.13060e+01  6.73536e+01             
       H -8.63329e+01 -1.10217e+01  6.81110e+01             
       H -8.62888e+01 -1.09124e+01  6.66501e+01             
       O -8.32508e+01 -1.39290e+01  5.51968e+01             
       H -8.24798e+01 -1.37455e+01  5.45640e+01             
       H -6.92336e+01 -2.04417e+01  5.00844e+01             
       O -7.69688e+01 -3.52623e+01  5.55134e+01             
       H -7.67385e+01 -3.45028e+01  5.61518e+01             
       H -7.50792e+01 -3.17677e+01  6.43262e+01             
       O -8.98953e+01 -1.80157e+01  5.90916e+01             
       H -8.89579e+01 -1.78159e+01  5.94399e+01             
       H -8.99849e+01 -1.75796e+01  5.82808e+01             
       O -6.80261e+01 -2.85072e+01  6.34437e+01             
       H -6.71199e+01 -2.87773e+01  6.34391e+01             
       H -6.78686e+01 -2.75919e+01  6.33807e+01             
       O -8.41558e+01 -1.79462e+01  6.93189e+01             
       H -8.36987e+01 -1.75660e+01  6.85406e+01             
       H -8.34854e+01 -1.85210e+01  6.98009e+01             
       O -8.11416e+01 -1.37844e+01  5.36977e+01             
       H -8.02008e+01 -2.65147e+01  5.40625e+01             
       H -8.08842e+01 -1.29369e+01  5.33092e+01             
       O -8.19274e+01 -2.93733e+01  4.88007e+01             
       H -8.12564e+01 -2.91464e+01  4.94472e+01             
       H -8.15653e+01 -2.99120e+01  4.81236e+01             
       O -8.90966e+01 -1.16361e+01  6.12463e+01             
       H -8.83912e+01 -1.15719e+01  6.19466e+01             
       H -8.86839e+01 -1.24301e+01  6.07640e+01             
       O -8.31662e+01 -1.20933e+00  5.14416e+01             
       H -5.71148e+01 -1.91244e+01  5.85602e+01             
       H -8.27575e+01 -1.61379e+00  5.05859e+01             
       O -7.48420e+01 -1.88205e+01  6.63892e+01             
       H -7.72496e+01 -2.56391e+01  6.51741e+01             
       H -8.67952e+01 -1.94170e+01  6.70028e+01             
       O -7.92404e+01 -3.32170e+01  5.86381e+01             
       H -7.90322e+01 -3.33126e+01  5.76808e+01             
       H -7.83931e+01 -3.33813e+01  5.91173e+01             
       O -8.77460e+01 -2.37082e+01  6.35094e+01             
       H -8.72507e+01 -2.44670e+01  6.31033e+01             
       H -8.71467e+01 -2.29692e+01  6.35546e+01             
       O -7.27610e+01 -4.50566e+01  5.55776e+01             
       H -7.24181e+01 -4.41438e+01  5.57338e+01             
       H -7.25681e+01 -4.57208e+01  6.86340e+01             
       O -7.67411e+01 -8.10581e+00  5.70172e+01             
       H -7.65666e+01 -7.19490e+00  5.67372e+01             
       H -7.61583e+01 -8.25596e+00  5.78173e+01             
       O -7.46224e+01 -2.74343e+01  6.95491e+01             
       H -7.38919e+01 -2.78297e+01  7.01141e+01             
       H -7.44667e+01 -2.70641e+01  6.86693e+01             
       O -8.06830e+01 -2.61341e+01  7.46296e+01             
       H -8.02905e+01 -2.52831e+01  7.49097e+01             
       H -8.04188e+01 -2.63218e+01  7.37302e+01             
       O -9.42715e+01 -2.19401e+01  5.62927e+01             
       H -9.41270e+01 -2.16420e+01  5.53973e+01             
       H -9.36548e+01 -2.26462e+01  5.65245e+01             
       O -7.15300e+01 -5.79552e+00  7.49496e+01             
       H -7.08906e+01 -5.27806e+00  7.43500e+01             
       H -7.10117e+01 -6.58421e+00  7.50700e+01             
       O -7.73263e+01 -1.67673e+01  5.11216e+01             
       H -7.66787e+01 -1.73841e+01  5.14086e+01             
       H -7.69393e+01 -1.61189e+01  3.80341e+01             
       O -7.37597e+01 -2.13548e+01  3.88460e+01             
       H -7.31517e+01 -2.12369e+01  3.81243e+01             
       H -8.56665e+01 -2.16194e+01  3.96116e+01             
       O -6.24027e+01 -2.16025e+01  3.37269e+01             
       H -6.16811e+01 -2.09602e+01  3.39657e+01             
       H -6.19156e+01 -2.24716e+01  3.37319e+01             
       O -7.28134e+01 -2.86445e+01  4.62158e+01             
       H -7.24136e+01 -2.91712e+01  4.54651e+01             
       H -7.20535e+01 -2.80551e+01  5.89674e+01             
       O -7.50723e+01 -1.73099e+01  4.75572e+01             
       H -7.83307e+01 -1.40550e+01  5.55103e+01             
       H -7.45652e+01 -1.80970e+01  4.80329e+01             
       O -7.61499e+01 -2.77092e+01  6.15484e+01             
       H -7.56260e+01 -2.84634e+01  6.11027e+01             
       H -7.54551e+01 -2.70868e+01  6.16795e+01             
       O -6.63714e+01 -1.77971e+01  4.89721e+01             
       H -6.56913e+01 -1.77400e+01  4.96930e+01             
       H -6.59178e+01 -1.77374e+01  4.81254e+01             
       O -6.88022e+01 -3.32862e+01  5.32922e+01             
       H -6.89527e+01 -3.23282e+01  5.34200e+01             
       H -6.77986e+01 -3.32844e+01  5.32293e+01             
       O -7.61955e+01 -5.13689e+00  6.86712e+01             
       H -7.56509e+01 -5.31974e+00  6.78461e+01             
       H -7.59397e+01 -4.23672e+00  6.88827e+01             
       O -7.25179e+01  2.67133e+00  7.83571e+01             
       H -7.24135e+01  3.51109e+00  7.88472e+01             
       H -7.16702e+01  2.29056e+00  7.81019e+01             
       O -7.54198e+01 -3.12506e+01  6.36144e+01             
       H -8.30316e+01 -2.19475e+01  4.91469e+01             
       H -7.48169e+01 -3.14264e+01  6.28554e+01             
       O -7.76055e+01 -2.05921e+01  6.35274e+01             
       H -7.44638e+01 -1.69271e+01  4.69081e+01             
       H -7.69097e+01 -1.99106e+01  6.36073e+01             
       O -7.02716e+01 -2.06351e+01  5.03602e+01             
       H -8.24564e+01 -1.39062e+01  5.20249e+01             
       H -7.02798e+01 -2.11659e+01  5.11755e+01             
       O -7.24211e+01 -3.32877e+01  5.95944e+01             
       H -8.45675e+01 -3.40789e+01  7.25594e+01             
       H -6.68326e+01 -1.18129e+01  6.97836e+01             
       O -1.03219e+02 -2.13640e+01  6.60743e+01             
       H -1.02548e+02 -2.11959e+01  6.54189e+01             
       H -1.02845e+02 -2.17562e+01  6.68323e+01             
       O -7.02662e+01 -3.20496e+01  5.80913e+01             
       H -6.97537e+01 -3.27088e+01  5.75393e+01             
       H -7.41158e+01 -1.82504e+01  6.61439e+01             
       O -7.88710e+01 -1.46914e+01  5.49698e+01             
       H -7.82379e+01 -1.48601e+01  5.42444e+01             
       H -9.27628e+01 -2.26999e+01  3.59539e+01             
       O -9.03758e+01 -2.50334e+01  5.66749e+01             
       H -9.00251e+01 -2.43341e+01  5.60315e+01             
       H -8.96606e+01 -2.51816e+01  5.73780e+01             
       O -7.32097e+01 -2.70406e+01  5.22277e+01             
       H -7.23580e+01 -2.65130e+01  5.22233e+01             
       H -7.30102e+01 -2.79984e+01  5.23894e+01             
       O -5.84503e+01 -2.93597e+01  5.45120e+01             
       H -5.83449e+01 -1.60231e+01  5.47900e+01             
       H -5.76097e+01 -2.96625e+01  5.40697e+01             
       O -7.41022e+01 -1.32509e+01  6.23240e+01             
       H -6.12645e+01 -1.36461e+01  6.32039e+01             
       H -7.32537e+01 -1.29750e+01  6.17834e+01             
       O -7.06068e+01 -2.19474e+00  5.99272e+01             
       H -7.61669e+01 -3.56050e+01  5.51311e+01             
       H -8.27307e+01 -1.55233e+00  5.60569e+01             
       O -8.26292e+01 -2.29365e+01  5.24548e+01             
       H -8.17208e+01 -2.28036e+01  5.26777e+01             
       H -8.26582e+01 -2.37341e+01  5.18573e+01             
       O -8.42734e+01 -1.13258e+01  4.39580e+01             
       H -8.40639e+01 -2.44649e+01  4.33229e+01             
       H -8.34555e+01 -1.07665e+01  4.40161e+01             
       O -8.97461e+01 -2.14963e+01  6.02646e+01             
       H -8.96618e+01 -2.24728e+01  6.04629e+01             
       H -8.88921e+01 -2.13674e+01  5.98620e+01             
       O -7.97860e+01 -2.37375e+01  6.51549e+01             
       H -7.94416e+01 -2.29194e+01  6.54879e+01             
       H -7.88912e+01 -2.42886e+01  6.52305e+01             
       O -8.98561e+01 -2.46611e+01  5.26637e+01             
       H -8.90742e+01 -2.41814e+01  6.46990e+01             
       H -8.40144e+01 -4.54755e+01  4.66479e+01             
       O -6.92082e+01 -2.62174e+01  6.99728e+01             
       H -6.87210e+01 -2.53633e+01  7.01229e+01             
       H -6.86168e+01 -2.69413e+01  6.98459e+01             
       O -7.35135e+01 -2.41398e+01  5.85166e+01             
       H -7.29876e+01 -2.44677e+01  5.92472e+01             
       H -7.28587e+01 -2.40708e+01  5.77667e+01             
       O -9.95468e+01 -2.65348e+01  6.68471e+01             
       H -9.97251e+01 -2.56079e+01  6.68767e+01             
       H -9.87880e+01 -2.65930e+01  6.62511e+01             
       O -7.21091e+01 -2.50285e+01  6.07100e+01             
       H -7.15566e+01 -2.42509e+01  6.09035e+01             
       H -7.15931e+01 -2.58190e+01  6.05200e+01             
       O -9.09976e+01 -1.84271e+01  2.92914e+01             
       H -9.01641e+01 -1.80748e+01  2.96831e+01             
       H -9.09176e+01 -1.93913e+01  2.93229e+01             
       O -8.07960e+01 -2.25229e+01  3.50886e+01             
       H -5.76411e+01 -1.42976e+01  4.67383e+01             
       H -8.03881e+01 -2.17065e+01  3.46142e+01             
       O -8.52599e+01 -1.73902e+01  6.52722e+01             
       H -8.48316e+01 -1.75725e+01  6.44220e+01             
       H -8.45117e+01 -1.73002e+01  6.59081e+01             
       O -8.61671e+01 -1.90338e+01  7.39204e+01             
       H -8.53059e+01 -1.86134e+01  7.42536e+01             
       H -8.58213e+01 -1.98496e+01  7.34238e+01             
