192                                                         
# CELL(abcABC):   12.41850    12.41850    12.41850    90.00000    90.00000    90.00000  Step:           0  Bead:       0 x_centroid{angstrom}  cell{angstrom}   
       O -7.43688e+01 -1.00484e+01  6.74621e+01             
       H -7.41219e+01 -1.09399e+01  6.73388e+01             
       H -7.36019e+01 -9.54948e+00  6.76805e+01             
       O -6.22149e+01 -6.84062e+00  5.69077e+01             
       H -6.28644e+01 -1.62904e+01  5.32358e+01             
       H -6.13868e+01 -6.56126e+00  5.64650e+01             
       O -6.58598e+01 -2.66787e+01  5.08456e+01             
       H -6.52011e+01 -1.39586e+01  5.14779e+01             
       H -6.54398e+01 -2.69527e+01  5.00090e+01             
       O -5.99303e+01 -2.04591e+01  5.49788e+01             
       H -5.90281e+01 -2.05252e+01  5.54112e+01             
       H -5.99287e+01 -1.96603e+01  5.44589e+01             
       O -5.25271e+01 -2.02273e+01  4.73253e+01             
       H -5.17047e+01 -1.98072e+01  4.76532e+01             
       H -5.22783e+01 -2.11501e+01  4.75720e+01             
       O -5.60194e+01 -1.86176e+01  6.31861e+01             
       H -5.52929e+01 -1.89871e+01  6.25789e+01             
       H -5.56051e+01 -1.79166e+01  6.36576e+01             
       O -6.26765e+01 -1.91908e+01  3.60614e+01             
       H -6.18425e+01 -1.87878e+01  3.57865e+01             
       H -5.17150e+01  2.09124e+00  5.21949e+01             
       O -4.64593e+01 -1.69137e+01  6.64778e+01             
       H -4.60201e+01 -1.76220e+01  6.69138e+01             
       H -4.57844e+01 -2.86652e+01  6.62206e+01             
       O -6.91502e+01 -9.48862e+00  4.07340e+01             
       H -6.86986e+01 -9.40838e+00  4.15905e+01             
       H -6.84888e+01 -9.84061e+00  4.01070e+01             
       O -6.40665e+01 -2.26864e+01  4.87535e+01             
       H -6.36697e+01 -2.33238e+01  4.80931e+01             
       H -6.35540e+01 -2.28084e+01  4.95370e+01             
       O -6.79412e+01 -6.29827e+00  5.57040e+01             
       H -6.71554e+01 -6.64025e+00  5.61819e+01             
       H -6.75187e+01 -5.91623e+00  5.49274e+01             
       O -6.44852e+01 -1.07687e+01  4.52315e+01             
       H -6.36149e+01 -1.06347e+01  4.55933e+01             
       H -5.44249e+01 -1.04333e+01  4.32642e+01             
       O -6.02630e+01 -3.12734e+01  4.00037e+01             
       H -5.99313e+01 -3.04453e+01  4.03909e+01             
       H -5.67505e+01 -2.69453e+01  5.92048e+01             
       O -7.03872e+01 -1.70909e+01  4.87242e+01             
       H -6.98715e+01 -1.76352e+01  4.92878e+01             
       H -6.97624e+01 -1.66054e+01  4.81552e+01             
       O -5.59667e+01 -2.36305e+01  5.82796e+01             
       H -5.56663e+01 -2.32529e+01  5.74378e+01             
       H -5.51812e+01 -2.40729e+01  5.86674e+01             
       O -6.39387e+01 -8.15241e+00  5.54325e+01             
       H -6.31872e+01 -7.65513e+00  5.57783e+01             
       H -6.35590e+01 -9.03025e+00  5.53097e+01             
       O -6.25491e+01 -7.27085e+00  3.89178e+01             
       H -6.18488e+01 -1.92952e+01  3.94850e+01             
       H -6.22549e+01 -8.21006e+00  3.90133e+01             
       O -6.42180e+01 -2.55711e+01  4.33073e+01             
       H -6.37850e+01 -2.58771e+01  4.24812e+01             
       H -6.34092e+01 -2.55289e+01  4.38694e+01             
       O -7.02301e+01 -1.21768e+01  4.99054e+01             
       H -6.93764e+01 -1.23185e+01  4.94858e+01             
       H -7.02461e+01 -1.12029e+01  5.01546e+01             
       O -6.37750e+01  7.96792e+00  4.53161e+01             
       H -4.69175e+01 -1.67057e+01  5.06146e+01             
       H -6.32219e+01  8.49137e+00  4.59135e+01             
       O -5.72514e+01 -1.69893e+01  5.66616e+01             
       H -6.05176e+01 -2.15191e+01  5.32391e+01             
       H -6.89192e+01 -1.75450e+01  5.63985e+01             
       O -5.71351e+01 -2.72713e+01  5.32654e+01             
       H -5.64227e+01 -2.77752e+01  5.28023e+01             
       H -5.67366e+01 -2.66252e+01  5.38036e+01             
       O -6.50230e+01 -1.98207e+01  5.31923e+01             
       H -6.46109e+01 -1.99177e+01  5.41072e+01             
       H -6.43561e+01 -1.97016e+01  5.24982e+01             
       O -6.13608e+01 -4.04194e+01  5.41831e+01             
       H -6.05531e+01 -4.09446e+01  5.42268e+01             
       H -6.09797e+01 -3.95257e+01  6.65766e+01             
       O -6.43641e+01 -2.31854e+00  4.84927e+01             
       H -6.37597e+01 -1.87342e+00  4.78746e+01             
       H -6.38408e+01 -3.01943e+00  4.89414e+01             
       O -5.39202e+01 -1.75879e+01  5.39913e+01             
       H -5.33567e+01 -1.72483e+01  5.47304e+01             
       H -5.33583e+01 -1.83335e+01  5.36010e+01             
       O -6.26429e+01 -2.39607e+01  6.38518e+01             
       H -6.20509e+01 -2.37114e+01  6.45027e+01             
       H -6.20648e+01 -2.42530e+01  6.31117e+01             
       O -7.83470e+01 -1.99763e+01  4.47114e+01             
       H -7.80517e+01 -2.00252e+01  4.57009e+01             
       H -7.75914e+01 -2.03017e+01  4.42338e+01             
       O -5.98981e+01 -1.89389e+00  6.06616e+01             
       H -5.99038e+01 -2.51349e+00  6.14020e+01             
       H -5.90240e+01 -1.96161e+00  6.02544e+01             
       O -6.29551e+01 -1.23249e+01  4.72477e+01             
       H -6.26128e+01 -1.25043e+01  4.63206e+01             
       H -6.21834e+01 -1.22199e+01  3.54121e+01             
       O -5.82936e+01 -1.14848e+01  2.99529e+01             
       H -5.74019e+01 -1.19750e+01  3.00089e+01             
       H -7.05394e+01 -1.07377e+01  2.93627e+01             
       O -4.94289e+01 -1.26352e+01  3.25099e+01             
       H -4.93023e+01 -1.35985e+01  3.26198e+01             
       H -4.85437e+01 -1.22485e+01  3.23049e+01             
       O -6.09445e+01 -2.44115e+01  3.68648e+01             
       H -6.04492e+01 -2.52506e+01  3.66811e+01             
       H -6.02784e+01 -2.37223e+01  4.91672e+01             
       O -5.59513e+01 -1.60555e+01  3.46683e+01             
       H -6.56969e+01 -1.13389e+01  4.13364e+01             
       H -5.60773e+01 -1.64046e+01  3.37408e+01             
       O -5.95668e+01 -2.38672e+01  5.69913e+01             
       H -5.89701e+01 -2.40380e+01  5.77301e+01             
       H -5.88991e+01 -2.37389e+01  5.62623e+01             
       O -4.81125e+01 -1.27152e+01  4.16853e+01             
       H -4.79884e+01 -1.28480e+01  4.07183e+01             
       H -4.72926e+01 -1.23161e+01  4.19709e+01             
       O -5.16203e+01 -2.61686e+01  5.26360e+01             
       H -5.09917e+01 -2.56188e+01  5.22355e+01             
       H -5.12491e+01 -2.70634e+01  5.26724e+01             
       O -5.86539e+01 -8.14274e+00  5.87654e+01             
       H -5.82220e+01 -7.94499e+00  5.78654e+01             
       H -5.78568e+01 -8.41615e+00  5.92465e+01             
       O -4.90767e+01  9.60985e+00  7.10535e+01             
       H -4.84406e+01  8.97969e+00  7.05539e+01             
       H -4.84963e+01  9.96984e+00  7.17323e+01             
       O -5.75121e+01 -2.63555e+01  5.90082e+01             
       H -6.24859e+01 -1.95124e+01  3.69517e+01             
       H -5.69678e+01 -2.55685e+01  5.87707e+01             
       O -6.37467e+01 -1.63752e+01  5.28047e+01             
       H -5.50132e+01 -1.61311e+01  3.50480e+01             
       H -6.34708e+01 -1.67996e+01  5.19543e+01             
       O -5.50634e+01 -9.75658e+00  4.36227e+01             
       H -6.32374e+01 -5.12297e+00  4.48815e+01             
       H -5.45012e+01 -8.99073e+00  4.38252e+01             
       O -5.60639e+01 -2.53777e+01  5.48802e+01             
       H -6.81581e+01 -2.57965e+01  6.81344e+01             
       H -4.95577e+01 -7.73807e+00  5.72909e+01             
       O -9.10656e+01 -1.27415e+01  5.87364e+01             
       H -9.03781e+01 -1.21032e+01  5.84052e+01             
       H -9.07856e+01 -1.29682e+01  5.96350e+01             
       O -6.00301e+01 -2.85265e+01  5.06960e+01             
       H -5.96733e+01 -2.77565e+01  5.12527e+01             
       H -5.69434e+01 -1.60868e+01  5.65472e+01             
       O -6.61505e+01 -1.16123e+01  4.21976e+01             
       H -6.55353e+01 -1.21213e+01  4.27477e+01             
       H -7.26780e+01 -2.14635e+01  2.14106e+01             
       O -6.98759e+01 -2.06663e+01  4.35457e+01             
       H -6.91807e+01 -2.00345e+01  4.32926e+01             
       H -6.95320e+01 -2.14904e+01  4.32440e+01             
       O -5.50707e+01 -2.30394e+01  3.91126e+01             
       H -5.52269e+01 -2.35368e+01  3.83760e+01             
       H -5.40816e+01 -2.30195e+01  3.91212e+01             
       O -4.22032e+01 -2.46241e+01  4.91486e+01             
       H -4.17732e+01 -1.28233e+01  4.97325e+01             
       H -4.14700e+01 -2.40161e+01  4.89337e+01             
       O -5.82481e+01 -9.56405e+00  4.98931e+01             
       H -4.52411e+01 -9.37832e+00  4.91140e+01             
       H -5.80496e+01 -8.85735e+00  5.05198e+01             
       O -5.26064e+01  2.33728e+00  5.24631e+01             
       H -5.94086e+01 -3.16983e+01  3.98033e+01             
       H -6.43715e+01  1.21321e+00  4.44051e+01             
       O -6.58173e+01 -1.67125e+01  4.74211e+01             
       H -6.52133e+01 -1.72023e+01  4.68533e+01             
       H -6.52627e+01 -1.59766e+01  4.78016e+01             
       O -6.27649e+01 -4.30857e+00  3.76483e+01             
       H -6.17959e+01 -1.64277e+01  3.78951e+01             
       H -6.26255e+01 -5.24090e+00  3.73542e+01             
       O -7.03260e+01 -2.00067e+01  5.19649e+01             
       H -6.95338e+01 -1.95246e+01  5.15664e+01             
       H -6.99953e+01 -2.06932e+01  5.25861e+01             
       O -5.98896e+01 -1.72552e+01  5.75129e+01             
       H -5.90001e+01 -1.72503e+01  5.72129e+01             
       H -5.98168e+01 -1.77535e+01  5.83271e+01             
       O -7.31760e+01 -2.17493e+01  3.98850e+01             
       H -7.24000e+01 -2.17995e+01  5.17310e+01             
       H -6.77149e+01 -3.73144e+01  4.20742e+01             
       O -5.44050e+01 -2.02326e+01  6.15802e+01             
       H -5.39333e+01 -2.08426e+01  6.22126e+01             
       H -5.37052e+01 -1.99715e+01  6.09554e+01             
       O -6.01261e+01 -1.85670e+01  4.75790e+01             
       H -5.95476e+01 -1.78807e+01  4.80342e+01             
       H -5.95236e+01 -1.92832e+01  4.74447e+01             
       O -7.80131e+01 -1.60548e+01  5.60819e+01             
       H -7.75230e+01 -1.53973e+01  5.55192e+01             
       H -7.71950e+01 -1.63796e+01  5.66703e+01             
       O -5.65647e+01 -2.16111e+01  4.78817e+01             
       H -5.58003e+01 -2.10915e+01  4.81986e+01             
       H -5.63136e+01 -2.21957e+01  4.71531e+01             
       O -7.14876e+01 -1.37802e+01  2.70230e+01             
       H -7.09142e+01 -1.32450e+01  2.64071e+01             
       H -7.08475e+01 -1.40012e+01  2.76956e+01             
       O -6.11609e+01 -2.17262e+01  2.11103e+01             
       H -4.01567e+01 -9.08947e+00  4.03065e+01             
       H -6.09630e+01 -2.23330e+01  2.04329e+01             
       O -6.75814e+01 -1.60312e+01  5.20573e+01             
       H -6.69104e+01 -1.63635e+01  5.27169e+01             
       H -6.70965e+01 -1.52556e+01  5.16853e+01             
       O -6.76940e+01 -1.45730e+01  6.93129e+01             
       H -6.69852e+01 -1.52222e+01  6.89331e+01             
       H -6.71886e+01 -1.40920e+01  6.99395e+01             
192                                                         
# CELL(abcABC):   12.41850    12.41850    12.41850    90.00000    90.00000    90.00000  Step:      200000  Bead:       0 x_centroid{angstrom}  cell{angstrom}   
       O -8.62836e+01 -1.34312e+01  7.28760e+01             
       H -8.60331e+01 -1.26825e+01  7.22621e+01             
       H -8.54658e+01 -1.36331e+01  7.33657e+01             
       O -7.48579e+01 -1.10480e+01  6.41612e+01             
       H -7.17590e+01 -1.91926e+01  5.88916e+01             
       H -7.42239e+01 -1.12830e+01  6.48477e+01             
       O -7.94837e+01 -3.05479e+01  5.84050e+01             
       H -7.86799e+01 -1.83465e+01  5.89470e+01             
       H -7.91564e+01 -3.06227e+01  5.74840e+01             
       O -7.02173e+01 -2.59008e+01  6.37829e+01             
       H -6.97092e+01 -2.67725e+01  6.39575e+01             
       H -6.95504e+01 -2.52439e+01  6.35321e+01             
       O -6.57071e+01 -2.30527e+01  5.40639e+01             
       H -6.48947e+01 -2.32535e+01  5.46544e+01             
       H -6.51729e+01 -2.25180e+01  5.33680e+01             
       O -6.95111e+01 -2.15914e+01  6.86756e+01             
       H -6.88250e+01 -2.22804e+01  6.84392e+01             
       H -6.89962e+01 -2.12300e+01  6.94029e+01             
       O -7.60009e+01 -2.35276e+01  4.28954e+01             
       H -7.51650e+01 -2.36963e+01  4.24912e+01             
       H -6.31735e+01 -1.16098e+00  5.57982e+01             
       O -5.78096e+01 -1.93326e+01  7.21455e+01             
       H -5.74991e+01 -1.83871e+01  7.22667e+01             
       H -5.70396e+01 -3.23116e+01  7.18033e+01             
       O -8.11474e+01 -1.20660e+01  4.77792e+01             
       H -8.09696e+01 -1.20025e+01  4.87907e+01             
       H -8.03155e+01 -1.20562e+01  4.72359e+01             
       O -7.85458e+01 -2.72252e+01  5.74251e+01             
       H -7.83670e+01 -2.77611e+01  5.81907e+01             
       H -7.76853e+01 -2.69948e+01  5.69572e+01             
       O -7.90409e+01 -9.71751e+00  6.28405e+01             
       H -7.82882e+01 -9.68772e+00  6.34553e+01             
       H -7.85534e+01 -9.48206e+00  6.19702e+01             
       O -7.55217e+01 -1.38075e+01  5.23385e+01             
       H -7.50307e+01 -1.30011e+01  5.20808e+01             
       H -6.45566e+01 -1.33946e+01  5.29050e+01             
       O -7.29856e+01 -3.50781e+01  5.00183e+01             
       H -7.23022e+01 -3.43132e+01  4.99883e+01             
       H -7.08819e+01 -3.03500e+01  6.47468e+01             
       O -8.45297e+01 -2.12080e+01  5.50030e+01             
       H -8.38159e+01 -2.14082e+01  5.56615e+01             
       H -8.40544e+01 -2.06351e+01  5.43159e+01             
       O -6.87438e+01 -2.80539e+01  6.41506e+01             
       H -6.82675e+01 -2.83311e+01  6.32890e+01             
       H -6.79398e+01 -2.80070e+01  6.48140e+01             
       O -7.61351e+01 -1.26109e+01  6.12322e+01             
       H -7.59699e+01 -1.20066e+01  6.19763e+01             
       H -7.51740e+01 -1.29395e+01  6.10850e+01             
       O -7.48345e+01 -1.04552e+01  4.51518e+01             
       H -7.45293e+01 -2.20331e+01  4.46864e+01             
       H -7.40038e+01 -1.08537e+01  4.57382e+01             
       O -7.76771e+01 -2.99494e+01  5.18140e+01             
       H -7.70898e+01 -3.07535e+01  5.20683e+01             
       H -7.70788e+01 -2.93340e+01  5.13212e+01             
       O -8.27598e+01 -1.67300e+01  5.63509e+01             
       H -8.23500e+01 -1.75945e+01  5.64618e+01             
       H -8.19233e+01 -1.61935e+01  5.61116e+01             
       O -7.57572e+01  5.40308e+00  5.22845e+01             
       H -6.11651e+01 -2.07466e+01  5.56034e+01             
       H -7.52445e+01  5.77538e+00  5.30331e+01             
       O -6.87086e+01 -2.02673e+01  6.34956e+01             
       H -7.21790e+01 -2.34346e+01  5.93282e+01             
       H -8.07242e+01 -2.11088e+01  6.36986e+01             
       O -7.21251e+01 -2.87516e+01  5.83621e+01             
       H -7.15567e+01 -2.86631e+01  5.75368e+01             
       H -7.15089e+01 -2.85081e+01  5.90222e+01             
       O -7.69344e+01 -2.34555e+01  5.90528e+01             
       H -7.66042e+01 -2.39986e+01  5.97572e+01             
       H -7.61245e+01 -2.30382e+01  5.85537e+01             
       O -7.36757e+01 -4.37765e+01  6.28746e+01             
       H -7.28588e+01 -4.42919e+01  6.30543e+01             
       H -7.33996e+01 -4.28472e+01  7.50769e+01             
       O -7.87135e+01 -6.02479e+00  5.58136e+01             
       H -7.79401e+01 -5.37771e+00  5.54115e+01             
       H -7.82113e+01 -6.88191e+00  5.57301e+01             
       O -6.58091e+01 -2.15066e+01  6.01462e+01             
       H -6.54821e+01 -2.05793e+01  6.00769e+01             
       H -6.53005e+01 -2.20566e+01  5.94810e+01             
       O -7.74047e+01 -3.11381e+01  7.26230e+01             
       H -7.72488e+01 -3.01337e+01  7.26143e+01             
       H -7.64239e+01 -3.14402e+01  7.25523e+01             
       O -8.93214e+01 -2.20171e+01  5.20963e+01             
       H -8.87501e+01 -2.12288e+01  5.23588e+01             
       H -8.85837e+01 -2.27112e+01  5.19593e+01             
       O -7.32079e+01 -3.90272e+00  6.30413e+01             
       H -7.28217e+01 -3.21187e+00  6.24209e+01             
       H -7.24245e+01 -4.15318e+00  6.35859e+01             
       O -7.69165e+01 -1.68604e+01  5.48393e+01             
       H -7.60372e+01 -1.73667e+01  5.45676e+01             
       H -7.65455e+01 -1.60650e+01  4.28221e+01             
       O -7.00257e+01 -1.41527e+01  3.49402e+01             
       H -6.94906e+01 -1.49752e+01  3.48361e+01             
       H -8.19041e+01 -1.33597e+01  3.51955e+01             
       O -6.35399e+01 -1.59763e+01  3.78162e+01             
       H -6.26731e+01 -1.63210e+01  3.78162e+01             
       H -6.33743e+01 -1.52091e+01  3.83633e+01             
       O -7.23930e+01 -2.91335e+01  4.19237e+01             
       H -7.19322e+01 -2.91619e+01  4.10477e+01             
       H -7.16190e+01 -2.92387e+01  5.49600e+01             
       O -7.05519e+01 -1.93445e+01  4.07028e+01             
       H -7.81954e+01 -1.37936e+01  5.09543e+01             
       H -7.00505e+01 -1.98819e+01  4.01267e+01             
       O -7.17953e+01 -2.67777e+01  6.16867e+01             
       H -7.10950e+01 -2.64300e+01  6.24090e+01             
       H -7.10985e+01 -2.69223e+01  6.09263e+01             
       O -6.47242e+01 -1.60479e+01  4.72811e+01             
       H -6.38970e+01 -1.59017e+01  4.68356e+01             
       H -6.45227e+01 -1.57868e+01  4.81394e+01             
       O -6.24251e+01 -3.16077e+01  6.02474e+01             
       H -6.19982e+01 -3.15252e+01  6.10975e+01             
       H -6.17688e+01 -3.17186e+01  5.95418e+01             
       O -7.16108e+01 -1.29100e+01  6.62259e+01             
       H -7.11611e+01 -1.29040e+01  6.53657e+01             
       H -7.08336e+01 -1.31733e+01  6.68188e+01             
       O -6.23178e+01  6.69322e+00  7.94305e+01             
       H -6.14285e+01  7.10820e+00  7.92639e+01             
       H -6.22662e+01  6.05727e+00  8.01221e+01             
       O -7.10824e+01 -2.94531e+01  6.45047e+01             
       H -7.58094e+01 -2.33139e+01  4.38499e+01             
       H -7.01686e+01 -2.90366e+01  6.46009e+01             
       O -7.26122e+01 -1.90738e+01  5.84072e+01             
       H -6.99754e+01 -1.90672e+01  4.14754e+01             
       H -7.24939e+01 -1.80978e+01  5.82582e+01             
       O -6.55759e+01 -1.31684e+01  5.27696e+01             
       H -7.50274e+01 -6.85952e+00  5.15167e+01             
       H -6.57662e+01 -1.21922e+01  5.31111e+01             
       O -6.91581e+01 -2.92270e+01  5.96039e+01             
       H -8.10836e+01 -2.90839e+01  7.28870e+01             
       H -6.18703e+01 -1.07206e+01  6.34545e+01             
       O -1.03890e+02 -1.53002e+01  6.58180e+01             
       H -1.03492e+02 -1.43853e+01  6.58388e+01             
       H -1.03207e+02 -1.59352e+01  6.60451e+01             
       O -7.41603e+01 -3.26083e+01  5.62725e+01             
       H -7.34794e+01 -3.24390e+01  5.69196e+01             
       H -6.79290e+01 -1.97545e+01  6.32217e+01             
       O -7.85584e+01 -1.39819e+01  5.00163e+01             
       H -7.77633e+01 -1.37345e+01  4.94810e+01             
       H -8.59771e+01 -2.75853e+01  2.96252e+01             
       O -8.04111e+01 -2.44334e+01  5.03013e+01             
       H -7.99172e+01 -2.35498e+01  5.04710e+01             
       H -7.96666e+01 -2.51025e+01  5.02993e+01             
       O -6.67674e+01 -2.47659e+01  4.57665e+01             
       H -6.65973e+01 -2.57557e+01  4.56779e+01             
       H -6.59254e+01 -2.43463e+01  4.60993e+01             
       O -5.57226e+01 -2.77129e+01  5.55758e+01             
       H -5.51288e+01 -1.52334e+01  5.63479e+01             
       H -5.52402e+01 -2.77386e+01  5.47089e+01             
       O -7.12660e+01 -1.33092e+01  5.75130e+01             
       H -5.82405e+01 -1.31421e+01  5.67498e+01             
       H -7.07586e+01 -1.37466e+01  5.82544e+01             
       O -6.35423e+01 -1.92656e+00  5.62886e+01             
       H -7.27515e+01 -3.56126e+01  4.92517e+01             
       H -7.48596e+01 -1.75407e+00  5.29835e+01             
       O -8.12621e+01 -1.87426e+01  5.53420e+01             
       H -8.14329e+01 -1.97233e+01  5.55286e+01             
       H -8.02362e+01 -1.86257e+01  5.53694e+01             
       O -7.73024e+01 -8.45036e+00  4.35775e+01             
       H -7.75043e+01 -2.15868e+01  4.30048e+01             
       H -7.63863e+01 -8.34709e+00  4.37373e+01             
       O -8.31899e+01 -2.26331e+01  5.99148e+01             
       H -8.29915e+01 -2.19427e+01  5.93103e+01             
       H -8.23326e+01 -2.31843e+01  5.99540e+01             
       O -7.12699e+01 -2.01079e+01  6.23133e+01             
       H -7.09397e+01 -1.99704e+01  6.14019e+01             
       H -7.04048e+01 -2.02649e+01  6.28141e+01             
       O -8.52905e+01 -2.39762e+01  4.64322e+01             
       H -8.47077e+01 -2.46255e+01  5.83572e+01             
       H -8.08503e+01 -4.16601e+01  4.64833e+01             
       O -6.75464e+01 -2.35652e+01  6.82082e+01             
       H -6.71843e+01 -2.40816e+01  6.89800e+01             
       H -6.69292e+01 -2.34119e+01  6.74868e+01             
       O -7.35897e+01 -2.37212e+01  5.42167e+01             
       H -7.32734e+01 -2.28265e+01  5.44846e+01             
       H -7.27123e+01 -2.42673e+01  5.41430e+01             
       O -9.15329e+01 -1.85556e+01  6.23555e+01             
       H -9.09307e+01 -1.87542e+01  6.16444e+01             
       H -9.09473e+01 -1.82497e+01  6.32565e+01             
       O -6.96122e+01 -2.55193e+01  5.53212e+01             
       H -6.89417e+01 -2.48170e+01  5.53622e+01             
       H -6.90356e+01 -2.63410e+01  5.55180e+01             
       O -8.70650e+01 -1.52470e+01  3.36409e+01             
       H -8.66851e+01 -1.46774e+01  3.43178e+01             
       H -8.63061e+01 -1.56745e+01  3.32462e+01             
       O -7.38427e+01 -2.66681e+01  2.94728e+01             
       H -5.05536e+01 -1.46641e+01  4.46190e+01             
       H -7.29227e+01 -2.62013e+01  2.93531e+01             
       O -8.04681e+01 -2.06318e+01  5.86647e+01             
       H -7.98482e+01 -2.10222e+01  5.93374e+01             
       H -8.00198e+01 -1.97756e+01  5.85054e+01             
       O -8.01725e+01 -1.63416e+01  7.41878e+01             
       H -7.96432e+01 -1.72014e+01  7.43591e+01             
       H -7.95577e+01 -1.56186e+01  7.41430e+01             
