192                                                         
# CELL(abcABC):   12.41850    12.41850    12.41850    90.00000    90.00000    90.00000  Step:           0  Bead:       0 x_centroid{angstrom}  cell{angstrom}   
       O -7.58386e+01 -9.54381e+00  7.09851e+01             
       H -7.59711e+01 -9.77999e+00  7.00215e+01             
       H -7.49841e+01 -9.95058e+00  7.12262e+01             
       O -6.22319e+01 -5.91070e+00  5.63092e+01             
       H -6.42666e+01 -1.64237e+01  5.37206e+01             
       H -6.16330e+01 -5.44191e+00  5.68946e+01             
       O -6.76148e+01 -2.71659e+01  5.03602e+01             
       H -6.73689e+01 -1.42361e+01  5.11901e+01             
       H -6.67546e+01 -2.73760e+01  4.99409e+01             
       O -6.05659e+01 -2.00534e+01  5.53421e+01             
       H -5.97258e+01 -2.03657e+01  5.57525e+01             
       H -6.04603e+01 -1.97104e+01  5.44600e+01             
       O -5.31993e+01 -2.08319e+01  4.78256e+01             
       H -5.25782e+01 -2.01049e+01  4.80902e+01             
       H -5.25076e+01 -2.14569e+01  4.74009e+01             
       O -5.68610e+01 -1.90328e+01  6.31895e+01             
       H -5.62701e+01 -1.95967e+01  6.26410e+01             
       H -5.62239e+01 -1.84567e+01  6.36144e+01             
       O -6.32918e+01 -1.94273e+01  3.65244e+01             
       H -6.24132e+01 -1.90406e+01  3.62420e+01             
       H -5.24303e+01  1.40271e+00  5.17198e+01             
       O -4.77610e+01 -1.64310e+01  6.70737e+01             
       H -4.73624e+01 -1.65688e+01  6.79127e+01             
       H -4.69734e+01 -2.84528e+01  6.66830e+01             
       O -6.93598e+01 -9.49153e+00  4.16183e+01             
       H -6.87995e+01 -9.40053e+00  4.24380e+01             
       H -6.88110e+01 -9.70518e+00  4.07810e+01             
       O -6.69622e+01 -2.39045e+01  4.90203e+01             
       H -6.62265e+01 -2.37904e+01  4.84668e+01             
       H -6.64723e+01 -2.39221e+01  4.98637e+01             
       O -6.88869e+01 -6.70020e+00  5.63146e+01             
       H -6.82103e+01 -6.70579e+00  5.70358e+01             
       H -6.83258e+01 -6.63479e+00  5.54851e+01             
       O -6.46631e+01 -1.19565e+01  4.76233e+01             
       H -6.41482e+01 -1.17254e+01  4.68523e+01             
       H -5.47199e+01 -1.01237e+01  4.32357e+01             
       O -6.05641e+01 -3.14354e+01  4.04153e+01             
       H -6.02542e+01 -3.05333e+01  4.05463e+01             
       H -5.85583e+01 -2.67019e+01  5.98919e+01             
       O -7.12765e+01 -1.73294e+01  4.95404e+01             
       H -7.06938e+01 -1.78806e+01  5.00759e+01             
       H -7.06885e+01 -1.67306e+01  4.89916e+01             
       O -5.68319e+01 -2.37539e+01  5.80834e+01             
       H -5.64800e+01 -2.31553e+01  5.74281e+01             
       H -5.60742e+01 -2.42711e+01  5.83605e+01             
       O -6.41447e+01 -7.00903e+00  5.76470e+01             
       H -6.34131e+01 -6.53859e+00  5.71271e+01             
       H -6.37026e+01 -7.74537e+00  5.81302e+01             
       O -6.32609e+01 -8.16306e+00  3.91834e+01             
       H -6.25271e+01 -1.99336e+01  3.92813e+01             
       H -6.27692e+01 -8.97260e+00  3.91268e+01             
       O -6.35270e+01 -2.35957e+01  4.35907e+01             
       H -6.27340e+01 -2.31819e+01  4.31470e+01             
       H -6.31811e+01 -2.45017e+01  4.38742e+01             
       O -7.08956e+01 -1.21670e+01  5.06020e+01             
       H -7.02464e+01 -1.25441e+01  4.99661e+01             
       H -7.12101e+01 -1.14284e+01  5.01629e+01             
       O -6.52297e+01  7.99558e+00  4.60961e+01             
       H -4.76271e+01 -1.64697e+01  4.98754e+01             
       H -6.43907e+01  8.45386e+00  4.62821e+01             
       O -5.79088e+01 -1.69288e+01  5.69712e+01             
       H -6.08538e+01 -2.17791e+01  5.47892e+01             
       H -6.98063e+01 -1.77182e+01  5.66346e+01             
       O -5.79161e+01 -2.81795e+01  5.34967e+01             
       H -5.74636e+01 -2.89398e+01  5.30653e+01             
       H -5.73609e+01 -2.73895e+01  5.35494e+01             
       O -6.49728e+01 -2.03049e+01  5.39829e+01             
       H -6.42394e+01 -2.03514e+01  5.45973e+01             
       H -6.46002e+01 -2.03825e+01  5.31020e+01             
       O -6.30529e+01 -4.08121e+01  5.49285e+01             
       H -6.24520e+01 -4.15705e+01  5.51462e+01             
       H -6.24865e+01 -4.01285e+01  6.68558e+01             
       O -6.52963e+01 -2.65897e+00  4.92346e+01             
       H -6.48320e+01 -1.82451e+00  4.93062e+01             
       H -6.45595e+01 -3.26474e+00  4.95887e+01             
       O -5.45990e+01 -1.84140e+01  5.43163e+01             
       H -5.39863e+01 -1.77699e+01  5.47571e+01             
       H -5.39431e+01 -1.91111e+01  5.39550e+01             
       O -6.42677e+01 -2.51116e+01  6.49955e+01             
       H -6.35699e+01 -2.53776e+01  6.56274e+01             
       H -6.38963e+01 -2.51816e+01  6.40971e+01             
       O -7.92186e+01 -2.01076e+01  4.53139e+01             
       H -7.91771e+01 -2.02463e+01  4.62723e+01             
       H -7.83836e+01 -1.96242e+01  4.50940e+01             
       O -6.13635e+01 -1.48932e+00  6.05895e+01             
       H -6.10340e+01 -2.28924e+00  6.10584e+01             
       H -6.05246e+01 -1.06891e+00  6.02348e+01             
       O -6.32311e+01 -1.27436e+01  4.97976e+01             
       H -6.25114e+01 -1.33310e+01  4.94575e+01             
       H -6.27941e+01 -1.18565e+01  3.75848e+01             
       O -5.86195e+01 -1.14123e+01  2.97189e+01             
       H -5.80951e+01 -1.21762e+01  2.95148e+01             
       H -7.04714e+01 -1.06280e+01  2.94008e+01             
       O -4.96784e+01 -1.34247e+01  3.17866e+01             
       H -4.96817e+01 -1.43712e+01  3.16063e+01             
       H -4.88246e+01 -1.30989e+01  3.21004e+01             
       O -6.21317e+01 -2.30683e+01  3.86546e+01             
       H -6.19779e+01 -2.36378e+01  3.94326e+01             
       H -6.12191e+01 -2.28758e+01  5.07748e+01             
       O -5.74170e+01 -1.60998e+01  3.53085e+01             
       H -6.55655e+01 -1.03705e+01  4.17577e+01             
       H -5.76585e+01 -1.64796e+01  3.44714e+01             
       O -5.96953e+01 -2.51173e+01  5.73257e+01             
       H -5.91600e+01 -2.54595e+01  5.80283e+01             
       H -5.91061e+01 -2.46005e+01  5.68043e+01             
       O -4.95751e+01 -1.36578e+01  4.13816e+01             
       H -4.86940e+01 -1.36278e+01  4.09532e+01             
       H -4.93700e+01 -1.32632e+01  4.22141e+01             
       O -5.43062e+01 -2.62157e+01  5.28736e+01             
       H -5.34168e+01 -2.58564e+01  5.28485e+01             
       H -5.40208e+01 -2.70667e+01  5.32596e+01             
       O -5.93927e+01 -8.46709e+00  5.90337e+01             
       H -5.90279e+01 -8.45679e+00  5.81391e+01             
       H -5.86031e+01 -8.88089e+00  5.95226e+01             
       O -5.04115e+01  9.13308e+00  7.10291e+01             
       H -4.95945e+01  8.58349e+00  7.10566e+01             
       H -4.99808e+01  9.86367e+00  7.15061e+01             
       O -5.88757e+01 -2.57850e+01  5.99296e+01             
       H -6.30806e+01 -1.99596e+01  3.72851e+01             
       H -5.80589e+01 -2.53930e+01  6.03957e+01             
       O -6.48364e+01 -1.65204e+01  5.29320e+01             
       H -5.64068e+01 -1.60690e+01  3.53358e+01             
       H -6.42849e+01 -1.65669e+01  5.21525e+01             
       O -5.55348e+01 -9.73545e+00  4.36901e+01             
       H -6.50145e+01 -5.36543e+00  4.61858e+01             
       H -5.52315e+01 -9.04656e+00  4.42999e+01             
       O -5.67348e+01 -2.59064e+01  5.41841e+01             
       H -6.89118e+01 -2.60893e+01  6.75543e+01             
       H -4.91612e+01 -6.59023e+00  5.60235e+01             
       O -9.17486e+01 -1.34076e+01  5.88521e+01             
       H -9.08740e+01 -1.30969e+01  5.91894e+01             
       H -9.18704e+01 -1.42862e+01  5.91959e+01             
       O -6.07933e+01 -2.82852e+01  5.01554e+01             
       H -6.03900e+01 -2.76882e+01  5.08031e+01             
       H -5.75307e+01 -1.61455e+01  5.65820e+01             
       O -6.57882e+01 -1.10185e+01  4.24399e+01             
       H -6.48631e+01 -1.11408e+01  4.28918e+01             
       H -7.29177e+01 -2.22326e+01  2.19404e+01             
       O -7.07578e+01 -2.08718e+01  4.40771e+01             
       H -7.00298e+01 -2.02097e+01  4.39647e+01             
       H -7.04437e+01 -2.17542e+01  4.38350e+01             
       O -5.60247e+01 -2.30950e+01  3.92650e+01             
       H -5.64551e+01 -2.38820e+01  3.90163e+01             
       H -5.50536e+01 -2.33017e+01  3.93317e+01             
       O -4.42482e+01 -2.54832e+01  4.88365e+01             
       H -4.37797e+01 -1.38343e+01  4.92301e+01             
       H -4.35053e+01 -2.48945e+01  4.88151e+01             
       O -5.98627e+01 -9.65743e+00  4.99130e+01             
       H -4.67633e+01 -9.94023e+00  4.92413e+01             
       H -5.93680e+01 -9.28339e+00  5.06591e+01             
       O -5.32169e+01  1.86570e+00  5.14193e+01             
       H -5.98457e+01 -3.20912e+01  4.01237e+01             
       H -6.40575e+01  1.90303e-01  4.83383e+01             
       O -6.73011e+01 -1.60219e+01  4.74828e+01             
       H -6.66737e+01 -1.63239e+01  4.67942e+01             
       H -6.66634e+01 -1.57119e+01  4.82139e+01             
       O -6.34401e+01 -4.28499e+00  3.77131e+01             
       H -6.24750e+01 -1.65486e+01  3.77345e+01             
       H -6.35209e+01 -5.13609e+00  3.72894e+01             
       O -7.09787e+01 -2.07053e+01  5.21003e+01             
       H -7.03018e+01 -2.00462e+01  5.16663e+01             
       H -7.05276e+01 -2.10433e+01  5.29172e+01             
       O -6.05212e+01 -1.72803e+01  5.80600e+01             
       H -5.95931e+01 -1.71808e+01  5.76489e+01             
       H -6.03665e+01 -1.78282e+01  5.88505e+01             
       O -7.35494e+01 -2.27165e+01  4.23320e+01             
       H -7.27430e+01 -2.32217e+01  5.45636e+01             
       H -6.82872e+01 -3.82825e+01  4.13825e+01             
       O -5.55139e+01 -2.09221e+01  6.19156e+01             
       H -5.55203e+01 -2.16574e+01  6.25771e+01             
       H -5.45774e+01 -2.08106e+01  6.16225e+01             
       O -6.04104e+01 -1.87829e+01  4.79380e+01             
       H -5.98083e+01 -1.82967e+01  4.85465e+01             
       H -5.98686e+01 -1.94629e+01  4.74635e+01             
       O -7.81562e+01 -1.63099e+01  5.57870e+01             
       H -7.72802e+01 -1.60001e+01  5.54941e+01             
       H -7.80964e+01 -1.64914e+01  5.66827e+01             
       O -5.76072e+01 -2.25059e+01  4.81753e+01             
       H -5.67190e+01 -2.21569e+01  4.85232e+01             
       H -5.73086e+01 -2.31027e+01  4.74256e+01             
       O -7.22813e+01 -1.40807e+01  2.73831e+01             
       H -7.17462e+01 -1.34192e+01  2.69023e+01             
       H -7.16476e+01 -1.46643e+01  2.78511e+01             
       O -6.11422e+01 -2.30139e+01  2.20164e+01             
       H -4.04984e+01 -9.78956e+00  3.84778e+01             
       H -6.06734e+01 -2.36992e+01  2.14620e+01             
       O -6.82592e+01 -1.72147e+01  5.22426e+01             
       H -6.76294e+01 -1.75593e+01  5.28899e+01             
       H -6.78846e+01 -1.63977e+01  5.18955e+01             
       O -6.77355e+01 -1.44918e+01  6.87341e+01             
       H -6.70751e+01 -1.50700e+01  6.83210e+01             
       H -6.72550e+01 -1.39207e+01  6.93297e+01             
192                                                         
# CELL(abcABC):   12.41850    12.41850    12.41850    90.00000    90.00000    90.00000  Step:      200000  Bead:       0 x_centroid{angstrom}  cell{angstrom}   
       O -8.74108e+01 -1.35925e+01  7.70319e+01             
       H -8.73332e+01 -1.40436e+01  7.61970e+01             
       H -8.64520e+01 -1.35747e+01  7.73852e+01             
       O -7.42342e+01 -9.74110e+00  6.18026e+01             
       H -7.61428e+01 -2.07083e+01  5.72587e+01             
       H -7.38979e+01 -8.98260e+00  6.22724e+01             
       O -7.88147e+01 -2.98441e+01  5.57994e+01             
       H -7.88671e+01 -1.71673e+01  5.66980e+01             
       H -7.79105e+01 -3.02403e+01  5.56017e+01             
       O -7.18686e+01 -2.33671e+01  6.15449e+01             
       H -7.10576e+01 -2.36356e+01  6.20379e+01             
       H -7.14302e+01 -2.31121e+01  6.06917e+01             
       O -6.45049e+01 -2.24579e+01  5.39420e+01             
       H -6.36863e+01 -2.23896e+01  5.45126e+01             
       H -6.41278e+01 -2.29941e+01  5.31858e+01             
       O -6.92655e+01 -2.20311e+01  6.87734e+01             
       H -6.89546e+01 -2.27425e+01  6.81350e+01             
       H -6.84476e+01 -2.18630e+01  6.93097e+01             
       O -7.42843e+01 -2.32432e+01  4.22676e+01             
       H -7.43359e+01 -2.27540e+01  4.30674e+01             
       H -6.40828e+01 -2.82177e+00  5.68238e+01             
       O -5.89122e+01 -2.03667e+01  7.28231e+01             
       H -5.81171e+01 -2.03704e+01  7.22238e+01             
       H -5.85504e+01 -3.24930e+01  7.36768e+01             
       O -8.05964e+01 -1.26837e+01  4.72847e+01             
       H -7.97838e+01 -1.27885e+01  4.78693e+01             
       H -8.02209e+01 -1.26711e+01  4.63885e+01             
       O -7.92050e+01 -2.56777e+01  5.73677e+01             
       H -7.89029e+01 -2.51038e+01  5.66495e+01             
       H -7.84155e+01 -2.62609e+01  5.75550e+01             
       O -8.06616e+01 -9.38761e+00  6.28766e+01             
       H -8.01365e+01 -9.17091e+00  6.36862e+01             
       H -7.99662e+01 -9.37619e+00  6.21975e+01             
       O -7.69284e+01 -1.42452e+01  5.37111e+01             
       H -7.61077e+01 -1.40032e+01  5.32079e+01             
       H -6.54716e+01 -1.42037e+01  4.87006e+01             
       O -7.31894e+01 -3.47273e+01  4.62500e+01             
       H -7.28032e+01 -3.40364e+01  4.68474e+01             
       H -6.75587e+01 -2.89991e+01  6.71951e+01             
       O -8.31459e+01 -2.03110e+01  5.48783e+01             
       H -8.25272e+01 -2.07585e+01  5.55224e+01             
       H -8.24885e+01 -1.98326e+01  5.43654e+01             
       O -6.82364e+01 -2.63103e+01  6.29879e+01             
       H -6.74544e+01 -2.61356e+01  6.23978e+01             
       H -6.78102e+01 -2.68730e+01  6.37079e+01             
       O -7.58268e+01 -1.09547e+01  6.39222e+01             
       H -7.49779e+01 -1.04661e+01  6.39095e+01             
       H -7.54695e+01 -1.18404e+01  6.41983e+01             
       O -7.58120e+01 -1.08949e+01  4.66360e+01             
       H -7.49831e+01 -2.27694e+01  4.67005e+01             
       H -7.54030e+01 -1.16985e+01  4.61850e+01             
       O -7.44038e+01 -2.73605e+01  4.94689e+01             
       H -7.39862e+01 -2.65654e+01  4.91685e+01             
       H -7.36519e+01 -2.79151e+01  4.97650e+01             
       O -8.33551e+01 -1.47425e+01  5.73039e+01             
       H -8.25406e+01 -1.44046e+01  5.68746e+01             
       H -8.33371e+01 -1.44935e+01  5.82740e+01             
       O -7.65127e+01  5.73962e+00  5.10739e+01             
       H -5.95497e+01 -1.91762e+01  5.57124e+01             
       H -7.62382e+01  5.30447e+00  5.02255e+01             
       O -7.00102e+01 -2.00149e+01  6.27775e+01             
       H -7.29224e+01 -2.47413e+01  6.07691e+01             
       H -8.17771e+01 -2.07601e+01  6.28049e+01             
       O -6.93606e+01 -3.17222e+01  5.86699e+01             
       H -6.85867e+01 -3.22001e+01  5.83449e+01             
       H -6.89500e+01 -3.11358e+01  5.93182e+01             
       O -7.69924e+01 -2.36198e+01  6.14842e+01             
       H -7.64557e+01 -2.36282e+01  6.22879e+01             
       H -7.63735e+01 -2.35007e+01  6.07735e+01             
       O -7.65064e+01 -4.53881e+01  6.11660e+01             
       H -7.57292e+01 -4.59602e+01  6.09606e+01             
       H -7.65400e+01 -4.46880e+01  7.29006e+01             
       O -7.65899e+01 -6.47409e+00  5.49256e+01             
       H -7.59797e+01 -6.09672e+00  5.42391e+01             
       H -7.62082e+01 -7.33670e+00  5.52093e+01             
       O -6.65933e+01 -2.20133e+01  6.06164e+01             
       H -6.57135e+01 -2.15809e+01  6.08055e+01             
       H -6.61857e+01 -2.29183e+01  6.06147e+01             
       O -7.50282e+01 -2.99421e+01  7.12673e+01             
       H -7.41732e+01 -3.02724e+01  7.16866e+01             
       H -7.48419e+01 -2.94488e+01  7.04710e+01             
       O -9.09186e+01 -2.05521e+01  5.26974e+01             
       H -9.02036e+01 -2.11413e+01  5.31696e+01             
       H -9.03796e+01 -1.99549e+01  5.21797e+01             
       O -7.43723e+01 -5.11983e+00  6.64938e+01             
       H -7.37050e+01 -5.56181e+00  6.71065e+01             
       H -7.39816e+01 -5.16546e+00  6.55746e+01             
       O -7.54029e+01 -1.55439e+01  5.55941e+01             
       H -7.52054e+01 -1.62047e+01  5.49800e+01             
       H -7.45806e+01 -1.50299e+01  4.31865e+01             
       O -7.04133e+01 -1.40777e+01  3.53192e+01             
       H -7.01968e+01 -1.47708e+01  3.59324e+01             
       H -8.19279e+01 -1.36272e+01  3.51959e+01             
       O -5.98617e+01 -1.69075e+01  3.73107e+01             
       H -6.00559e+01 -1.74646e+01  3.65030e+01             
       H -5.89404e+01 -1.66503e+01  3.72426e+01             
       O -7.46199e+01 -2.55521e+01  4.57838e+01             
       H -7.40907e+01 -2.58089e+01  4.65781e+01             
       H -7.41131e+01 -2.58229e+01  5.73913e+01             
       O -6.86371e+01 -1.80215e+01  3.93218e+01             
       H -7.63154e+01 -1.64511e+01  4.79030e+01             
       H -6.79020e+01 -1.76788e+01  3.88549e+01             
       O -7.09043e+01 -2.85805e+01  6.54527e+01             
       H -6.99414e+01 -2.87212e+01  6.57897e+01             
       H -7.08313e+01 -2.89130e+01  6.45594e+01             
       O -6.02707e+01 -1.82550e+01  4.73581e+01             
       H -5.97834e+01 -1.91345e+01  4.75781e+01             
       H -5.96164e+01 -1.77499e+01  4.67455e+01             
       O -6.63160e+01 -2.93502e+01  5.85966e+01             
       H -6.56776e+01 -2.86191e+01  5.85121e+01             
       H -6.57440e+01 -3.01680e+01  5.86046e+01             
       O -7.07521e+01 -1.17452e+01  6.53335e+01             
       H -7.03184e+01 -1.16502e+01  6.44585e+01             
       H -7.00202e+01 -1.16338e+01  6.60186e+01             
       O -6.13986e+01  6.79761e+00  7.64311e+01             
       H -6.08424e+01  7.36114e+00  7.58456e+01             
       H -6.10262e+01  5.89233e+00  7.63352e+01             
       O -6.81818e+01 -2.84103e+01  6.66994e+01             
       H -7.36082e+01 -2.27086e+01  4.17788e+01             
       H -6.76711e+01 -2.81793e+01  6.58592e+01             
       O -7.70648e+01 -2.11542e+01  5.74693e+01             
       H -6.83235e+01 -1.80471e+01  4.02812e+01             
       H -7.66692e+01 -2.18251e+01  5.81064e+01             
       O -6.60378e+01 -1.34509e+01  4.88829e+01             
       H -7.56913e+01 -6.18819e+00  5.14101e+01             
       H -6.53818e+01 -1.26406e+01  4.88890e+01             
       O -6.99346e+01 -2.85925e+01  6.17219e+01             
       H -8.18147e+01 -2.81077e+01  7.48635e+01             
       H -6.09397e+01 -1.01282e+01  6.15410e+01             
       O -1.03748e+02 -1.54762e+01  6.46765e+01             
       H -1.03012e+02 -1.49982e+01  6.51070e+01             
       H -1.03345e+02 -1.60813e+01  6.39885e+01             
       O -7.28090e+01 -3.11769e+01  5.60125e+01             
       H -7.25897e+01 -3.05297e+01  5.67064e+01             
       H -6.95387e+01 -1.92475e+01  6.32331e+01             
       O -7.66931e+01 -1.57747e+01  4.84922e+01             
       H -7.58122e+01 -1.55302e+01  4.89733e+01             
       H -8.42284e+01 -2.54916e+01  2.85545e+01             
       O -8.21064e+01 -2.41218e+01  5.05248e+01             
       H -8.14413e+01 -2.33370e+01  5.03985e+01             
       H -8.15547e+01 -2.49471e+01  5.07017e+01             
       O -6.79052e+01 -3.00631e+01  4.80393e+01             
       H -6.73097e+01 -3.01387e+01  4.87994e+01             
       H -6.72273e+01 -2.96778e+01  4.73351e+01             
       O -5.65384e+01 -2.64971e+01  5.60271e+01             
       H -5.64961e+01 -1.47677e+01  5.53979e+01             
       H -5.56763e+01 -2.63056e+01  5.65478e+01             
       O -7.33208e+01 -1.41503e+01  5.59497e+01             
       H -6.01075e+01 -1.44283e+01  5.65754e+01             
       H -7.29434e+01 -1.38319e+01  5.50442e+01             
       O -6.45348e+01 -2.29760e+00  5.75750e+01             
       H -7.24812e+01 -3.53947e+01  4.60514e+01             
       H -7.65260e+01 -2.12794e+00  5.45583e+01             
       O -8.02976e+01 -1.91070e+01  5.42222e+01             
       H -7.96982e+01 -1.97339e+01  5.37889e+01             
       H -7.97724e+01 -1.86324e+01  5.49563e+01             
       O -7.47239e+01 -8.05059e+00  4.45414e+01             
       H -7.41109e+01 -1.97822e+01  4.41169e+01             
       H -7.41670e+01 -8.54272e+00  4.51746e+01             
       O -8.29395e+01 -2.31418e+01  5.84996e+01             
       H -8.25290e+01 -2.27275e+01  5.76841e+01             
       H -8.23233e+01 -2.36149e+01  5.89990e+01             
       O -7.26179e+01 -2.03730e+01  6.36025e+01             
       H -7.16812e+01 -2.02074e+01  6.33072e+01             
       H -7.25839e+01 -2.11281e+01  6.41842e+01             
       O -8.54946e+01 -2.56018e+01  4.79931e+01             
       H -8.45930e+01 -2.60546e+01  6.04186e+01             
       H -8.16417e+01 -4.15399e+01  4.87819e+01             
       O -6.60082e+01 -2.44908e+01  6.71793e+01             
       H -6.55619e+01 -2.52846e+01  6.68260e+01             
       H -6.55000e+01 -2.36858e+01  6.70724e+01             
       O -7.22200e+01 -2.19676e+01  5.33444e+01             
       H -7.16769e+01 -2.14681e+01  5.39365e+01             
       H -7.17253e+01 -2.28455e+01  5.30835e+01             
       O -8.96740e+01 -1.88559e+01  5.90073e+01             
       H -8.96583e+01 -1.96355e+01  5.84355e+01             
       H -8.87633e+01 -1.84757e+01  5.90617e+01             
       O -6.85415e+01 -2.39173e+01  5.47644e+01             
       H -6.75759e+01 -2.40535e+01  5.45100e+01             
       H -6.86592e+01 -2.46364e+01  5.54453e+01             
       O -8.34445e+01 -1.73550e+01  3.26534e+01             
       H -8.33449e+01 -1.63358e+01  3.25696e+01             
       H -8.26569e+01 -1.78051e+01  3.28476e+01             
       O -7.24625e+01 -2.62665e+01  2.85995e+01             
       H -5.13442e+01 -1.42044e+01  4.55265e+01             
       H -7.19696e+01 -2.71068e+01  2.85028e+01             
       O -7.98326e+01 -2.10282e+01  5.82133e+01             
       H -7.98086e+01 -2.15131e+01  5.90741e+01             
       H -7.88642e+01 -2.10216e+01  5.79458e+01             
       O -7.82461e+01 -1.71914e+01  7.49035e+01             
       H -7.75617e+01 -1.78584e+01  7.52305e+01             
       H -7.76663e+01 -1.66581e+01  7.43168e+01             
