192                                                         
# CELL(abcABC):   12.41850    12.41850    12.41850    90.00000    90.00000    90.00000  Step:           0  Bead:       0 x_centroid{angstrom}  cell{angstrom}   
       O -7.66315e+01 -9.87042e+00  7.06028e+01             
       H -7.66276e+01 -1.04640e+01  6.98463e+01             
       H -7.57802e+01 -1.00181e+01  7.12066e+01             
       O -6.27544e+01 -5.91844e+00  5.60147e+01             
       H -6.54296e+01 -1.73082e+01  5.34798e+01             
       H -6.22345e+01 -5.42419e+00  5.66925e+01             
       O -6.76635e+01 -2.72516e+01  5.09325e+01             
       H -6.73749e+01 -1.44572e+01  5.18589e+01             
       H -6.68547e+01 -2.73117e+01  5.03903e+01             
       O -6.07446e+01 -2.04941e+01  5.52600e+01             
       H -6.02617e+01 -2.09408e+01  5.59412e+01             
       H -5.99993e+01 -2.01017e+01  5.47385e+01             
       O -5.36630e+01 -2.06761e+01  4.83325e+01             
       H -5.30514e+01 -2.02103e+01  4.89174e+01             
       H -5.31671e+01 -2.14366e+01  4.80043e+01             
       O -5.77641e+01 -1.94003e+01  6.34221e+01             
       H -5.71293e+01 -1.99414e+01  6.29084e+01             
       H -5.72077e+01 -1.89486e+01  6.40310e+01             
       O -6.35369e+01 -1.97943e+01  3.69704e+01             
       H -6.29235e+01 -1.95269e+01  3.62245e+01             
       H -5.31999e+01  1.46992e+00  5.14873e+01             
       O -4.62566e+01 -1.86780e+01  6.67867e+01             
       H -4.65096e+01 -1.76865e+01  6.69379e+01             
       H -4.53834e+01 -3.11327e+01  6.72681e+01             
       O -7.00564e+01 -9.07222e+00  4.14434e+01             
       H -6.95391e+01 -8.32027e+00  4.17293e+01             
       H -6.94338e+01 -9.70578e+00  4.11202e+01             
       O -7.06676e+01 -2.25385e+01  4.83015e+01             
       H -7.03128e+01 -2.33740e+01  4.78875e+01             
       H -6.99744e+01 -2.19668e+01  4.85976e+01             
       O -6.92798e+01 -6.16837e+00  5.77442e+01             
       H -6.84237e+01 -6.42367e+00  5.81866e+01             
       H -6.89410e+01 -5.99098e+00  5.68114e+01             
       O -6.57746e+01 -1.13838e+01  4.75382e+01             
       H -6.52916e+01 -1.08886e+01  4.69047e+01             
       H -5.55855e+01 -1.02751e+01  4.42279e+01             
       O -6.20229e+01 -3.13653e+01  4.03234e+01             
       H -6.17380e+01 -3.04965e+01  4.00663e+01             
       H -5.88891e+01 -2.58017e+01  5.96191e+01             
       O -7.17584e+01 -1.75460e+01  4.95035e+01             
       H -7.13427e+01 -1.81902e+01  5.01007e+01             
       H -7.09965e+01 -1.70571e+01  4.92355e+01             
       O -5.74192e+01 -2.45158e+01  5.89315e+01             
       H -5.71799e+01 -2.37158e+01  5.84045e+01             
       H -5.66233e+01 -2.50918e+01  5.89833e+01             
       O -6.48137e+01 -7.41539e+00  5.66267e+01             
       H -6.41069e+01 -6.82583e+00  5.63583e+01             
       H -6.44139e+01 -8.24855e+00  5.69143e+01             
       O -6.43256e+01 -8.47424e+00  4.03739e+01             
       H -6.35899e+01 -2.03359e+01  4.00986e+01             
       H -6.38116e+01 -9.14727e+00  4.08300e+01             
       O -6.43344e+01 -2.43528e+01  4.35565e+01             
       H -6.38254e+01 -2.39203e+01  4.29140e+01             
       H -6.36702e+01 -2.50301e+01  4.39226e+01             
       O -7.33846e+01 -1.15080e+01  5.27674e+01             
       H -7.29192e+01 -1.13874e+01  5.19424e+01             
       H -7.27682e+01 -1.17423e+01  5.34208e+01             
       O -6.51689e+01  7.88142e+00  4.59708e+01             
       H -4.81151e+01 -1.68279e+01  5.06083e+01             
       H -6.45807e+01  8.58895e+00  4.60724e+01             
       O -5.86485e+01 -1.65962e+01  5.77336e+01             
       H -6.21911e+01 -2.18895e+01  5.45265e+01             
       H -7.03432e+01 -1.72355e+01  5.80196e+01             
       O -5.79013e+01 -2.82454e+01  5.45641e+01             
       H -5.72710e+01 -2.84365e+01  5.38807e+01             
       H -5.73530e+01 -2.79080e+01  5.52789e+01             
       O -6.62620e+01 -2.09779e+01  5.45963e+01             
       H -6.57374e+01 -2.05810e+01  5.53688e+01             
       H -6.57391e+01 -2.07993e+01  5.37936e+01             
       O -6.43574e+01 -4.13891e+01  5.46542e+01             
       H -6.35645e+01 -4.19678e+01  5.48812e+01             
       H -6.38996e+01 -4.05867e+01  6.67081e+01             
       O -6.53277e+01 -2.93750e+00  4.95120e+01             
       H -6.48269e+01 -2.16752e+00  4.91084e+01             
       H -6.46026e+01 -3.59624e+00  4.98154e+01             
       O -5.58032e+01 -1.87770e+01  5.48542e+01             
       H -5.50727e+01 -1.81848e+01  5.51720e+01             
       H -5.52063e+01 -1.95552e+01  5.45458e+01             
       O -6.43752e+01 -2.61314e+01  6.52850e+01             
       H -6.34769e+01 -2.61400e+01  6.57685e+01             
       H -6.43315e+01 -2.66911e+01  6.44594e+01             
       O -7.95341e+01 -1.98390e+01  4.59547e+01             
       H -7.91075e+01 -2.00904e+01  4.67985e+01             
       H -7.88766e+01 -1.95428e+01  4.53617e+01             
       O -6.17569e+01 -2.43478e+00  6.11300e+01             
       H -6.17008e+01 -3.00451e+00  6.19295e+01             
       H -6.08423e+01 -2.03697e+00  6.10114e+01             
       O -6.39033e+01 -1.33033e+01  4.91977e+01             
       H -6.29441e+01 -1.36076e+01  4.90680e+01             
       H -6.38193e+01 -1.26499e+01  3.74805e+01             
       O -5.90868e+01 -1.18105e+01  2.98127e+01             
       H -5.82814e+01 -1.23296e+01  2.99152e+01             
       H -7.11424e+01 -1.08890e+01  2.98412e+01             
       O -4.99651e+01 -1.34911e+01  3.21219e+01             
       H -5.01689e+01 -1.41500e+01  3.28290e+01             
       H -4.90729e+01 -1.30935e+01  3.22779e+01             
       O -6.39641e+01 -2.38851e+01  3.89514e+01             
       H -6.35365e+01 -2.44064e+01  3.96199e+01             
       H -6.33976e+01 -2.30952e+01  5.12770e+01             
       O -5.73088e+01 -1.55987e+01  3.64678e+01             
       H -6.66071e+01 -1.03072e+01  4.25838e+01             
       H -5.66832e+01 -1.58584e+01  3.57127e+01             
       O -6.01380e+01 -2.46605e+01  5.72537e+01             
       H -5.93504e+01 -2.47988e+01  5.77594e+01             
       H -5.99612e+01 -2.45242e+01  5.62813e+01             
       O -4.96570e+01 -1.41135e+01  4.17490e+01             
       H -4.87651e+01 -1.41873e+01  4.13654e+01             
       H -4.95697e+01 -1.41294e+01  4.27367e+01             
       O -5.43865e+01 -2.70308e+01  5.36676e+01             
       H -5.34981e+01 -2.65586e+01  5.35707e+01             
       H -5.42715e+01 -2.79285e+01  5.34533e+01             
       O -6.03014e+01 -8.96068e+00  5.93479e+01             
       H -5.96154e+01 -8.77845e+00  5.85515e+01             
       H -5.96244e+01 -9.04483e+00  6.00121e+01             
       O -5.07501e+01  9.46487e+00  7.12281e+01             
       H -4.99694e+01  8.85874e+00  7.09089e+01             
       H -5.06004e+01  9.74081e+00  7.21663e+01             
       O -5.93560e+01 -2.59492e+01  6.04305e+01             
       H -6.28853e+01 -2.02403e+01  3.75398e+01             
       H -5.86086e+01 -2.62932e+01  6.10556e+01             
       O -6.60801e+01 -1.73141e+01  5.27485e+01             
       H -5.67492e+01 -1.54323e+01  3.72448e+01             
       H -6.55397e+01 -1.71078e+01  5.20086e+01             
       O -5.62248e+01 -9.83293e+00  4.49130e+01             
       H -6.45815e+01 -5.28770e+00  4.60423e+01             
       H -5.56709e+01 -9.15027e+00  4.53184e+01             
       O -5.65977e+01 -2.51917e+01  5.47909e+01             
       H -6.85221e+01 -2.59642e+01  6.68975e+01             
       H -4.95921e+01 -6.40860e+00  5.56506e+01             
       O -9.23806e+01 -1.33997e+01  5.90993e+01             
       H -9.17586e+01 -1.27880e+01  5.95404e+01             
       H -9.22368e+01 -1.43125e+01  5.95051e+01             
       O -6.12587e+01 -2.89061e+01  5.11778e+01             
       H -6.09005e+01 -2.82787e+01  5.17819e+01             
       H -5.81719e+01 -1.57674e+01  5.78134e+01             
       O -6.69244e+01 -1.10488e+01  4.31878e+01             
       H -6.60418e+01 -1.14765e+01  4.33441e+01             
       H -7.43757e+01 -2.39803e+01  2.20236e+01             
       O -7.09128e+01 -2.05555e+01  4.48451e+01             
       H -7.04259e+01 -1.98248e+01  4.52965e+01             
       H -7.02648e+01 -2.13118e+01  4.47588e+01             
       O -5.64266e+01 -2.37285e+01  3.98811e+01             
       H -5.60747e+01 -2.42093e+01  4.06841e+01             
       H -5.55793e+01 -2.33542e+01  3.95468e+01             
       O -4.54794e+01 -2.56562e+01  5.11731e+01             
       H -4.45757e+01 -1.36760e+01  5.11233e+01             
       H -4.52147e+01 -2.47735e+01  5.14553e+01             
       O -6.19451e+01 -8.95294e+00  5.07539e+01             
       H -4.91480e+01 -9.64419e+00  5.01489e+01             
       H -6.11284e+01 -8.68539e+00  5.12306e+01             
       O -5.39271e+01  2.07512e+00  5.17722e+01             
       H -6.12250e+01 -3.19299e+01  4.03369e+01             
       H -6.50979e+01  6.63094e-01  4.80181e+01             
       O -6.71489e+01 -1.61737e+01  4.76910e+01             
       H -6.66262e+01 -1.65987e+01  4.69914e+01             
       H -6.64929e+01 -1.58811e+01  4.83603e+01             
       O -6.39445e+01 -4.80310e+00  3.82874e+01             
       H -6.30114e+01 -1.70579e+01  3.83785e+01             
       H -6.38816e+01 -5.70923e+00  3.78864e+01             
       O -7.20881e+01 -2.06380e+01  5.22767e+01             
       H -7.14837e+01 -2.00965e+01  5.17217e+01             
       H -7.15616e+01 -2.11075e+01  5.29666e+01             
       O -6.14104e+01 -1.71424e+01  5.78929e+01             
       H -6.04328e+01 -1.69546e+01  5.76407e+01             
       H -6.13064e+01 -1.78142e+01  5.86047e+01             
       O -7.51545e+01 -2.25856e+01  4.17219e+01             
       H -7.44304e+01 -2.30589e+01  5.35387e+01             
       H -6.83518e+01 -3.70589e+01  4.27913e+01             
       O -5.60989e+01 -2.12597e+01  6.20239e+01             
       H -5.56443e+01 -2.19046e+01  6.25963e+01             
       H -5.53673e+01 -2.09046e+01  6.15839e+01             
       O -6.14982e+01 -1.90307e+01  4.74985e+01             
       H -6.10089e+01 -1.87300e+01  4.82925e+01             
       H -6.10245e+01 -1.98702e+01  4.72751e+01             
       O -7.90358e+01 -1.69930e+01  5.59668e+01             
       H -7.83120e+01 -1.65998e+01  5.54088e+01             
       H -7.85089e+01 -1.70887e+01  5.68128e+01             
       O -6.01955e+01 -2.36224e+01  4.99950e+01             
       H -5.94524e+01 -2.32319e+01  4.94373e+01             
       H -6.03267e+01 -2.45225e+01  4.97484e+01             
       O -7.20869e+01 -1.45526e+01  2.81454e+01             
       H -7.15340e+01 -1.39622e+01  2.75980e+01             
       H -7.14732e+01 -1.49802e+01  2.87584e+01             
       O -6.23179e+01 -2.32563e+01  2.25140e+01             
       H -4.11273e+01 -9.46483e+00  3.94442e+01             
       H -6.16081e+01 -2.25669e+01  2.24659e+01             
       O -6.87394e+01 -1.69636e+01  5.22323e+01             
       H -6.79584e+01 -1.74329e+01  5.26586e+01             
       H -6.83534e+01 -1.62183e+01  5.16970e+01             
       O -6.84725e+01 -1.51415e+01  6.87759e+01             
       H -6.77030e+01 -1.57441e+01  6.85944e+01             
       H -6.80766e+01 -1.42452e+01  6.87607e+01             
192                                                         
# CELL(abcABC):   12.41850    12.41850    12.41850    90.00000    90.00000    90.00000  Step:      200000  Bead:       0 x_centroid{angstrom}  cell{angstrom}   
       O -8.33451e+01 -1.19714e+01  7.51205e+01             
       H -8.36475e+01 -1.29021e+01  7.50633e+01             
       H -8.23667e+01 -1.18337e+01  7.53303e+01             
       O -7.25957e+01 -8.73066e+00  6.04477e+01             
       H -7.61014e+01 -2.07324e+01  5.69189e+01             
       H -7.19888e+01 -8.04830e+00  6.08449e+01             
       O -7.63471e+01 -2.78211e+01  5.85365e+01             
       H -7.57087e+01 -1.51648e+01  5.92264e+01             
       H -7.57988e+01 -2.82971e+01  5.78759e+01             
       O -7.12050e+01 -2.33369e+01  6.00185e+01             
       H -7.11504e+01 -2.36324e+01  6.09788e+01             
       H -7.02876e+01 -2.33378e+01  5.96475e+01             
       O -6.01998e+01 -2.33628e+01  5.20622e+01             
       H -5.98273e+01 -2.26628e+01  5.26077e+01             
       H -5.95202e+01 -2.37334e+01  5.14912e+01             
       O -6.52273e+01 -2.23877e+01  6.48980e+01             
       H -6.43208e+01 -2.26573e+01  6.48525e+01             
       H -6.51182e+01 -2.14757e+01  6.52017e+01             
       O -7.23474e+01 -2.12949e+01  4.14012e+01             
       H -7.14358e+01 -2.07439e+01  4.12509e+01             
       H -6.11860e+01  6.20251e-01  5.51840e+01             
       O -5.63232e+01 -2.37034e+01  7.12040e+01             
       H -5.56832e+01 -2.29566e+01  7.12897e+01             
       H -5.57156e+01 -3.69283e+01  7.13070e+01             
       O -7.94627e+01 -1.32927e+01  4.62667e+01             
       H -7.89240e+01 -1.35766e+01  4.70015e+01             
       H -7.87386e+01 -1.31026e+01  4.55982e+01             
       O -7.85215e+01 -2.49254e+01  5.50518e+01             
       H -7.79238e+01 -2.51560e+01  5.42579e+01             
       H -7.81621e+01 -2.52906e+01  5.59225e+01             
       O -7.92334e+01 -8.89742e+00  6.30563e+01             
       H -7.85048e+01 -9.27904e+00  6.36679e+01             
       H -7.87393e+01 -8.31387e+00  6.24337e+01             
       O -7.59730e+01 -1.59525e+01  5.25057e+01             
       H -7.53133e+01 -1.57647e+01  5.17764e+01             
       H -6.58479e+01 -1.35173e+01  4.96477e+01             
       O -7.21490e+01 -3.46917e+01  4.39472e+01             
       H -7.20168e+01 -3.39099e+01  4.45449e+01             
       H -6.90713e+01 -2.71805e+01  6.50881e+01             
       O -8.15595e+01 -1.99240e+01  5.09067e+01             
       H -8.07776e+01 -2.05733e+01  5.07942e+01             
       H -8.10038e+01 -1.90464e+01  5.09133e+01             
       O -6.81657e+01 -2.97679e+01  6.36661e+01             
       H -6.73717e+01 -2.99004e+01  6.42535e+01             
       H -6.77800e+01 -2.93235e+01  6.28774e+01             
       O -7.40183e+01 -9.50522e+00  6.26381e+01             
       H -7.34003e+01 -9.31511e+00  6.18870e+01             
       H -7.34291e+01 -1.00137e+01  6.32232e+01             
       O -7.49194e+01 -8.60075e+00  4.62087e+01             
       H -7.45978e+01 -2.02334e+01  4.66667e+01             
       H -7.41446e+01 -9.14076e+00  4.60329e+01             
       O -7.49090e+01 -2.66779e+01  4.82135e+01             
       H -7.41133e+01 -2.62012e+01  4.78916e+01             
       H -7.47607e+01 -2.72286e+01  4.90675e+01             
       O -8.73954e+01 -1.17382e+01  5.81666e+01             
       H -8.71056e+01 -1.16053e+01  5.72393e+01             
       H -8.67166e+01 -1.22691e+01  5.86206e+01             
       O -7.50487e+01  5.40817e+00  5.08484e+01             
       H -5.58143e+01 -1.45933e+01  5.83355e+01             
       H -7.42009e+01  5.87328e+00  5.11275e+01             
       O -6.93077e+01 -1.95943e+01  5.86013e+01             
       H -7.20802e+01 -2.52655e+01  5.95742e+01             
       H -8.09463e+01 -2.01554e+01  5.87634e+01             
       O -6.70742e+01 -3.40574e+01  5.87157e+01             
       H -6.66792e+01 -3.41925e+01  5.78326e+01             
       H -6.63449e+01 -3.38181e+01  5.93456e+01             
       O -7.61314e+01 -2.27409e+01  6.09812e+01             
       H -7.55314e+01 -2.25238e+01  6.16730e+01             
       H -7.56416e+01 -2.27873e+01  6.01166e+01             
       O -7.17706e+01 -4.49673e+01  5.80880e+01             
       H -7.22794e+01 -4.49624e+01  5.88716e+01             
       H -7.07879e+01 -4.48299e+01  7.07350e+01             
       O -7.50591e+01 -4.30251e+00  5.63925e+01             
       H -7.42174e+01 -4.88099e+00  5.65017e+01             
       H -7.47077e+01 -3.71673e+00  5.56728e+01             
       O -6.53604e+01 -2.06932e+01  6.05659e+01             
       H -6.48775e+01 -1.98355e+01  6.06286e+01             
       H -6.46531e+01 -2.13698e+01  6.07235e+01             
       O -7.27865e+01 -3.10860e+01  6.86504e+01             
       H -7.20131e+01 -3.06987e+01  6.81854e+01             
       H -7.23213e+01 -3.16442e+01  6.93811e+01             
       O -8.96326e+01 -2.57227e+01  5.25611e+01             
       H -8.88335e+01 -2.50654e+01  5.25544e+01             
       H -8.93248e+01 -2.66588e+01  5.27044e+01             
       O -7.17008e+01 -4.26843e+00  6.57241e+01             
       H -7.11457e+01 -4.74614e+00  6.64160e+01             
       H -7.09435e+01 -3.69148e+00  6.52970e+01             
       O -7.39144e+01 -1.53943e+01  5.42114e+01             
       H -7.31187e+01 -1.59662e+01  5.39501e+01             
       H -7.33651e+01 -1.45703e+01  4.20194e+01             
       O -7.03012e+01 -1.64730e+01  3.56558e+01             
       H -6.96824e+01 -1.65177e+01  3.64033e+01             
       H -8.21289e+01 -1.60759e+01  3.50228e+01             
       O -6.15759e+01 -1.55975e+01  3.80304e+01             
       H -6.12157e+01 -1.65278e+01  3.78678e+01             
       H -6.06938e+01 -1.51311e+01  3.79426e+01             
       O -7.25838e+01 -2.55642e+01  4.19314e+01             
       H -7.16330e+01 -2.57842e+01  4.23117e+01             
       H -7.23566e+01 -2.51605e+01  5.34483e+01             
       O -6.55042e+01 -1.81220e+01  4.38944e+01             
       H -7.73897e+01 -1.21314e+01  4.83421e+01             
       H -6.46760e+01 -1.75899e+01  4.38159e+01             
       O -7.13913e+01 -2.72727e+01  6.24882e+01             
       H -7.08872e+01 -2.77056e+01  6.32522e+01             
       H -7.09856e+01 -2.76929e+01  6.17095e+01             
       O -5.89812e+01 -1.49536e+01  4.51971e+01             
       H -5.80526e+01 -1.51756e+01  4.54525e+01             
       H -5.86571e+01 -1.45966e+01  4.43647e+01             
       O -6.07259e+01 -2.95191e+01  5.97018e+01             
       H -5.98116e+01 -2.96791e+01  6.00955e+01             
       H -6.05251e+01 -2.87952e+01  5.91071e+01             
       O -6.82768e+01 -9.77711e+00  6.70151e+01             
       H -6.75111e+01 -9.47291e+00  6.75006e+01             
       H -6.78418e+01 -1.04502e+01  6.65292e+01             
       O -6.02753e+01  6.88902e+00  7.58339e+01             
       H -5.94944e+01  6.43880e+00  7.53960e+01             
       H -5.99136e+01  7.28440e+00  7.66577e+01             
       O -6.96645e+01 -2.78114e+01  6.46562e+01             
       H -7.21350e+01 -2.18289e+01  4.21649e+01             
       H -6.90841e+01 -2.84670e+01  6.42847e+01             
       O -7.66850e+01 -2.05275e+01  5.61575e+01             
       H -6.51143e+01 -1.91012e+01  4.38607e+01             
       H -7.60066e+01 -2.04077e+01  5.53811e+01             
       O -6.64753e+01 -1.35675e+01  5.04255e+01             
       H -7.48010e+01 -7.99315e+00  5.06118e+01             
       H -6.58067e+01 -1.34070e+01  5.11943e+01             
       O -6.75582e+01 -2.81458e+01  6.16920e+01             
       H -7.92362e+01 -2.85190e+01  7.35629e+01             
       H -5.95324e+01 -9.51644e+00  6.02525e+01             
       O -1.03106e+02 -1.74167e+01  6.52869e+01             
       H -1.02300e+02 -1.68823e+01  6.52496e+01             
       H -1.02677e+02 -1.82774e+01  6.55603e+01             
       O -6.88650e+01 -2.77950e+01  5.82906e+01             
       H -6.83690e+01 -2.86222e+01  5.82710e+01             
       H -6.88841e+01 -1.87100e+01  5.84824e+01             
       O -7.73791e+01 -1.31066e+01  4.83362e+01             
       H -7.64043e+01 -1.33785e+01  4.82759e+01             
       H -8.21422e+01 -2.01047e+01  2.77565e+01             
       O -8.08157e+01 -2.39774e+01  5.08881e+01             
       H -8.03635e+01 -2.31258e+01  5.06918e+01             
       H -8.00796e+01 -2.46583e+01  5.09042e+01             
       O -6.48860e+01 -2.56259e+01  4.47954e+01             
       H -6.47173e+01 -2.64804e+01  4.52612e+01             
       H -6.41738e+01 -2.50651e+01  4.51573e+01             
       O -5.49852e+01 -3.01041e+01  5.84251e+01             
       H -5.43056e+01 -1.80324e+01  5.78198e+01             
       H -5.45095e+01 -2.99806e+01  5.92620e+01             
       O -7.03427e+01 -1.35012e+01  5.53515e+01             
       H -5.70983e+01 -1.38594e+01  5.48469e+01             
       H -7.00058e+01 -1.26677e+01  5.58529e+01             
       O -6.20371e+01  1.07889e+00  5.55075e+01             
       H -7.13915e+01 -3.53419e+01  4.40766e+01             
       H -7.53847e+01 -3.35164e+00  5.33281e+01             
       O -7.66792e+01 -1.96915e+01  5.31469e+01             
       H -7.61042e+01 -1.95666e+01  5.23472e+01             
       H -7.58107e+01 -1.97721e+01  5.37815e+01             
       O -7.44682e+01 -7.58531e+00  4.21297e+01             
       H -7.39010e+01 -1.94060e+01  4.27165e+01             
       H -7.36474e+01 -8.17925e+00  4.17535e+01             
       O -8.22508e+01 -2.36881e+01  5.65451e+01             
       H -8.16902e+01 -2.32140e+01  5.59033e+01             
       H -8.19022e+01 -2.36465e+01  5.75389e+01             
       O -7.08305e+01 -1.93502e+01  6.14316e+01             
       H -7.02688e+01 -1.92328e+01  6.06489e+01             
       H -7.01286e+01 -1.96708e+01  6.21408e+01             
       O -8.52830e+01 -2.55236e+01  4.66161e+01             
       H -8.48397e+01 -2.61444e+01  5.83676e+01             
       H -7.95166e+01 -3.99116e+01  4.98837e+01             
       O -6.28140e+01 -2.38717e+01  6.53279e+01             
       H -6.26038e+01 -2.38840e+01  6.63340e+01             
       H -6.19106e+01 -2.39685e+01  6.49513e+01             
       O -6.98720e+01 -1.79617e+01  5.50564e+01             
       H -6.89296e+01 -1.75729e+01  5.49168e+01             
       H -6.98888e+01 -1.88510e+01  5.45997e+01             
       O -8.79613e+01 -1.82222e+01  6.07800e+01             
       H -8.71382e+01 -1.77459e+01  6.06816e+01             
       H -8.79497e+01 -1.85695e+01  6.17060e+01             
       O -6.80791e+01 -2.66304e+01  5.42475e+01             
       H -6.73140e+01 -2.60266e+01  5.43700e+01             
       H -6.78290e+01 -2.75326e+01  5.46732e+01             
       O -7.97745e+01 -1.68857e+01  3.00661e+01             
       H -7.91568e+01 -1.70235e+01  2.92824e+01             
       H -7.92162e+01 -1.71816e+01  3.08074e+01             
       O -7.00093e+01 -2.03562e+01  2.86757e+01             
       H -4.91806e+01 -1.04933e+01  4.33363e+01             
       H -6.93723e+01 -2.10064e+01  2.91092e+01             
       O -7.86612e+01 -2.23335e+01  5.62224e+01             
       H -7.78481e+01 -2.18482e+01  5.61190e+01             
       H -7.84550e+01 -2.32190e+01  5.57588e+01             
       O -7.79844e+01 -1.70620e+01  7.27156e+01             
       H -7.75604e+01 -1.63420e+01  7.21804e+01             
       H -7.70935e+01 -1.74384e+01  7.28724e+01             
