192                                                         
# CELL(abcABC):   12.41850    12.41850    12.41850    90.00000    90.00000    90.00000  Step:           0  Bead:       0 x_centroid{angstrom}  cell{angstrom}   
       O -7.60854e+01 -9.85771e+00  7.10381e+01             
       H -7.59727e+01 -1.02557e+01  7.01657e+01             
       H -7.52864e+01 -1.02802e+01  7.14965e+01             
       O -6.24707e+01 -6.21463e+00  5.59685e+01             
       H -6.57482e+01 -1.82146e+01  5.29625e+01             
       H -6.19913e+01 -5.56413e+00  5.66211e+01             
       O -6.78614e+01 -2.74873e+01  5.04529e+01             
       H -6.74629e+01 -1.47947e+01  5.12442e+01             
       H -6.70660e+01 -2.75843e+01  4.98613e+01             
       O -6.04107e+01 -2.04266e+01  5.52220e+01             
       H -5.98977e+01 -2.08057e+01  5.59508e+01             
       H -5.97364e+01 -1.99497e+01  5.46665e+01             
       O -5.32707e+01 -2.03959e+01  4.80248e+01             
       H -5.23351e+01 -2.01310e+01  4.82047e+01             
       H -5.32758e+01 -2.13452e+01  4.78607e+01             
       O -5.77635e+01 -1.90977e+01  6.28506e+01             
       H -5.71124e+01 -1.97503e+01  6.24813e+01             
       H -5.73451e+01 -1.83500e+01  6.33105e+01             
       O -6.33322e+01 -1.97957e+01  3.64252e+01             
       H -6.25177e+01 -1.95513e+01  3.59135e+01             
       H -5.31290e+01  2.69511e+00  5.14462e+01             
       O -4.58560e+01 -1.88874e+01  6.69002e+01             
       H -4.59566e+01 -1.79755e+01  6.67159e+01             
       H -4.49376e+01 -3.14376e+01  6.71049e+01             
       O -7.06068e+01 -9.40504e+00  4.11243e+01             
       H -7.03701e+01 -8.87206e+00  4.19009e+01             
       H -6.98230e+01 -9.67087e+00  4.07046e+01             
       O -7.00498e+01 -2.22554e+01  4.85716e+01             
       H -6.96464e+01 -2.30820e+01  4.81936e+01             
       H -6.92357e+01 -2.17531e+01  4.88739e+01             
       O -6.96144e+01 -6.35666e+00  5.77859e+01             
       H -6.89529e+01 -6.47591e+00  5.85224e+01             
       H -6.89608e+01 -6.48785e+00  5.70681e+01             
       O -6.61857e+01 -1.14211e+01  4.72912e+01             
       H -6.54076e+01 -1.09213e+01  4.69954e+01             
       H -5.51403e+01 -1.05119e+01  4.49758e+01             
       O -6.20971e+01 -3.13946e+01  4.02203e+01             
       H -6.21094e+01 -3.05615e+01  3.97359e+01             
       H -5.88912e+01 -2.58428e+01  6.10673e+01             
       O -7.23736e+01 -1.75028e+01  4.92275e+01             
       H -7.17094e+01 -1.80901e+01  4.96677e+01             
       H -7.18267e+01 -1.67388e+01  4.89248e+01             
       O -5.73522e+01 -2.44836e+01  5.89702e+01             
       H -5.67783e+01 -2.37362e+01  5.86548e+01             
       H -5.68675e+01 -2.52879e+01  5.88104e+01             
       O -6.41216e+01 -7.44571e+00  5.74841e+01             
       H -6.34869e+01 -7.03539e+00  5.68296e+01             
       H -6.37251e+01 -8.19148e+00  5.79366e+01             
       O -6.39342e+01 -8.53822e+00  4.11325e+01             
       H -6.35757e+01 -2.01436e+01  4.07189e+01             
       H -6.31697e+01 -9.13760e+00  4.11501e+01             
       O -6.36686e+01 -2.38306e+01  4.35718e+01             
       H -6.29863e+01 -2.33495e+01  4.29856e+01             
       H -6.31942e+01 -2.45467e+01  4.40953e+01             
       O -7.27874e+01 -1.18317e+01  5.26569e+01             
       H -7.24502e+01 -1.13808e+01  5.18491e+01             
       H -7.19563e+01 -1.18942e+01  5.32260e+01             
       O -6.48136e+01  7.67441e+00  4.57727e+01             
       H -4.85035e+01 -1.67855e+01  5.03380e+01             
       H -6.42429e+01  8.21618e+00  4.63611e+01             
       O -5.85574e+01 -1.63521e+01  5.82531e+01             
       H -6.12505e+01 -2.19232e+01  5.47683e+01             
       H -7.04428e+01 -1.71396e+01  5.79321e+01             
       O -5.79336e+01 -2.85895e+01  5.36865e+01             
       H -5.72520e+01 -2.89749e+01  5.31546e+01             
       H -5.74673e+01 -2.82153e+01  5.45241e+01             
       O -6.57452e+01 -2.11366e+01  5.54776e+01             
       H -6.53531e+01 -2.07136e+01  5.62207e+01             
       H -6.49770e+01 -2.10028e+01  5.48130e+01             
       O -6.43453e+01 -4.16293e+01  5.42751e+01             
       H -6.36303e+01 -4.22386e+01  5.44752e+01             
       H -6.38626e+01 -4.07968e+01  6.66946e+01             
       O -6.56871e+01 -2.73973e+00  4.90341e+01             
       H -6.51354e+01 -1.93456e+00  4.89952e+01             
       H -6.50932e+01 -3.52036e+00  4.92757e+01             
       O -5.55943e+01 -1.91167e+01  5.56149e+01             
       H -5.49683e+01 -1.83585e+01  5.56848e+01             
       H -5.49970e+01 -1.98676e+01  5.55773e+01             
       O -6.40500e+01 -2.53933e+01  6.50287e+01             
       H -6.36244e+01 -2.59385e+01  6.57438e+01             
       H -6.35571e+01 -2.56158e+01  6.42345e+01             
       O -7.95698e+01 -1.97310e+01  4.60755e+01             
       H -7.89201e+01 -1.97764e+01  4.68124e+01             
       H -7.90624e+01 -1.94549e+01  4.52789e+01             
       O -6.18658e+01 -1.68111e+00  6.16066e+01             
       H -6.18660e+01 -2.44079e+00  6.22113e+01             
       H -6.10141e+01 -1.19908e+00  6.18357e+01             
       O -6.42925e+01 -1.27539e+01  4.93228e+01             
       H -6.33510e+01 -1.31888e+01  4.92700e+01             
       H -6.42894e+01 -1.20442e+01  3.75348e+01             
       O -5.81264e+01 -1.21423e+01  2.97257e+01             
       H -5.73801e+01 -1.26406e+01  2.94273e+01             
       H -7.03590e+01 -1.11897e+01  2.95573e+01             
       O -4.99219e+01 -1.34251e+01  3.19322e+01             
       H -5.00666e+01 -1.40791e+01  3.26458e+01             
       H -4.89378e+01 -1.31926e+01  3.18146e+01             
       O -6.42328e+01 -2.31189e+01  3.85624e+01             
       H -6.40103e+01 -2.32530e+01  3.95284e+01             
       H -6.34220e+01 -2.25407e+01  5.08380e+01             
       O -5.78303e+01 -1.55718e+01  3.63003e+01             
       H -6.60665e+01 -1.04701e+01  4.34865e+01             
       H -5.74339e+01 -1.59849e+01  3.55394e+01             
       O -5.96272e+01 -2.47912e+01  5.67434e+01             
       H -5.89980e+01 -2.49339e+01  5.74745e+01             
       H -5.91729e+01 -2.46101e+01  5.58986e+01             
       O -5.02573e+01 -1.46249e+01  4.17891e+01             
       H -4.93379e+01 -1.47662e+01  4.14715e+01             
       H -5.02683e+01 -1.42416e+01  4.26822e+01             
       O -5.38154e+01 -2.67580e+01  5.28219e+01             
       H -5.29394e+01 -2.62000e+01  5.25847e+01             
       H -5.34712e+01 -2.75663e+01  5.32636e+01             
       O -5.98759e+01 -9.13526e+00  5.93623e+01             
       H -5.93058e+01 -8.81586e+00  5.86566e+01             
       H -5.90910e+01 -9.43253e+00  5.99201e+01             
       O -5.05335e+01  9.55708e+00  7.15395e+01             
       H -4.97608e+01  8.96359e+00  7.13411e+01             
       H -5.03017e+01  9.94776e+00  7.24061e+01             
       O -5.93950e+01 -2.52724e+01  6.16642e+01             
       H -6.30441e+01 -2.04611e+01  3.70841e+01             
       H -5.86917e+01 -2.51985e+01  6.23283e+01             
       O -6.62021e+01 -1.81430e+01  5.21585e+01             
       H -5.71352e+01 -1.54018e+01  3.69061e+01             
       H -6.54790e+01 -1.79059e+01  5.15433e+01             
       O -5.58941e+01 -9.95707e+00  4.52574e+01             
       H -6.45031e+01 -5.67748e+00  4.57458e+01             
       H -5.54760e+01 -9.19396e+00  4.58066e+01             
       O -5.54536e+01 -2.48918e+01  5.43267e+01             
       H -6.73073e+01 -2.55852e+01  6.63500e+01             
       H -4.94500e+01 -6.81380e+00  5.55410e+01             
       O -9.25487e+01 -1.38277e+01  5.81724e+01             
       H -9.18976e+01 -1.30896e+01  5.79383e+01             
       H -9.20205e+01 -1.45944e+01  5.84585e+01             
       O -6.15132e+01 -2.88693e+01  5.10135e+01             
       H -6.09716e+01 -2.84100e+01  5.16413e+01             
       H -5.81103e+01 -1.55563e+01  5.79056e+01             
       O -6.63074e+01 -1.13500e+01  4.37904e+01             
       H -6.53226e+01 -1.16672e+01  4.39049e+01             
       H -7.31676e+01 -2.29962e+01  2.21976e+01             
       O -7.06661e+01 -2.13048e+01  4.46394e+01             
       H -7.03890e+01 -2.03977e+01  4.48385e+01             
       H -6.98660e+01 -2.18355e+01  4.48667e+01             
       O -5.59953e+01 -2.28041e+01  4.00781e+01             
       H -5.57131e+01 -2.35732e+01  4.06162e+01             
       H -5.51224e+01 -2.23996e+01  3.97776e+01             
       O -4.46614e+01 -2.48441e+01  5.06746e+01             
       H -4.41180e+01 -1.32235e+01  5.07828e+01             
       H -4.41822e+01 -2.40362e+01  5.10721e+01             
       O -6.22087e+01 -9.18504e+00  5.05292e+01             
       H -4.89908e+01 -9.67571e+00  5.01868e+01             
       H -6.17794e+01 -8.65566e+00  5.12124e+01             
       O -5.39301e+01  3.27122e+00  5.15391e+01             
       H -6.12182e+01 -3.17559e+01  4.00645e+01             
       H -6.57824e+01  4.48208e-01  4.79515e+01             
       O -6.72007e+01 -1.63277e+01  4.72203e+01             
       H -6.64912e+01 -1.69304e+01  4.69910e+01             
       H -6.67646e+01 -1.59714e+01  4.79654e+01             
       O -6.42676e+01 -5.21496e+00  3.79117e+01             
       H -6.35609e+01 -1.72629e+01  3.83679e+01             
       H -6.38763e+01 -5.97217e+00  3.74961e+01             
       O -7.22696e+01 -2.03036e+01  5.17692e+01             
       H -7.15625e+01 -1.98856e+01  5.12706e+01             
       H -7.16680e+01 -2.06575e+01  5.25358e+01             
       O -6.12521e+01 -1.71458e+01  5.79258e+01             
       H -6.03453e+01 -1.68403e+01  5.77792e+01             
       H -6.11314e+01 -1.79311e+01  5.85368e+01             
       O -7.43396e+01 -2.25147e+01  4.18926e+01             
       H -7.38750e+01 -2.31163e+01  5.37229e+01             
       H -6.73338e+01 -3.68541e+01  4.25999e+01             
       O -5.55827e+01 -2.07335e+01  6.20783e+01             
       H -5.49494e+01 -2.11329e+01  6.27295e+01             
       H -5.49022e+01 -2.02874e+01  6.14563e+01             
       O -6.10748e+01 -1.92127e+01  4.74474e+01             
       H -6.06026e+01 -1.85768e+01  4.80101e+01             
       H -6.05206e+01 -1.99551e+01  4.71369e+01             
       O -7.89396e+01 -1.68193e+01  5.58912e+01             
       H -7.81464e+01 -1.67664e+01  5.52146e+01             
       H -7.84319e+01 -1.67719e+01  5.67385e+01             
       O -6.00685e+01 -2.27779e+01  5.00765e+01             
       H -5.94233e+01 -2.20722e+01  4.99685e+01             
       H -5.99027e+01 -2.34620e+01  4.94016e+01             
       O -7.26104e+01 -1.49134e+01  2.82450e+01             
       H -7.25307e+01 -1.39967e+01  2.79758e+01             
       H -7.17519e+01 -1.52652e+01  2.85920e+01             
       O -6.14973e+01 -2.36895e+01  2.22829e+01             
       H -4.13194e+01 -8.55797e+00  3.98696e+01             
       H -6.12069e+01 -2.43081e+01  2.16366e+01             
       O -6.86914e+01 -1.72994e+01  5.17782e+01             
       H -6.78900e+01 -1.78294e+01  5.19284e+01             
       H -6.83449e+01 -1.66715e+01  5.11145e+01             
       O -6.91149e+01 -1.53145e+01  6.83215e+01             
       H -6.81596e+01 -1.56398e+01  6.82343e+01             
       H -6.90788e+01 -1.44168e+01  6.86725e+01             
192                                                         
# CELL(abcABC):   12.41850    12.41850    12.41850    90.00000    90.00000    90.00000  Step:      200000  Bead:       0 x_centroid{angstrom}  cell{angstrom}   
       O -9.15738e+01 -1.57573e+01  7.70775e+01             
       H -9.09913e+01 -1.64571e+01  7.66862e+01             
       H -9.09160e+01 -1.53308e+01  7.77030e+01             
       O -7.74304e+01 -1.05226e+01  6.51881e+01             
       H -8.08270e+01 -2.40809e+01  6.08615e+01             
       H -7.68717e+01 -1.04783e+01  6.60518e+01             
       O -8.27036e+01 -3.09611e+01  5.64237e+01             
       H -8.18709e+01 -1.79940e+01  5.65357e+01             
       H -8.25278e+01 -3.18081e+01  5.69128e+01             
       O -7.39984e+01 -2.60233e+01  6.39319e+01             
       H -7.33743e+01 -2.59807e+01  6.46681e+01             
       H -7.34315e+01 -2.59949e+01  6.31064e+01             
       O -6.79201e+01 -2.40710e+01  5.57955e+01             
       H -6.71072e+01 -2.37509e+01  5.63313e+01             
       H -6.75524e+01 -2.44318e+01  5.49692e+01             
       O -7.20721e+01 -2.31918e+01  6.97056e+01             
       H -7.15342e+01 -2.40095e+01  6.94335e+01             
       H -7.13836e+01 -2.27033e+01  7.02159e+01             
       O -7.83236e+01 -2.31261e+01  4.47328e+01             
       H -7.76938e+01 -2.28290e+01  4.40258e+01             
       H -6.83686e+01 -1.93763e+00  5.87510e+01             
       O -6.27694e+01 -2.35605e+01  7.61732e+01             
       H -6.25693e+01 -2.45179e+01  7.60847e+01             
       H -6.19497e+01 -3.54668e+01  7.62604e+01             
       O -8.46723e+01 -1.32957e+01  4.92195e+01             
       H -8.44852e+01 -1.23140e+01  4.90309e+01             
       H -8.38341e+01 -1.37631e+01  4.94887e+01             
       O -8.31466e+01 -2.74700e+01  5.45550e+01             
       H -8.23811e+01 -2.80287e+01  5.41577e+01             
       H -8.28308e+01 -2.68712e+01  5.52249e+01             
       O -8.32637e+01 -1.09975e+01  6.54508e+01             
       H -8.27824e+01 -1.05157e+01  6.61056e+01             
       H -8.24327e+01 -1.13349e+01  6.50158e+01             
       O -8.11042e+01 -1.66077e+01  5.37633e+01             
       H -8.03116e+01 -1.62899e+01  5.32621e+01             
       H -7.15251e+01 -1.54967e+01  5.11362e+01             
       O -7.66775e+01 -3.56901e+01  4.91690e+01             
       H -7.61221e+01 -3.57817e+01  4.99403e+01             
       H -7.40635e+01 -2.90664e+01  6.80637e+01             
       O -8.56573e+01 -2.10829e+01  5.60915e+01             
       H -8.54103e+01 -2.18809e+01  5.65949e+01             
       H -8.49818e+01 -2.10954e+01  5.53827e+01             
       O -7.32188e+01 -2.89625e+01  6.66010e+01             
       H -7.24687e+01 -2.83379e+01  6.64564e+01             
       H -7.27127e+01 -2.98032e+01  6.66553e+01             
       O -7.91680e+01 -1.25193e+01  6.58757e+01             
       H -7.84851e+01 -1.18197e+01  6.57590e+01             
       H -7.85821e+01 -1.33454e+01  6.58424e+01             
       O -7.94895e+01 -1.18284e+01  4.96795e+01             
       H -7.86109e+01 -2.37385e+01  4.96483e+01             
       H -7.90448e+01 -1.27467e+01  4.97998e+01             
       O -7.72648e+01 -2.98674e+01  5.17959e+01             
       H -7.65586e+01 -2.93100e+01  5.21058e+01             
       H -7.68138e+01 -3.06888e+01  5.14558e+01             
       O -8.84400e+01 -1.49473e+01  6.15939e+01             
       H -8.77223e+01 -1.56286e+01  6.17717e+01             
       H -8.79368e+01 -1.42642e+01  6.11541e+01             
       O -7.95383e+01  3.91822e+00  5.29360e+01             
       H -6.24816e+01 -2.12607e+01  5.93450e+01             
       H -7.90936e+01  4.72398e+00  5.32616e+01             
       O -7.26662e+01 -2.20901e+01  6.39708e+01             
       H -7.74746e+01 -2.70550e+01  6.23434e+01             
       H -8.43255e+01 -2.24948e+01  6.44386e+01             
       O -7.33389e+01 -3.15140e+01  6.02316e+01             
       H -7.30764e+01 -3.10029e+01  5.94183e+01             
       H -7.25220e+01 -3.20707e+01  6.04357e+01             
       O -8.11244e+01 -2.45762e+01  6.42710e+01             
       H -8.03995e+01 -2.47043e+01  6.49477e+01             
       H -8.07426e+01 -2.41613e+01  6.34629e+01             
       O -7.92382e+01 -4.37937e+01  6.13975e+01             
       H -7.85044e+01 -4.32330e+01  6.16757e+01             
       H -7.87893e+01 -4.46478e+01  7.35866e+01             
       O -7.99413e+01 -9.59549e+00  5.86969e+01             
       H -7.92827e+01 -9.35148e+00  5.93544e+01             
       H -7.94669e+01 -9.87496e+00  5.79040e+01             
       O -7.12416e+01 -2.25077e+01  6.10843e+01             
       H -7.10209e+01 -2.15185e+01  6.11311e+01             
       H -7.04294e+01 -2.29615e+01  6.06976e+01             
       O -7.77272e+01 -2.91022e+01  7.22384e+01             
       H -7.70196e+01 -2.86019e+01  7.26973e+01             
       H -7.74293e+01 -2.95659e+01  7.14663e+01             
       O -9.40557e+01 -2.19265e+01  5.47929e+01             
       H -9.35477e+01 -2.27227e+01  5.51945e+01             
       H -9.34204e+01 -2.13910e+01  5.43052e+01             
       O -7.66877e+01 -5.65477e+00  7.01885e+01             
       H -7.60710e+01 -6.27295e+00  7.06860e+01             
       H -7.60972e+01 -5.22189e+00  6.95040e+01             
       O -8.03349e+01 -1.73681e+01  5.63232e+01             
       H -7.97773e+01 -1.82115e+01  5.64774e+01             
       H -7.98826e+01 -1.66768e+01  4.43542e+01             
       O -7.41056e+01 -1.71539e+01  3.71769e+01             
       H -7.36868e+01 -1.76930e+01  3.64933e+01             
       H -8.58426e+01 -1.67591e+01  3.77813e+01             
       O -6.55856e+01 -1.89640e+01  4.14238e+01             
       H -6.46947e+01 -1.92586e+01  4.13399e+01             
       H -6.54593e+01 -1.81477e+01  4.08615e+01             
       O -7.94067e+01 -2.74165e+01  4.60355e+01             
       H -7.87813e+01 -2.79720e+01  4.65951e+01             
       H -7.87972e+01 -2.66662e+01  5.81778e+01             
       O -7.19676e+01 -1.88885e+01  4.17593e+01             
       H -8.20035e+01 -1.36690e+01  5.10234e+01             
       H -7.12154e+01 -1.86140e+01  4.09933e+01             
       O -7.51181e+01 -2.82610e+01  6.48828e+01             
       H -7.45854e+01 -2.77085e+01  6.42493e+01             
       H -7.43856e+01 -2.86099e+01  6.55055e+01             
       O -6.34254e+01 -1.91977e+01  5.02987e+01             
       H -6.28884e+01 -1.99663e+01  5.03996e+01             
       H -6.28179e+01 -1.84065e+01  5.01968e+01             
       O -6.80926e+01 -2.82796e+01  6.14987e+01             
       H -6.71955e+01 -2.79736e+01  6.17578e+01             
       H -6.80371e+01 -2.85507e+01  6.05676e+01             
       O -7.42779e+01 -1.24582e+01  6.82407e+01             
       H -7.36346e+01 -1.27368e+01  6.75020e+01             
       H -7.36916e+01 -1.21687e+01  6.89223e+01             
       O -6.64769e+01  5.14018e+00  8.14089e+01             
       H -6.61647e+01  5.11331e+00  8.04110e+01             
       H -6.56108e+01  5.45688e+00  8.17638e+01             
       O -7.45962e+01 -2.90705e+01  6.89189e+01             
       H -7.79431e+01 -2.39327e+01  4.51538e+01             
       H -7.38972e+01 -2.94300e+01  6.94934e+01             
       O -8.14880e+01 -2.38690e+01  6.01516e+01             
       H -7.13921e+01 -1.88380e+01  4.25508e+01             
       H -8.09569e+01 -2.32177e+01  5.95895e+01             
       O -7.21005e+01 -1.62738e+01  5.11855e+01             
       H -7.88139e+01 -9.15408e+00  5.28086e+01             
       H -7.15842e+01 -1.69332e+01  5.16603e+01             
       O -7.17118e+01 -2.75410e+01  5.91375e+01             
       H -8.31807e+01 -2.72036e+01  7.14335e+01             
       H -6.43333e+01 -1.07538e+01  6.45589e+01             
       O -1.07576e+02 -1.80539e+01  6.48781e+01             
       H -1.06932e+02 -1.75560e+01  6.54812e+01             
       H -1.06980e+02 -1.88041e+01  6.43469e+01             
       O -7.54738e+01 -3.28828e+01  5.92659e+01             
       H -7.50995e+01 -3.22676e+01  5.99084e+01             
       H -7.23991e+01 -2.22648e+01  6.30439e+01             
       O -8.24252e+01 -1.43441e+01  5.04072e+01             
       H -8.16344e+01 -1.47695e+01  4.98985e+01             
       H -8.93719e+01 -2.66775e+01  2.97274e+01             
       O -8.48678e+01 -2.55946e+01  5.38434e+01             
       H -8.43649e+01 -2.47092e+01  5.37192e+01             
       H -8.41615e+01 -2.62485e+01  5.41203e+01             
       O -7.47733e+01 -2.55224e+01  4.73897e+01             
       H -7.39646e+01 -2.61335e+01  4.73508e+01             
       H -7.43811e+01 -2.46524e+01  4.75099e+01             
       O -6.00248e+01 -3.00966e+01  5.78673e+01             
       H -5.92838e+01 -1.80627e+01  5.73960e+01             
       H -5.95637e+01 -2.93378e+01  5.82993e+01             
       O -7.71525e+01 -1.29695e+01  5.81080e+01             
       H -6.44590e+01 -1.35030e+01  5.73117e+01             
       H -7.63986e+01 -1.30743e+01  5.87413e+01             
       O -6.92679e+01 -1.44353e+00  5.87317e+01             
       H -7.60482e+01 -3.58108e+01  4.84746e+01             
       H -8.07256e+01 -4.69254e+00  5.45376e+01             
       O -8.21915e+01 -2.10928e+01  5.74151e+01             
       H -8.16783e+01 -2.12891e+01  5.65758e+01             
       H -8.14369e+01 -2.12199e+01  5.80713e+01             
       O -7.78511e+01 -8.58566e+00  4.81487e+01             
       H -7.71639e+01 -2.06097e+01  4.75277e+01             
       H -7.73823e+01 -9.22459e+00  4.87305e+01             
       O -8.61577e+01 -2.28227e+01  5.97908e+01             
       H -8.58287e+01 -2.31840e+01  5.89247e+01             
       H -8.52296e+01 -2.25684e+01  6.02232e+01             
       O -7.54996e+01 -2.04594e+01  6.71473e+01             
       H -7.48935e+01 -2.03913e+01  6.63027e+01             
       H -7.47742e+01 -2.03893e+01  6.78808e+01             
       O -9.08708e+01 -2.67840e+01  5.00439e+01             
       H -9.11445e+01 -2.69484e+01  6.33942e+01             
       H -8.43080e+01 -3.98562e+01  4.76152e+01             
       O -7.04260e+01 -2.51473e+01  6.90693e+01             
       H -7.01816e+01 -2.58162e+01  6.97729e+01             
       H -6.95270e+01 -2.47615e+01  6.88593e+01             
       O -7.63406e+01 -2.28417e+01  5.53066e+01             
       H -7.58967e+01 -2.18951e+01  5.51493e+01             
       H -7.56165e+01 -2.35707e+01  5.54308e+01             
       O -9.34504e+01 -1.96679e+01  6.34401e+01             
       H -9.28739e+01 -2.02002e+01  6.41031e+01             
       H -9.28439e+01 -1.90133e+01  6.30565e+01             
       O -7.60677e+01 -2.67810e+01  5.60856e+01             
       H -7.52849e+01 -2.60711e+01  5.59423e+01             
       H -7.56512e+01 -2.76543e+01  5.62815e+01             
       O -8.63386e+01 -1.99807e+01  4.04421e+01             
       H -8.57760e+01 -1.93647e+01  4.09315e+01             
       H -8.58133e+01 -2.07202e+01  4.00982e+01             
       O -7.72789e+01 -2.68120e+01  2.87851e+01             
       H -5.67649e+01 -1.31056e+01  4.69720e+01             
       H -7.64547e+01 -2.71472e+01  2.83463e+01             
       O -8.13033e+01 -1.88846e+01  5.97670e+01             
       H -8.09753e+01 -1.92113e+01  5.89015e+01             
       H -8.04460e+01 -1.88789e+01  6.02741e+01             
       O -8.32886e+01 -1.99048e+01  7.36907e+01             
       H -8.27465e+01 -1.93079e+01  7.31071e+01             
       H -8.26055e+01 -1.99036e+01  7.44280e+01             
