192                                                         
# CELL(abcABC):   12.41850    12.41850    12.41850    90.00000    90.00000    90.00000  Step:           0  Bead:       0 x_centroid{angstrom}  cell{angstrom}   
       O -7.44525e+01 -1.02029e+01  6.74009e+01             
       H -7.40728e+01 -1.08614e+01  6.68775e+01             
       H -7.36189e+01 -9.65930e+00  6.76196e+01             
       O -6.19277e+01 -7.12226e+00  5.74515e+01             
       H -6.23495e+01 -1.54044e+01  5.32912e+01             
       H -6.12523e+01 -6.52165e+00  5.71603e+01             
       O -6.60079e+01 -2.66825e+01  5.05764e+01             
       H -6.53928e+01 -1.36949e+01  5.10734e+01             
       H -6.54244e+01 -2.70859e+01  4.98794e+01             
       O -5.99213e+01 -2.09478e+01  5.55148e+01             
       H -5.90214e+01 -2.10608e+01  5.58340e+01             
       H -5.98659e+01 -2.02710e+01  5.48431e+01             
       O -5.26704e+01 -2.02482e+01  4.79042e+01             
       H -5.19293e+01 -1.97813e+01  4.83199e+01             
       H -5.24288e+01 -2.11150e+01  4.78974e+01             
       O -5.63769e+01 -1.82991e+01  6.29898e+01             
       H -5.57828e+01 -1.87899e+01  6.24445e+01             
       H -5.58702e+01 -1.75779e+01  6.34440e+01             
       O -6.24607e+01 -1.88748e+01  3.66411e+01             
       H -6.16782e+01 -1.88209e+01  3.60719e+01             
       H -5.16675e+01  2.08196e+00  5.20882e+01             
       O -4.64447e+01 -1.63961e+01  6.72421e+01             
       H -4.57709e+01 -1.65583e+01  6.79162e+01             
       H -4.59464e+01 -2.82778e+01  6.65718e+01             
       O -6.86551e+01 -9.37818e+00  4.10609e+01             
       H -6.81238e+01 -9.21339e+00  4.18243e+01             
       H -6.80772e+01 -9.73134e+00  4.04314e+01             
       O -6.46687e+01 -2.31653e+01  4.82433e+01             
       H -6.41348e+01 -2.37188e+01  4.76980e+01             
       H -6.43136e+01 -2.31021e+01  4.91573e+01             
       O -6.77463e+01 -6.41690e+00  5.55700e+01             
       H -6.71936e+01 -6.68382e+00  5.63268e+01             
       H -6.71277e+01 -6.24379e+00  5.48534e+01             
       O -6.38382e+01 -1.04836e+01  4.45956e+01             
       H -6.34130e+01 -1.01447e+01  4.53387e+01             
       H -5.43854e+01 -1.02644e+01  4.38211e+01             
       O -5.98600e+01 -3.12375e+01  4.13130e+01             
       H -5.98381e+01 -3.03079e+01  4.16296e+01             
       H -5.68016e+01 -2.66630e+01  5.81017e+01             
       O -7.03123e+01 -1.72226e+01  4.85073e+01             
       H -6.98702e+01 -1.75634e+01  4.93535e+01             
       H -6.95968e+01 -1.69517e+01  4.78965e+01             
       O -5.55211e+01 -2.41269e+01  5.90333e+01             
       H -5.54952e+01 -2.36059e+01  5.82004e+01             
       H -5.45931e+01 -2.44089e+01  5.91606e+01             
       O -6.39801e+01 -7.75228e+00  5.58980e+01             
       H -6.30776e+01 -7.51515e+00  5.63276e+01             
       H -6.38272e+01 -8.70757e+00  5.58097e+01             
       O -6.18366e+01 -7.18101e+00  3.94427e+01             
       H -6.11635e+01 -1.90899e+01  3.99327e+01             
       H -6.15337e+01 -8.05262e+00  3.93412e+01             
       O -6.44810e+01 -2.51797e+01  4.24314e+01             
       H -6.42763e+01 -2.52579e+01  4.14799e+01             
       H -6.35564e+01 -2.52193e+01  4.27915e+01             
       O -7.06629e+01 -1.16697e+01  4.95328e+01             
       H -7.00777e+01 -1.23606e+01  4.92865e+01             
       H -7.02495e+01 -1.08915e+01  4.91153e+01             
       O -6.36496e+01  7.69423e+00  4.53170e+01             
       H -4.66963e+01 -1.56346e+01  4.91978e+01             
       H -6.29140e+01  8.32999e+00  4.54291e+01             
       O -5.65993e+01 -1.66894e+01  5.65089e+01             
       H -6.01682e+01 -2.20219e+01  5.23747e+01             
       H -6.85402e+01 -1.71563e+01  5.58221e+01             
       O -5.69708e+01 -2.75219e+01  5.32686e+01             
       H -5.62654e+01 -2.81200e+01  5.28860e+01             
       H -5.64211e+01 -2.68562e+01  5.37917e+01             
       O -6.40945e+01 -1.96143e+01  5.30490e+01             
       H -6.39270e+01 -1.98047e+01  5.40164e+01             
       H -6.32056e+01 -1.94935e+01  5.26191e+01             
       O -6.11040e+01 -3.98440e+01  5.43789e+01             
       H -6.02934e+01 -4.01726e+01  5.47191e+01             
       H -6.09180e+01 -3.89681e+01  6.64598e+01             
       O -6.39657e+01 -2.44535e+00  4.84704e+01             
       H -6.35614e+01 -1.67390e+00  4.80635e+01             
       H -6.33491e+01 -2.70283e+00  4.91976e+01             
       O -5.33138e+01 -1.75744e+01  5.36992e+01             
       H -5.28941e+01 -1.69690e+01  5.43733e+01             
       H -5.26068e+01 -1.81952e+01  5.34831e+01             
       O -6.25855e+01 -2.35959e+01  6.28761e+01             
       H -6.18718e+01 -2.33922e+01  6.35033e+01             
       H -6.19757e+01 -2.35798e+01  6.20825e+01             
       O -7.85060e+01 -2.00373e+01  4.51400e+01             
       H -7.81545e+01 -1.99610e+01  4.60181e+01             
       H -7.76072e+01 -2.00491e+01  4.46366e+01             
       O -5.97480e+01 -1.58154e+00  5.94719e+01             
       H -5.97310e+01 -1.67398e+00  6.04164e+01             
       H -5.88329e+01 -1.48985e+00  5.92033e+01             
       O -6.27019e+01 -1.27005e+01  4.69821e+01             
       H -6.24830e+01 -1.30116e+01  4.61046e+01             
       H -6.18579e+01 -1.23405e+01  3.48795e+01             
       O -5.80222e+01 -1.13210e+01  2.97437e+01             
       H -5.74053e+01 -1.20658e+01  2.98230e+01             
       H -6.97973e+01 -1.06438e+01  2.95203e+01             
       O -4.98363e+01 -1.33261e+01  3.18698e+01             
       H -4.97373e+01 -1.42610e+01  3.17250e+01             
       H -4.89521e+01 -1.29172e+01  3.17426e+01             
       O -6.07378e+01 -2.37342e+01  3.60939e+01             
       H -5.98527e+01 -2.39282e+01  3.64695e+01             
       H -6.05384e+01 -2.30411e+01  4.78855e+01             
       O -5.60525e+01 -1.66284e+01  3.44879e+01             
       H -6.59154e+01 -1.05270e+01  4.14908e+01             
       H -5.60204e+01 -1.69255e+01  3.35687e+01             
       O -5.98804e+01 -2.44884e+01  5.68429e+01             
       H -5.94955e+01 -2.51563e+01  5.74322e+01             
       H -5.91570e+01 -2.43152e+01  5.62839e+01             
       O -4.80637e+01 -1.22265e+01  4.10099e+01             
       H -4.78424e+01 -1.25566e+01  4.01622e+01             
       H -4.72130e+01 -1.20230e+01  4.14430e+01             
       O -5.16687e+01 -2.53933e+01  5.20801e+01             
       H -5.11263e+01 -2.48546e+01  5.13829e+01             
       H -5.12243e+01 -2.62248e+01  5.21875e+01             
       O -5.86978e+01 -8.46878e+00  5.91769e+01             
       H -5.81800e+01 -8.27854e+00  5.83304e+01             
       H -5.79764e+01 -8.88337e+00  5.96910e+01             
       O -4.89570e+01  9.02127e+00  7.04471e+01             
       H -4.84060e+01  8.27517e+00  7.02607e+01             
       H -4.84524e+01  9.64167e+00  7.09973e+01             
       O -5.73876e+01 -2.58857e+01  5.80702e+01             
       H -6.21752e+01 -1.94030e+01  3.74025e+01             
       H -5.67099e+01 -2.51907e+01  5.81491e+01             
       O -6.32448e+01 -1.54855e+01  5.27712e+01             
       H -5.51100e+01 -1.65809e+01  3.48387e+01             
       H -6.30643e+01 -1.60397e+01  5.19931e+01             
       O -5.50179e+01 -9.91032e+00  4.45076e+01             
       H -6.31009e+01 -5.49437e+00  4.50662e+01             
       H -5.46053e+01 -9.10084e+00  4.48752e+01             
       O -5.57545e+01 -2.54424e+01  5.45670e+01             
       H -6.76092e+01 -2.58971e+01  6.76703e+01             
       H -4.90413e+01 -7.89975e+00  5.76941e+01             
       O -9.03205e+01 -1.25663e+01  5.82635e+01             
       H -8.96919e+01 -1.19585e+01  5.78110e+01             
       H -8.97299e+01 -1.32580e+01  5.86196e+01             
       O -5.97437e+01 -2.76606e+01  4.97887e+01             
       H -5.93887e+01 -2.72188e+01  5.06020e+01             
       H -5.61143e+01 -1.58804e+01  5.65714e+01             
       O -6.63573e+01 -1.10595e+01  4.22445e+01             
       H -6.56571e+01 -1.17078e+01  4.24291e+01             
       H -7.24784e+01 -2.17019e+01  2.13964e+01             
       O -6.97066e+01 -2.08255e+01  4.42030e+01             
       H -6.92633e+01 -2.00411e+01  4.38228e+01             
       H -6.89873e+01 -2.14560e+01  4.43878e+01             
       O -5.49221e+01 -2.29315e+01  3.87876e+01             
       H -5.50484e+01 -2.36217e+01  3.81104e+01             
       H -5.39430e+01 -2.28788e+01  3.88740e+01             
       O -4.37147e+01 -2.60840e+01  4.92787e+01             
       H -4.28305e+01 -1.38140e+01  4.97695e+01             
       H -4.34745e+01 -2.66755e+01  4.85031e+01             
       O -5.88057e+01 -8.16064e+00  5.02128e+01             
       H -4.55765e+01 -8.59535e+00  4.98641e+01             
       H -5.85377e+01 -7.85036e+00  5.10671e+01             
       O -5.25050e+01  2.55789e+00  5.23138e+01             
       H -5.89350e+01 -3.14923e+01  4.10843e+01             
       H -6.31232e+01  1.64670e+00  4.40095e+01             
       O -6.57449e+01 -1.68402e+01  4.75226e+01             
       H -6.53448e+01 -1.71875e+01  4.67307e+01             
       H -6.50842e+01 -1.62261e+01  4.79394e+01             
       O -6.22517e+01 -3.98835e+00  3.79008e+01             
       H -6.13481e+01 -1.59639e+01  3.78857e+01             
       H -6.21262e+01 -4.87957e+00  3.75319e+01             
       O -7.01669e+01 -1.97228e+01  5.25125e+01             
       H -6.96008e+01 -1.90850e+01  5.19709e+01             
       H -6.96101e+01 -2.03277e+01  5.29718e+01             
       O -5.98569e+01 -1.79201e+01  5.75851e+01             
       H -5.89811e+01 -1.77819e+01  5.71589e+01             
       H -5.97662e+01 -1.83304e+01  5.85055e+01             
       O -7.32289e+01 -2.19956e+01  3.92134e+01             
       H -7.25772e+01 -2.17237e+01  5.09606e+01             
       H -6.75181e+01 -3.72440e+01  4.17024e+01             
       O -5.50803e+01 -2.01131e+01  6.18142e+01             
       H -5.49864e+01 -2.07567e+01  6.24952e+01             
       H -5.41866e+01 -2.00943e+01  6.14228e+01             
       O -6.00858e+01 -1.86901e+01  4.78405e+01             
       H -5.92893e+01 -1.80549e+01  4.80907e+01             
       H -5.95924e+01 -1.94989e+01  4.76495e+01             
       O -7.72419e+01 -1.59008e+01  5.53968e+01             
       H -7.66512e+01 -1.57872e+01  5.46874e+01             
       H -7.67365e+01 -1.61969e+01  5.61383e+01             
       O -5.66806e+01 -2.24602e+01  4.81893e+01             
       H -5.60549e+01 -2.17708e+01  4.84584e+01             
       H -5.60716e+01 -2.31227e+01  4.77148e+01             
       O -7.11719e+01 -1.38262e+01  2.70875e+01             
       H -7.04011e+01 -1.34372e+01  2.66391e+01             
       H -7.05030e+01 -1.44363e+01  2.75697e+01             
       O -6.09337e+01 -2.20789e+01  2.11758e+01             
       H -3.98928e+01 -8.89141e+00  3.99986e+01             
       H -6.06921e+01 -2.28093e+01  2.05727e+01             
       O -6.73559e+01 -1.63704e+01  5.21270e+01             
       H -6.68427e+01 -1.69568e+01  5.27162e+01             
       H -6.68183e+01 -1.56498e+01  5.18141e+01             
       O -6.69240e+01 -1.44325e+01  6.89029e+01             
       H -6.60705e+01 -1.47703e+01  6.84811e+01             
       H -6.65445e+01 -1.37969e+01  6.95418e+01             
192                                                         
# CELL(abcABC):   12.41850    12.41850    12.41850    90.00000    90.00000    90.00000  Step:      200000  Bead:       0 x_centroid{angstrom}  cell{angstrom}   
       O -8.47561e+01 -1.27176e+01  7.21352e+01             
       H -8.43664e+01 -1.32036e+01  7.13590e+01             
       H -8.40445e+01 -1.23241e+01  7.26647e+01             
       O -6.95095e+01 -9.02143e+00  6.26475e+01             
       H -7.34609e+01 -1.56491e+01  6.04437e+01             
       H -6.89412e+01 -9.78579e+00  6.23109e+01             
       O -7.51296e+01 -3.02322e+01  5.62220e+01             
       H -7.41089e+01 -1.78077e+01  5.61752e+01             
       H -7.53900e+01 -3.01847e+01  5.52717e+01             
       O -7.07721e+01 -2.36571e+01  6.11832e+01             
       H -6.98465e+01 -2.38151e+01  6.15118e+01             
       H -7.07122e+01 -2.28710e+01  6.06052e+01             
       O -6.18276e+01 -2.18327e+01  5.17248e+01             
       H -6.13156e+01 -2.11368e+01  5.12716e+01             
       H -6.14689e+01 -2.26618e+01  5.15242e+01             
       O -6.67025e+01 -2.07543e+01  6.83999e+01             
       H -6.61726e+01 -2.14090e+01  6.79339e+01             
       H -6.60803e+01 -2.04559e+01  6.90734e+01             
       O -7.18358e+01 -2.29894e+01  4.20017e+01             
       H -7.13714e+01 -2.26228e+01  4.12242e+01             
       H -6.45213e+01 -2.24878e+00  5.71497e+01             
       O -5.66380e+01 -1.92569e+01  7.14827e+01             
       H -5.64056e+01 -1.90906e+01  7.23772e+01             
       H -5.57339e+01 -3.15111e+01  7.10659e+01             
       O -7.79140e+01 -1.28882e+01  4.66298e+01             
       H -7.71033e+01 -1.27773e+01  4.73097e+01             
       H -7.76996e+01 -1.32611e+01  4.57888e+01             
       O -7.35149e+01 -2.49067e+01  5.44646e+01             
       H -7.27683e+01 -2.42789e+01  5.45011e+01             
       H -7.31170e+01 -2.58369e+01  5.46217e+01             
       O -7.77817e+01 -8.94650e+00  6.09689e+01             
       H -7.71451e+01 -9.47243e+00  6.15332e+01             
       H -7.72550e+01 -8.34037e+00  6.04198e+01             
       O -7.34749e+01 -1.16361e+01  5.01022e+01             
       H -7.27445e+01 -1.23014e+01  5.04257e+01             
       H -6.29904e+01 -1.32292e+01  4.86199e+01             
       O -7.06595e+01 -3.39664e+01  4.65116e+01             
       H -7.01171e+01 -3.31327e+01  4.66288e+01             
       H -6.67758e+01 -2.76860e+01  6.45520e+01             
       O -8.06883e+01 -1.94740e+01  5.41302e+01             
       H -8.02122e+01 -1.99860e+01  5.48936e+01             
       H -7.98512e+01 -1.90148e+01  5.37065e+01             
       O -6.60645e+01 -2.38422e+01  6.33489e+01             
       H -6.51238e+01 -2.35303e+01  6.30374e+01             
       H -6.60459e+01 -2.47813e+01  6.34182e+01             
       O -7.43583e+01 -1.13357e+01  5.87804e+01             
       H -7.40500e+01 -1.04165e+01  5.86771e+01             
       H -7.34947e+01 -1.18703e+01  5.88629e+01             
       O -7.33709e+01 -8.96127e+00  4.60881e+01             
       H -7.33351e+01 -2.09981e+01  4.51593e+01             
       H -7.24481e+01 -8.98587e+00  4.64616e+01             
       O -7.24329e+01 -2.95820e+01  4.79910e+01             
       H -7.19783e+01 -2.96801e+01  4.70690e+01             
       H -7.17016e+01 -2.94564e+01  4.87129e+01             
       O -8.08182e+01 -1.29406e+01  5.41052e+01             
       H -8.04687e+01 -1.21355e+01  5.36973e+01             
       H -8.00180e+01 -1.35623e+01  5.42864e+01             
       O -7.22851e+01  4.97045e+00  5.06479e+01             
       H -5.94786e+01 -1.78999e+01  5.54447e+01             
       H -7.20136e+01  5.59300e+00  5.13678e+01             
       O -6.61986e+01 -1.90633e+01  6.25548e+01             
       H -7.07241e+01 -2.65669e+01  5.78098e+01             
       H -7.82371e+01 -1.99543e+01  6.22566e+01             
       O -6.69635e+01 -3.06612e+01  5.80044e+01             
       H -6.61018e+01 -3.09261e+01  5.76530e+01             
       H -6.67122e+01 -3.01097e+01  5.87167e+01             
       O -7.55036e+01 -2.45789e+01  5.62623e+01             
       H -7.47233e+01 -2.44821e+01  5.55774e+01             
       H -7.51282e+01 -2.43394e+01  5.71533e+01             
       O -7.08586e+01 -4.24235e+01  5.82317e+01             
       H -7.01247e+01 -4.29944e+01  5.86082e+01             
       H -7.04037e+01 -4.16203e+01  7.03846e+01             
       O -7.60953e+01 -5.93917e+00  5.35650e+01             
       H -7.53689e+01 -5.32079e+00  5.31375e+01             
       H -7.56406e+01 -6.85889e+00  5.36108e+01             
       O -6.32220e+01 -2.01739e+01  5.95528e+01             
       H -6.27986e+01 -1.96348e+01  6.02660e+01             
       H -6.24091e+01 -2.05050e+01  5.90781e+01             
       O -7.25656e+01 -2.73056e+01  6.73846e+01             
       H -7.24419e+01 -2.71270e+01  6.83932e+01             
       H -7.17264e+01 -2.73545e+01  6.69411e+01             
       O -8.86921e+01 -2.29128e+01  5.00153e+01             
       H -8.79502e+01 -2.24603e+01  5.05337e+01             
       H -8.82978e+01 -2.36900e+01  4.94577e+01             
       O -7.03925e+01 -5.58857e+00  6.67916e+01             
       H -6.97452e+01 -4.82833e+00  6.70512e+01             
       H -6.96605e+01 -6.27864e+00  6.66424e+01             
       O -7.40424e+01 -1.64434e+01  5.30624e+01             
       H -7.39236e+01 -1.59363e+01  5.38810e+01             
       H -7.31820e+01 -1.69337e+01  4.03365e+01             
       O -6.75529e+01 -1.48498e+01  3.48517e+01             
       H -6.68365e+01 -1.55974e+01  3.50018e+01             
       H -7.94458e+01 -1.40218e+01  3.49134e+01             
       O -5.80598e+01 -1.70502e+01  3.76323e+01             
       H -5.74136e+01 -1.76804e+01  3.73316e+01             
       H -5.75430e+01 -1.62300e+01  3.74918e+01             
       O -7.02568e+01 -2.71302e+01  4.10962e+01             
       H -6.96080e+01 -2.63550e+01  4.11876e+01             
       H -6.95983e+01 -2.78415e+01  5.33298e+01             
       O -6.62203e+01 -1.84649e+01  4.03637e+01             
       H -7.45561e+01 -1.57469e+01  5.14887e+01             
       H -6.54120e+01 -1.84654e+01  4.08733e+01             
       O -6.91511e+01 -2.70957e+01  6.21058e+01             
       H -6.84982e+01 -2.74287e+01  6.28141e+01             
       H -6.86951e+01 -2.72438e+01  6.12769e+01             
       O -5.70710e+01 -1.50936e+01  4.55745e+01             
       H -5.65828e+01 -1.53806e+01  4.47445e+01             
       H -5.63247e+01 -1.51146e+01  4.62620e+01             
       O -6.35579e+01 -2.82745e+01  5.82549e+01             
       H -6.32979e+01 -2.89332e+01  5.76021e+01             
       H -6.27666e+01 -2.80586e+01  5.88190e+01             
       O -6.80796e+01 -1.13433e+01  6.16582e+01             
       H -6.77461e+01 -1.11538e+01  6.08067e+01             
       H -6.72861e+01 -1.14514e+01  6.22361e+01             
       O -5.93273e+01  7.11959e+00  7.70648e+01             
       H -5.87692e+01  7.02663e+00  7.78901e+01             
       H -5.87704e+01  7.41438e+00  7.63000e+01             
       O -6.75040e+01 -2.82133e+01  6.42343e+01             
       H -7.11018e+01 -2.32955e+01  4.25769e+01             
       H -6.70016e+01 -2.90590e+01  6.43764e+01             
       O -7.40374e+01 -1.48648e+01  6.05748e+01             
       H -6.61376e+01 -1.89600e+01  3.95297e+01             
       H -7.33914e+01 -1.41397e+01  6.03475e+01             
       O -6.34177e+01 -1.24569e+01  4.82596e+01             
       H -7.14773e+01 -7.85817e+00  5.03682e+01             
       H -6.27942e+01 -1.18922e+01  4.76734e+01             
       O -6.56423e+01 -2.90238e+01  5.99947e+01             
       H -7.75720e+01 -2.95464e+01  7.31170e+01             
       H -5.70226e+01 -9.09371e+00  6.36520e+01             
       O -1.02301e+02 -1.43678e+01  6.46382e+01             
       H -1.01797e+02 -1.36729e+01  6.50890e+01             
       H -1.01575e+02 -1.48063e+01  6.41761e+01             
       O -7.25201e+01 -3.06801e+01  5.61674e+01             
       H -7.19867e+01 -3.07340e+01  5.69957e+01             
       H -6.53410e+01 -1.85113e+01  6.24115e+01             
       O -7.51890e+01 -1.55080e+01  5.06929e+01             
       H -7.45745e+01 -1.51112e+01  4.99846e+01             
       H -8.37436e+01 -2.59405e+01  2.71628e+01             
       O -7.92889e+01 -2.31367e+01  4.70297e+01             
       H -7.87528e+01 -2.25305e+01  4.76403e+01             
       H -7.86141e+01 -2.39367e+01  4.68566e+01             
       O -6.31852e+01 -2.48290e+01  4.02752e+01             
       H -6.23317e+01 -2.48087e+01  4.08472e+01             
       H -6.28839e+01 -2.42977e+01  3.94878e+01             
       O -5.39946e+01 -2.68648e+01  5.47111e+01             
       H -5.35218e+01 -1.44959e+01  5.38912e+01             
       H -5.33489e+01 -2.66876e+01  5.54884e+01             
       O -7.00487e+01 -1.18389e+01  5.60217e+01             
       H -5.70071e+01 -1.24258e+01  5.54194e+01             
       H -6.93578e+01 -1.13035e+01  5.65140e+01             
       O -6.48560e+01 -1.56508e+00  5.65770e+01             
       H -6.99817e+01 -3.44128e+01  4.58367e+01             
       H -7.28811e+01  1.38902e+00  4.96834e+01             
       O -7.51682e+01 -2.08692e+01  5.41069e+01             
       H -7.48383e+01 -2.11504e+01  5.32318e+01             
       H -7.43997e+01 -2.10409e+01  5.47324e+01             
       O -7.31310e+01 -8.48603e+00  4.34334e+01             
       H -7.27631e+01 -2.00140e+01  4.34554e+01             
       H -7.24195e+01 -9.15452e+00  4.32590e+01             
       O -8.09537e+01 -2.23661e+01  5.73969e+01             
       H -8.04801e+01 -2.17021e+01  5.68134e+01             
       H -8.02522e+01 -2.26828e+01  5.80681e+01             
       O -6.86641e+01 -1.86665e+01  6.17524e+01             
       H -6.87062e+01 -1.95819e+01  6.20648e+01             
       H -6.76682e+01 -1.83837e+01  6.18967e+01             
       O -8.39931e+01 -2.60385e+01  4.50455e+01             
       H -8.34587e+01 -2.54738e+01  5.67993e+01             
       H -7.72918e+01 -4.10703e+01  4.70412e+01             
       O -6.50274e+01 -2.25771e+01  6.71343e+01             
       H -6.45640e+01 -2.33519e+01  6.73537e+01             
       H -6.42939e+01 -2.19534e+01  6.68986e+01             
       O -6.96244e+01 -2.18338e+01  5.32678e+01             
       H -6.92603e+01 -2.10018e+01  5.36204e+01             
       H -6.87343e+01 -2.23427e+01  5.31478e+01             
       O -8.67018e+01 -1.87636e+01  6.13974e+01             
       H -8.59787e+01 -1.81996e+01  6.11412e+01             
       H -8.62917e+01 -1.94008e+01  6.20661e+01             
       O -6.72084e+01 -2.29954e+01  5.29650e+01             
       H -6.64785e+01 -2.28490e+01  5.35529e+01             
       H -6.67963e+01 -2.33099e+01  5.21306e+01             
       O -8.07437e+01 -1.61564e+01  3.07842e+01             
       H -8.00830e+01 -1.55754e+01  3.03021e+01             
       H -8.02824e+01 -1.68661e+01  3.12745e+01             
       O -7.15364e+01 -2.56344e+01  2.62740e+01             
       H -5.17188e+01 -1.32774e+01  4.40346e+01             
       H -7.09151e+01 -2.60909e+01  2.56772e+01             
       O -7.71983e+01 -1.94601e+01  5.74421e+01             
       H -7.66546e+01 -1.96709e+01  5.82186e+01             
       H -7.65577e+01 -1.90141e+01  5.68426e+01             
       O -7.64943e+01 -1.76204e+01  7.43089e+01             
       H -7.55998e+01 -1.80280e+01  7.40329e+01             
       H -7.61524e+01 -1.68147e+01  7.48089e+01             
