192                                                         
# CELL(abcABC):   12.41850    12.41850    12.41850    90.00000    90.00000    90.00000  Step:           0  Bead:       0 x_centroid{angstrom}  cell{angstrom}   
       O -7.64684e+01 -9.77599e+00  7.02812e+01             
       H -7.65891e+01 -1.01585e+01  6.93794e+01             
       H -7.54291e+01 -9.97844e+00  7.03816e+01             
       O -6.25855e+01 -6.63126e+00  5.57505e+01             
       H -6.45784e+01 -1.69726e+01  5.29174e+01             
       H -6.21259e+01 -5.98256e+00  5.63593e+01             
       O -6.74673e+01 -2.73568e+01  5.05868e+01             
       H -6.74423e+01 -1.47382e+01  5.15822e+01             
       H -6.65552e+01 -2.73432e+01  5.02341e+01             
       O -6.02877e+01 -2.02169e+01  5.52907e+01             
       H -5.95500e+01 -2.04168e+01  5.58805e+01             
       H -5.98029e+01 -1.94911e+01  5.46847e+01             
       O -5.33306e+01 -2.03176e+01  4.88815e+01             
       H -5.26684e+01 -1.96181e+01  4.88631e+01             
       H -5.28233e+01 -2.11598e+01  4.89726e+01             
       O -5.72878e+01 -1.86483e+01  6.33031e+01             
       H -5.66070e+01 -1.93093e+01  6.30084e+01             
       H -5.68357e+01 -1.79424e+01  6.38343e+01             
       O -6.30347e+01 -1.95376e+01  3.65431e+01             
       H -6.23883e+01 -1.92280e+01  3.58692e+01             
       H -5.24612e+01  1.04361e+00  5.17418e+01             
       O -4.69722e+01 -1.79679e+01  6.64866e+01             
       H -4.63735e+01 -1.75115e+01  6.71404e+01             
       H -4.65782e+01 -3.02760e+01  6.56219e+01             
       O -7.03039e+01 -8.59847e+00  4.15300e+01             
       H -6.98972e+01 -8.30233e+00  4.23545e+01             
       H -6.95527e+01 -8.99312e+00  4.11109e+01             
       O -6.70992e+01 -2.36915e+01  4.91776e+01             
       H -6.65331e+01 -2.40905e+01  4.84805e+01             
       H -6.64893e+01 -2.36368e+01  4.99337e+01             
       O -6.86766e+01 -6.39367e+00  5.74378e+01             
       H -6.81850e+01 -6.80626e+00  5.82405e+01             
       H -6.79018e+01 -6.21353e+00  5.67629e+01             
       O -6.53117e+01 -1.16517e+01  4.70649e+01             
       H -6.47947e+01 -1.09986e+01  4.65710e+01             
       H -5.52503e+01 -1.00216e+01  4.43583e+01             
       O -6.15587e+01 -3.14658e+01  3.99657e+01             
       H -6.14478e+01 -3.05838e+01  4.03258e+01             
       H -5.76933e+01 -2.76102e+01  5.98180e+01             
       O -7.14820e+01 -1.70311e+01  4.92151e+01             
       H -7.07433e+01 -1.74013e+01  4.97062e+01             
       H -7.12375e+01 -1.61148e+01  4.89799e+01             
       O -5.74913e+01 -2.41001e+01  5.85235e+01             
       H -5.70679e+01 -2.34617e+01  5.79315e+01             
       H -5.67640e+01 -2.47149e+01  5.87160e+01             
       O -6.45601e+01 -7.01279e+00  5.78169e+01             
       H -6.39077e+01 -6.73034e+00  5.71643e+01             
       H -6.42744e+01 -7.96466e+00  5.79805e+01             
       O -6.36342e+01 -8.15721e+00  3.99839e+01             
       H -6.27810e+01 -1.99532e+01  4.00716e+01             
       H -6.32376e+01 -8.96708e+00  4.03152e+01             
       O -6.41577e+01 -2.36336e+01  4.25305e+01             
       H -6.33460e+01 -2.32581e+01  4.21814e+01             
       H -6.39162e+01 -2.44964e+01  4.28154e+01             
       O -7.01702e+01 -1.19616e+01  5.14999e+01             
       H -6.96983e+01 -1.24455e+01  5.07512e+01             
       H -7.06973e+01 -1.12007e+01  5.11248e+01             
       O -6.44455e+01  8.02724e+00  4.60747e+01             
       H -4.81381e+01 -1.63538e+01  5.02451e+01             
       H -6.35519e+01  8.42894e+00  4.60069e+01             
       O -5.82993e+01 -1.74181e+01  5.65467e+01             
       H -6.12191e+01 -2.17692e+01  5.41821e+01             
       H -6.99363e+01 -1.79443e+01  5.68912e+01             
       O -5.75865e+01 -2.82081e+01  5.37486e+01             
       H -5.67074e+01 -2.85482e+01  5.33828e+01             
       H -5.72110e+01 -2.76759e+01  5.44682e+01             
       O -6.49770e+01 -2.03170e+01  5.47079e+01             
       H -6.41992e+01 -1.99876e+01  5.51849e+01             
       H -6.45985e+01 -2.02891e+01  5.37452e+01             
       O -6.35431e+01 -4.17111e+01  5.46192e+01             
       H -6.32748e+01 -4.25710e+01  5.50434e+01             
       H -6.27653e+01 -4.11774e+01  6.69752e+01             
       O -6.48840e+01 -2.33793e+00  4.95356e+01             
       H -6.43844e+01 -1.52761e+00  4.92170e+01             
       H -6.42643e+01 -3.07965e+00  4.95704e+01             
       O -5.46985e+01 -1.84777e+01  5.53608e+01             
       H -5.41486e+01 -1.76593e+01  5.55497e+01             
       H -5.39841e+01 -1.90090e+01  5.49964e+01             
       O -6.38638e+01 -2.53454e+01  6.44741e+01             
       H -6.33045e+01 -2.58773e+01  6.51279e+01             
       H -6.34867e+01 -2.54453e+01  6.35987e+01             
       O -7.93302e+01 -2.00990e+01  4.64846e+01             
       H -7.88573e+01 -2.03580e+01  4.73308e+01             
       H -7.85176e+01 -1.97521e+01  4.60638e+01             
       O -6.09720e+01 -2.00656e+00  6.04261e+01             
       H -6.10940e+01 -2.46181e+00  6.12669e+01             
       H -5.99947e+01 -1.90351e+00  6.01878e+01             
       O -6.28867e+01 -1.26717e+01  4.88981e+01             
       H -6.20933e+01 -1.30142e+01  4.84710e+01             
       H -6.27673e+01 -1.16968e+01  3.65474e+01             
       O -5.90506e+01 -1.10162e+01  2.98128e+01             
       H -5.85503e+01 -1.17620e+01  2.94066e+01             
       H -7.10329e+01 -1.01092e+01  2.95288e+01             
       O -4.97478e+01 -1.35066e+01  3.16801e+01             
       H -4.99313e+01 -1.42437e+01  3.23071e+01             
       H -4.89362e+01 -1.30788e+01  3.19336e+01             
       O -6.22917e+01 -2.26926e+01  3.77389e+01             
       H -6.21752e+01 -2.29655e+01  3.86892e+01             
       H -6.13868e+01 -2.24892e+01  4.99185e+01             
       O -5.66582e+01 -1.64664e+01  3.46662e+01             
       H -6.59164e+01 -9.13081e+00  4.30189e+01             
       H -5.67643e+01 -1.70787e+01  3.39475e+01             
       O -5.98979e+01 -2.45485e+01  5.71983e+01             
       H -5.90656e+01 -2.46734e+01  5.77434e+01             
       H -5.96090e+01 -2.40566e+01  5.63738e+01             
       O -4.95285e+01 -1.46149e+01  4.14598e+01             
       H -4.86884e+01 -1.45959e+01  4.09761e+01             
       H -4.93622e+01 -1.42308e+01  4.23534e+01             
       O -5.42176e+01 -2.65106e+01  5.31139e+01             
       H -5.34668e+01 -2.61967e+01  5.25289e+01             
       H -5.39495e+01 -2.74158e+01  5.33146e+01             
       O -5.93298e+01 -8.43384e+00  5.92765e+01             
       H -5.88906e+01 -8.31902e+00  5.84539e+01             
       H -5.86960e+01 -8.76510e+00  5.99539e+01             
       O -4.98648e+01  9.30552e+00  7.09242e+01             
       H -4.92130e+01  8.68310e+00  7.05350e+01             
       H -4.94125e+01  9.75626e+00  7.16810e+01             
       O -5.83197e+01 -2.69667e+01  6.02020e+01             
       H -6.26362e+01 -2.02681e+01  3.70110e+01             
       H -5.77169e+01 -2.64411e+01  6.08040e+01             
       O -6.53406e+01 -1.69941e+01  5.23005e+01             
       H -5.57345e+01 -1.62249e+01  3.46933e+01             
       H -6.49756e+01 -1.69142e+01  5.13822e+01             
       O -5.59460e+01 -9.78367e+00  4.49970e+01             
       H -6.43355e+01 -5.35549e+00  4.62899e+01             
       H -5.54474e+01 -9.28365e+00  4.56540e+01             
       O -5.69441e+01 -2.53235e+01  5.40311e+01             
       H -6.85868e+01 -2.56509e+01  6.69179e+01             
       H -4.92978e+01 -7.13135e+00  5.55208e+01             
       O -9.25341e+01 -1.31701e+01  5.90293e+01             
       H -9.18314e+01 -1.25591e+01  5.86630e+01             
       H -9.20462e+01 -1.40030e+01  5.91920e+01             
       O -6.11339e+01 -2.80478e+01  5.05557e+01             
       H -6.05294e+01 -2.76402e+01  5.12116e+01             
       H -5.80969e+01 -1.64729e+01  5.66063e+01             
       O -6.65099e+01 -9.90240e+00  4.31740e+01             
       H -6.58722e+01 -1.06242e+01  4.29127e+01             
       H -7.32678e+01 -2.24157e+01  2.15684e+01             
       O -7.03946e+01 -2.06128e+01  4.43036e+01             
       H -6.97401e+01 -1.98937e+01  4.44999e+01             
       H -6.98354e+01 -2.13645e+01  4.45017e+01             
       O -5.61089e+01 -2.22258e+01  3.99143e+01             
       H -5.64777e+01 -2.30505e+01  3.97273e+01             
       H -5.53099e+01 -2.23850e+01  4.04082e+01             
       O -4.41337e+01 -2.56960e+01  4.94808e+01             
       H -4.35895e+01 -1.40063e+01  4.98891e+01             
       H -4.35573e+01 -2.49094e+01  4.93796e+01             
       O -5.94758e+01 -1.00238e+01  5.02161e+01             
       H -4.64688e+01 -9.89687e+00  4.94729e+01             
       H -5.95209e+01 -9.22543e+00  5.07524e+01             
       O -5.30275e+01  1.66580e+00  5.12637e+01             
       H -6.05927e+01 -3.18718e+01  3.97695e+01             
       H -6.46841e+01  1.28851e-02  4.71706e+01             
       O -6.64559e+01 -1.55794e+01  4.73039e+01             
       H -6.57607e+01 -1.60932e+01  4.67438e+01             
       H -6.60297e+01 -1.54031e+01  4.81521e+01             
       O -6.35107e+01 -4.62077e+00  3.77886e+01             
       H -6.26873e+01 -1.69651e+01  3.82923e+01             
       H -6.34915e+01 -5.47352e+00  3.72845e+01             
       O -7.17881e+01 -1.99889e+01  5.19462e+01             
       H -7.10913e+01 -1.95078e+01  5.13967e+01             
       H -7.13047e+01 -2.02585e+01  5.27901e+01             
       O -6.10518e+01 -1.76398e+01  5.73456e+01             
       H -6.01882e+01 -1.76195e+01  5.68863e+01             
       H -6.09103e+01 -1.82721e+01  5.79974e+01             
       O -7.39967e+01 -2.25965e+01  4.13206e+01             
       H -7.32218e+01 -2.31863e+01  5.39500e+01             
       H -6.92987e+01 -3.81330e+01  4.06966e+01             
       O -5.58720e+01 -2.06741e+01  6.26745e+01             
       H -5.58016e+01 -2.12861e+01  6.34288e+01             
       H -5.50457e+01 -2.07050e+01  6.21858e+01             
       O -6.08336e+01 -1.88067e+01  4.74149e+01             
       H -6.02516e+01 -1.80868e+01  4.76850e+01             
       H -6.02356e+01 -1.95770e+01  4.74922e+01             
       O -7.81745e+01 -1.64250e+01  5.59410e+01             
       H -7.74061e+01 -1.65613e+01  5.53058e+01             
       H -7.79007e+01 -1.66607e+01  5.68352e+01             
       O -5.75536e+01 -2.21907e+01  4.83370e+01             
       H -5.66809e+01 -2.19773e+01  4.87092e+01             
       H -5.73787e+01 -2.29155e+01  4.77466e+01             
       O -7.18713e+01 -1.46743e+01  2.74927e+01             
       H -7.14872e+01 -1.37989e+01  2.73184e+01             
       H -7.11692e+01 -1.51312e+01  2.79591e+01             
       O -6.15664e+01 -2.29516e+01  2.12337e+01             
       H -3.99816e+01 -1.00013e+01  3.87509e+01             
       H -6.10343e+01 -2.37006e+01  2.07725e+01             
       O -6.79647e+01 -1.72543e+01  5.28480e+01             
       H -6.78574e+01 -1.77454e+01  5.36869e+01             
       H -6.70407e+01 -1.72074e+01  5.24662e+01             
       O -6.81039e+01 -1.49694e+01  6.85477e+01             
       H -6.72404e+01 -1.54055e+01  6.84052e+01             
       H -6.81318e+01 -1.45471e+01  6.94017e+01             
192                                                         
# CELL(abcABC):   12.41850    12.41850    12.41850    90.00000    90.00000    90.00000  Step:      200000  Bead:       0 x_centroid{angstrom}  cell{angstrom}   
       O -8.56608e+01 -1.27271e+01  7.47523e+01             
       H -8.49279e+01 -1.24021e+01  7.41794e+01             
       H -8.52645e+01 -1.33518e+01  7.54083e+01             
       O -7.41827e+01 -8.75019e+00  6.21378e+01             
       H -7.50696e+01 -1.94371e+01  5.78319e+01             
       H -7.35504e+01 -8.56774e+00  6.28453e+01             
       O -7.55673e+01 -2.86533e+01  5.57886e+01             
       H -7.48968e+01 -1.62219e+01  5.65958e+01             
       H -7.50702e+01 -2.92032e+01  5.51306e+01             
       O -6.98777e+01 -2.27344e+01  6.17700e+01             
       H -6.89884e+01 -2.28873e+01  6.14439e+01             
       H -6.98666e+01 -2.17596e+01  6.17961e+01             
       O -6.35463e+01 -2.22685e+01  5.23908e+01             
       H -6.26305e+01 -2.23787e+01  5.28459e+01             
       H -6.33258e+01 -2.25955e+01  5.15041e+01             
       O -6.70319e+01 -2.20935e+01  6.84377e+01             
       H -6.64234e+01 -2.23169e+01  6.77324e+01             
       H -6.63707e+01 -2.19850e+01  6.91470e+01             
       O -7.35951e+01 -2.26013e+01  4.11867e+01             
       H -7.27855e+01 -2.23437e+01  4.08233e+01             
       H -6.07431e+01 -2.91882e-01  5.63542e+01             
       O -6.00598e+01 -2.06572e+01  7.27715e+01             
       H -5.92994e+01 -2.03461e+01  7.33328e+01             
       H -5.95967e+01 -3.34545e+01  7.19403e+01             
       O -8.04538e+01 -1.21827e+01  4.65443e+01             
       H -8.00804e+01 -1.16647e+01  4.73182e+01             
       H -7.97188e+01 -1.26683e+01  4.61370e+01             
       O -7.57058e+01 -2.47005e+01  5.53570e+01             
       H -7.51724e+01 -2.49493e+01  5.45565e+01             
       H -7.52271e+01 -2.47884e+01  5.62301e+01             
       O -7.84316e+01 -8.47394e+00  6.02361e+01             
       H -7.77853e+01 -7.90436e+00  6.07586e+01             
       H -7.78728e+01 -8.78228e+00  5.95391e+01             
       O -7.43243e+01 -1.38838e+01  5.30200e+01             
       H -7.34395e+01 -1.37077e+01  5.25801e+01             
       H -6.56037e+01 -1.33678e+01  4.91765e+01             
       O -7.14564e+01 -3.39315e+01  4.56330e+01             
       H -7.07001e+01 -3.45009e+01  4.55696e+01             
       H -6.76156e+01 -2.93571e+01  6.61478e+01             
       O -8.11808e+01 -2.06162e+01  5.46704e+01             
       H -8.03941e+01 -2.10022e+01  5.52302e+01             
       H -8.07353e+01 -1.98197e+01  5.43154e+01             
       O -6.66784e+01 -2.64072e+01  6.57960e+01             
       H -6.62353e+01 -2.66601e+01  6.66244e+01             
       H -6.58509e+01 -2.65163e+01  6.51864e+01             
       O -7.55382e+01 -1.11732e+01  6.21881e+01             
       H -7.50624e+01 -1.03048e+01  6.21211e+01             
       H -7.47481e+01 -1.17603e+01  6.22812e+01             
       O -7.33187e+01 -1.10405e+01  4.61835e+01             
       H -7.29012e+01 -2.26278e+01  4.58194e+01             
       H -7.25764e+01 -1.13411e+01  4.68528e+01             
       O -7.48276e+01 -2.74290e+01  4.88350e+01             
       H -7.41359e+01 -2.81424e+01  4.86011e+01             
       H -7.44008e+01 -2.66746e+01  4.92799e+01             
       O -8.20718e+01 -1.71722e+01  5.73352e+01             
       H -8.09990e+01 -1.71867e+01  5.75181e+01             
       H -8.20940e+01 -1.65014e+01  5.66297e+01             
       O -7.75642e+01  5.18930e+00  5.22985e+01             
       H -5.76092e+01 -1.98383e+01  5.58995e+01             
       H -7.68070e+01  5.83612e+00  5.21381e+01             
       O -6.84009e+01 -1.95230e+01  5.92839e+01             
       H -7.09752e+01 -2.36499e+01  6.08432e+01             
       H -8.00802e+01 -2.01823e+01  5.95179e+01             
       O -6.71156e+01 -2.93327e+01  5.78572e+01             
       H -6.63911e+01 -2.97462e+01  5.73336e+01             
       H -6.69492e+01 -2.83799e+01  5.80490e+01             
       O -7.58678e+01 -2.39063e+01  5.96197e+01             
       H -7.58306e+01 -2.38163e+01  6.06037e+01             
       H -7.49624e+01 -2.36619e+01  5.92911e+01             
       O -7.44263e+01 -4.34630e+01  5.96253e+01             
       H -7.37937e+01 -4.42713e+01  5.97835e+01             
       H -7.39033e+01 -4.26402e+01  7.23939e+01             
       O -7.39772e+01 -5.36793e+00  5.41101e+01             
       H -7.34177e+01 -4.55472e+00  5.39368e+01             
       H -7.35005e+01 -6.16666e+00  5.44572e+01             
       O -6.48804e+01 -2.17137e+01  5.79812e+01             
       H -6.41054e+01 -2.10838e+01  5.77893e+01             
       H -6.43266e+01 -2.25225e+01  5.82146e+01             
       O -6.99684e+01 -2.78337e+01  6.76809e+01             
       H -6.93065e+01 -2.81538e+01  6.69859e+01             
       H -6.98743e+01 -2.69440e+01  6.77967e+01             
       O -8.92515e+01 -2.66117e+01  5.20070e+01             
       H -8.92208e+01 -2.74315e+01  5.14867e+01             
       H -8.83168e+01 -2.63999e+01  5.23341e+01             
       O -7.26107e+01 -7.31596e+00  6.39878e+01             
       H -7.19900e+01 -7.87755e+00  6.45257e+01             
       H -7.19292e+01 -6.65409e+00  6.36603e+01             
       O -7.24444e+01 -1.56415e+01  5.50247e+01             
       H -7.14682e+01 -1.54173e+01  5.50969e+01             
       H -7.28676e+01 -1.56807e+01  4.34638e+01             
       O -6.96859e+01 -1.39499e+01  3.54705e+01             
       H -6.90639e+01 -1.42912e+01  3.62311e+01             
       H -8.15768e+01 -1.34529e+01  3.48265e+01             
       O -5.87649e+01 -1.77716e+01  3.79924e+01             
       H -5.81242e+01 -1.82909e+01  3.74775e+01             
       H -5.83471e+01 -1.69724e+01  3.84260e+01             
       O -7.21796e+01 -2.48908e+01  4.24246e+01             
       H -7.12307e+01 -2.47082e+01  4.26750e+01             
       H -7.22860e+01 -2.57022e+01  5.43367e+01             
       O -6.73972e+01 -1.92188e+01  3.79503e+01             
       H -7.65041e+01 -1.29323e+01  4.74923e+01             
       H -6.69624e+01 -1.84549e+01  3.74655e+01             
       O -6.99386e+01 -2.81081e+01  6.40210e+01             
       H -6.94105e+01 -2.83747e+01  6.48622e+01             
       H -6.92389e+01 -2.78207e+01  6.33797e+01             
       O -6.05941e+01 -1.67596e+01  4.85580e+01             
       H -5.98849e+01 -1.62758e+01  4.80489e+01             
       H -6.01281e+01 -1.71220e+01  4.93689e+01             
       O -6.13742e+01 -2.79952e+01  5.75576e+01             
       H -6.12805e+01 -2.69876e+01  5.74714e+01             
       H -6.06632e+01 -2.83036e+01  5.82376e+01             
       O -6.99155e+01 -1.10698e+01  6.43450e+01             
       H -6.96377e+01 -1.08151e+01  6.34584e+01             
       H -6.91560e+01 -1.14083e+01  6.48919e+01             
       O -6.27908e+01  6.35697e+00  7.64500e+01             
       H -6.21511e+01  5.95822e+00  7.58483e+01             
       H -6.23196e+01  6.44185e+00  7.73572e+01             
       O -6.81419e+01 -2.86393e+01  6.58045e+01             
       H -7.32583e+01 -2.33281e+01  4.17789e+01             
       H -6.74708e+01 -2.79166e+01  6.57554e+01             
       O -7.54979e+01 -1.99581e+01  5.71502e+01             
       H -6.66804e+01 -1.94650e+01  3.85379e+01             
       H -7.48907e+01 -2.00528e+01  5.63456e+01             
       O -6.60981e+01 -1.29671e+01  4.98915e+01             
       H -7.71364e+01 -8.08142e+00  5.22124e+01             
       H -6.55018e+01 -1.30972e+01  5.07306e+01             
       O -6.80704e+01 -2.73032e+01  6.23113e+01             
       H -7.98371e+01 -2.79214e+01  7.43225e+01             
       H -6.12184e+01 -8.66792e+00  6.13270e+01             
       O -1.01322e+02 -1.65482e+01  6.28342e+01             
       H -1.00658e+02 -1.59078e+01  6.25031e+01             
       H -1.00754e+02 -1.71814e+01  6.33054e+01             
       O -7.07380e+01 -3.18103e+01  5.64962e+01             
       H -7.03704e+01 -3.09283e+01  5.67866e+01             
       H -6.78335e+01 -1.87148e+01  5.90188e+01             
       O -7.70822e+01 -1.37834e+01  4.75687e+01             
       H -7.63737e+01 -1.44283e+01  4.76200e+01             
       H -8.38631e+01 -2.53720e+01  2.70170e+01             
       O -7.97278e+01 -2.30991e+01  4.86399e+01             
       H -7.91604e+01 -2.23059e+01  4.84277e+01             
       H -7.92255e+01 -2.36599e+01  4.92378e+01             
       O -6.63987e+01 -2.65904e+01  4.57761e+01             
       H -6.60680e+01 -2.64658e+01  4.48905e+01             
       H -6.56858e+01 -2.65039e+01  4.64146e+01             
       O -5.28302e+01 -2.66530e+01  5.57472e+01             
       H -5.22148e+01 -1.49478e+01  5.57537e+01             
       H -5.22283e+01 -2.58689e+01  5.55180e+01             
       O -6.97864e+01 -1.25218e+01  5.54994e+01             
       H -5.66055e+01 -1.22569e+01  5.49327e+01             
       H -6.96215e+01 -1.21669e+01  5.64004e+01             
       O -6.12942e+01 -6.60707e-01  5.70873e+01             
       H -7.11224e+01 -3.31880e+01  4.51121e+01             
       H -7.41751e+01 -2.24539e+00  5.36141e+01             
       O -7.92688e+01 -1.84408e+01  5.39809e+01             
       H -7.87830e+01 -1.90004e+01  5.33155e+01             
       H -7.85090e+01 -1.82569e+01  5.46416e+01             
       O -7.33725e+01 -7.56060e+00  4.29955e+01             
       H -7.24630e+01 -1.98574e+01  4.34938e+01             
       H -7.33524e+01 -8.37123e+00  4.24109e+01             
       O -8.19198e+01 -2.31211e+01  5.74854e+01             
       H -8.12547e+01 -2.28126e+01  5.68291e+01             
       H -8.13567e+01 -2.35954e+01  5.81657e+01             
       O -6.96834e+01 -1.96997e+01  6.16227e+01             
       H -6.93313e+01 -1.96938e+01  6.06809e+01             
       H -6.87895e+01 -1.96677e+01  6.21915e+01             
       O -8.39637e+01 -2.43441e+01  4.81024e+01             
       H -8.33694e+01 -2.50666e+01  6.02200e+01             
       H -7.98407e+01 -3.90017e+01  5.01343e+01             
       O -6.54738e+01 -2.30109e+01  6.62856e+01             
       H -6.48959e+01 -2.32850e+01  6.70325e+01             
       H -6.48106e+01 -2.26744e+01  6.56635e+01             
       O -7.10815e+01 -2.15850e+01  5.32462e+01             
       H -7.03195e+01 -2.12770e+01  5.37834e+01             
       H -7.06710e+01 -2.23350e+01  5.26564e+01             
       O -8.88453e+01 -1.94838e+01  6.13974e+01             
       H -8.82015e+01 -1.90919e+01  6.07570e+01             
       H -8.83437e+01 -2.02615e+01  6.17552e+01             
       O -6.80182e+01 -2.42353e+01  5.37622e+01             
       H -6.72504e+01 -2.36375e+01  5.37975e+01             
       H -6.74713e+01 -2.50762e+01  5.35428e+01             
       O -8.36350e+01 -1.58060e+01  3.43527e+01             
       H -8.29704e+01 -1.51310e+01  3.47049e+01             
       H -8.30671e+01 -1.64492e+01  3.39015e+01             
       O -7.18135e+01 -2.62554e+01  2.70457e+01             
       H -4.87383e+01 -1.23018e+01  4.53052e+01             
       H -7.10148e+01 -2.68970e+01  2.68699e+01             
       O -7.75407e+01 -1.80472e+01  5.63015e+01             
       H -7.70086e+01 -1.88850e+01  5.63397e+01             
       H -7.67366e+01 -1.73908e+01  5.62988e+01             
       O -7.86656e+01 -1.68801e+01  7.38890e+01             
       H -7.83737e+01 -1.72521e+01  7.30164e+01             
       H -7.77947e+01 -1.67576e+01  7.44439e+01             
