192                                                         
# CELL(abcABC):   12.41850    12.41850    12.41850    90.00000    90.00000    90.00000  Step:           0  Bead:       0 x_centroid{angstrom}  cell{angstrom}   
       O -7.67528e+01 -1.02650e+01  7.06164e+01             
       H -7.67431e+01 -1.04864e+01  6.97227e+01             
       H -7.58349e+01 -1.05369e+01  7.09469e+01             
       O -6.25591e+01 -6.21672e+00  5.57253e+01             
       H -6.50713e+01 -1.77277e+01  5.27408e+01             
       H -6.18369e+01 -5.71489e+00  5.61980e+01             
       O -6.81642e+01 -2.78951e+01  5.13477e+01             
       H -6.78988e+01 -1.48995e+01  5.21159e+01             
       H -6.73380e+01 -2.81349e+01  5.08988e+01             
       O -6.01399e+01 -2.06674e+01  5.58983e+01             
       H -5.93639e+01 -2.09876e+01  5.63235e+01             
       H -5.98266e+01 -2.01637e+01  5.51400e+01             
       O -5.29016e+01 -2.02569e+01  4.79025e+01             
       H -5.21185e+01 -1.97174e+01  4.81599e+01             
       H -5.25804e+01 -2.11832e+01  4.77697e+01             
       O -5.73330e+01 -1.88934e+01  6.31337e+01             
       H -5.64732e+01 -1.91922e+01  6.27486e+01             
       H -5.70485e+01 -1.83286e+01  6.38788e+01             
       O -6.29526e+01 -1.91331e+01  3.64471e+01             
       H -6.21127e+01 -1.90282e+01  3.60156e+01             
       H -5.21366e+01  2.57447e+00  5.11142e+01             
       O -4.70558e+01 -1.87824e+01  6.62302e+01             
       H -4.61557e+01 -1.85420e+01  6.65421e+01             
       H -4.68841e+01 -3.16675e+01  6.54551e+01             
       O -6.96339e+01 -8.87470e+00  4.13607e+01             
       H -6.92470e+01 -8.49456e+00  4.21294e+01             
       H -6.88484e+01 -9.00728e+00  4.07536e+01             
       O -6.78553e+01 -2.38255e+01  4.94103e+01             
       H -6.71076e+01 -2.39016e+01  4.87546e+01             
       H -6.75547e+01 -2.34500e+01  5.02386e+01             
       O -6.90346e+01 -6.12162e+00  5.69933e+01             
       H -6.84161e+01 -6.39558e+00  5.76690e+01             
       H -6.84727e+01 -6.06897e+00  5.62008e+01             
       O -6.56051e+01 -1.17488e+01  4.76798e+01             
       H -6.51798e+01 -1.14069e+01  4.68854e+01             
       H -5.50736e+01 -1.07144e+01  4.47331e+01             
       O -6.16569e+01 -3.16005e+01  3.93209e+01             
       H -6.13514e+01 -3.06906e+01  3.93654e+01             
       H -5.88647e+01 -2.67027e+01  6.04562e+01             
       O -7.14612e+01 -1.74156e+01  4.91276e+01             
       H -7.09022e+01 -1.79179e+01  4.97168e+01             
       H -7.08860e+01 -1.67083e+01  4.88346e+01             
       O -5.81800e+01 -2.48586e+01  5.83599e+01             
       H -5.73666e+01 -2.43401e+01  5.80948e+01             
       H -5.77925e+01 -2.56874e+01  5.86077e+01             
       O -6.43885e+01 -7.12730e+00  5.74541e+01             
       H -6.35514e+01 -6.96697e+00  5.69438e+01             
       H -6.42050e+01 -7.93500e+00  5.79944e+01             
       O -6.33018e+01 -8.28383e+00  4.09997e+01             
       H -6.27305e+01 -2.01299e+01  4.04202e+01             
       H -6.28303e+01 -9.05552e+00  4.12370e+01             
       O -6.39523e+01 -2.38177e+01  4.33018e+01             
       H -6.32152e+01 -2.33193e+01  4.30389e+01             
       H -6.35367e+01 -2.47176e+01  4.33176e+01             
       O -7.15851e+01 -1.19982e+01  5.22095e+01             
       H -7.07121e+01 -1.22516e+01  5.18555e+01             
       H -7.13579e+01 -1.16445e+01  5.30634e+01             
       O -6.52301e+01  8.25507e+00  4.59193e+01             
       H -4.79567e+01 -1.67900e+01  5.01563e+01             
       H -6.43620e+01  8.63642e+00  4.62023e+01             
       O -5.81443e+01 -1.62522e+01  5.73953e+01             
       H -6.10463e+01 -2.17420e+01  5.51051e+01             
       H -7.00150e+01 -1.70984e+01  5.72759e+01             
       O -5.81902e+01 -2.75341e+01  5.42169e+01             
       H -5.76099e+01 -2.83210e+01  5.39356e+01             
       H -5.77917e+01 -2.70839e+01  5.49723e+01             
       O -6.55925e+01 -2.03674e+01  5.50796e+01             
       H -6.52359e+01 -2.03921e+01  5.59950e+01             
       H -6.47829e+01 -2.05449e+01  5.46208e+01             
       O -6.38602e+01 -4.17234e+01  5.42639e+01             
       H -6.33821e+01 -4.24111e+01  5.47835e+01             
       H -6.31699e+01 -4.09933e+01  6.65387e+01             
       O -6.57700e+01 -2.91177e+00  4.98952e+01             
       H -6.53253e+01 -2.01093e+00  4.98501e+01             
       H -6.49908e+01 -3.50117e+00  5.01633e+01             
       O -5.50346e+01 -1.83063e+01  5.48896e+01             
       H -5.45263e+01 -1.75583e+01  5.51185e+01             
       H -5.44896e+01 -1.90575e+01  5.47555e+01             
       O -6.44683e+01 -2.58265e+01  6.49859e+01             
       H -6.37441e+01 -2.62923e+01  6.54455e+01             
       H -6.40846e+01 -2.51476e+01  6.44341e+01             
       O -7.96308e+01 -2.00101e+01  4.59878e+01             
       H -7.92180e+01 -2.00071e+01  4.68495e+01             
       H -7.88177e+01 -1.99156e+01  4.55067e+01             
       O -6.19002e+01 -2.18829e+00  6.11304e+01             
       H -6.15955e+01 -2.81818e+00  6.18421e+01             
       H -6.09979e+01 -1.71514e+00  6.09510e+01             
       O -6.40901e+01 -1.31425e+01  4.92875e+01             
       H -6.32412e+01 -1.37007e+01  4.90697e+01             
       H -6.37082e+01 -1.25467e+01  3.75386e+01             
       O -5.85915e+01 -1.12135e+01  2.99943e+01             
       H -5.77851e+01 -1.16995e+01  2.97938e+01             
       H -7.06162e+01 -1.03359e+01  3.00722e+01             
       O -5.04281e+01 -1.37040e+01  3.17475e+01             
       H -5.05467e+01 -1.42421e+01  3.25382e+01             
       H -4.95644e+01 -1.33466e+01  3.16906e+01             
       O -6.31653e+01 -2.35212e+01  3.86681e+01             
       H -6.29624e+01 -2.33948e+01  3.95732e+01             
       H -6.23480e+01 -2.30575e+01  5.06638e+01             
       O -5.74363e+01 -1.56240e+01  3.52587e+01             
       H -6.64367e+01 -1.00865e+01  4.28021e+01             
       H -5.75422e+01 -1.60587e+01  3.44149e+01             
       O -6.03658e+01 -2.48420e+01  5.67317e+01             
       H -5.97083e+01 -2.49110e+01  5.74147e+01             
       H -5.98484e+01 -2.43955e+01  5.60175e+01             
       O -4.99768e+01 -1.45950e+01  4.15247e+01             
       H -4.91043e+01 -1.44805e+01  4.10510e+01             
       H -4.98310e+01 -1.44187e+01  4.24710e+01             
       O -5.44699e+01 -2.65915e+01  5.31555e+01             
       H -5.37234e+01 -2.61719e+01  5.26490e+01             
       H -5.40175e+01 -2.72756e+01  5.36903e+01             
       O -5.96215e+01 -9.07417e+00  5.91925e+01             
       H -5.89489e+01 -9.07867e+00  5.85096e+01             
       H -5.90771e+01 -9.41236e+00  5.99253e+01             
       O -5.04166e+01  9.54770e+00  7.11695e+01             
       H -4.97700e+01  8.91399e+00  7.08226e+01             
       H -4.99649e+01  9.78803e+00  7.19836e+01             
       O -5.93550e+01 -2.60419e+01  6.09449e+01             
       H -6.26720e+01 -1.95507e+01  3.72955e+01             
       H -5.88615e+01 -2.58762e+01  6.17693e+01             
       O -6.58851e+01 -1.80165e+01  5.23068e+01             
       H -5.64673e+01 -1.57639e+01  3.55083e+01             
       H -6.55620e+01 -1.80625e+01  5.13843e+01             
       O -5.58188e+01 -1.05538e+01  4.53739e+01             
       H -6.51611e+01 -5.08980e+00  4.60321e+01             
       H -5.55007e+01 -9.86113e+00  4.59760e+01             
       O -5.61430e+01 -2.43445e+01  5.39922e+01             
       H -6.83754e+01 -2.52134e+01  6.60015e+01             
       H -4.96483e+01 -6.83033e+00  5.51855e+01             
       O -9.25941e+01 -1.34046e+01  5.86022e+01             
       H -9.18602e+01 -1.28079e+01  5.86970e+01             
       H -9.24074e+01 -1.41112e+01  5.92476e+01             
       O -6.10582e+01 -2.87974e+01  5.06896e+01             
       H -6.05407e+01 -2.83064e+01  5.13477e+01             
       H -5.75688e+01 -1.56277e+01  5.68857e+01             
       O -6.66116e+01 -1.09380e+01  4.32359e+01             
       H -6.57017e+01 -1.13995e+01  4.32325e+01             
       H -7.34493e+01 -2.27232e+01  2.16601e+01             
       O -7.02105e+01 -2.13110e+01  4.46134e+01             
       H -6.97903e+01 -2.04398e+01  4.46407e+01             
       H -6.94746e+01 -2.19970e+01  4.47776e+01             
       O -5.53978e+01 -2.22977e+01  3.95963e+01             
       H -5.53031e+01 -2.31281e+01  4.01301e+01             
       H -5.45096e+01 -2.20281e+01  3.93960e+01             
       O -4.50157e+01 -2.59049e+01  5.04827e+01             
       H -4.43790e+01 -1.41076e+01  5.08395e+01             
       H -4.43686e+01 -2.51964e+01  5.01702e+01             
       O -6.09029e+01 -9.77892e+00  5.02733e+01             
       H -4.78586e+01 -1.03315e+01  4.98565e+01             
       H -6.03211e+01 -9.28517e+00  5.08764e+01             
       O -5.28088e+01  3.11840e+00  5.15083e+01             
       H -6.08616e+01 -3.21077e+01  3.92064e+01             
       H -6.49206e+01  6.38543e-02  4.81264e+01             
       O -6.71881e+01 -1.56848e+01  4.77648e+01             
       H -6.67029e+01 -1.61327e+01  4.70567e+01             
       H -6.65794e+01 -1.57016e+01  4.85481e+01             
       O -6.37469e+01 -4.66740e+00  3.80191e+01             
       H -6.30263e+01 -1.67136e+01  3.85143e+01             
       H -6.34068e+01 -5.16957e+00  3.72818e+01             
       O -7.15046e+01 -2.06969e+01  5.17241e+01             
       H -7.08702e+01 -2.02486e+01  5.11702e+01             
       H -7.09241e+01 -2.10449e+01  5.24016e+01             
       O -6.09058e+01 -1.70869e+01  5.73986e+01             
       H -6.01226e+01 -1.66868e+01  5.70270e+01             
       H -6.04960e+01 -1.78052e+01  5.79369e+01             
       O -7.40088e+01 -2.23625e+01  4.21366e+01             
       H -7.33777e+01 -2.30516e+01  5.43998e+01             
       H -6.79292e+01 -3.67216e+01  4.22827e+01             
       O -5.50027e+01 -2.02187e+01  6.22967e+01             
       H -5.45882e+01 -2.06845e+01  6.30366e+01             
       H -5.41562e+01 -2.01134e+01  6.17815e+01             
       O -6.06712e+01 -1.89725e+01  4.75681e+01             
       H -5.99334e+01 -1.84939e+01  4.79488e+01             
       H -6.02596e+01 -1.97586e+01  4.71298e+01             
       O -7.83779e+01 -1.58317e+01  5.53037e+01             
       H -7.75121e+01 -1.62387e+01  5.48630e+01             
       H -7.81513e+01 -1.59189e+01  5.62234e+01             
       O -5.80424e+01 -2.30012e+01  4.84313e+01             
       H -5.70872e+01 -2.30260e+01  4.85339e+01             
       H -5.83041e+01 -2.37217e+01  4.78490e+01             
       O -7.25783e+01 -1.43905e+01  2.76718e+01             
       H -7.23429e+01 -1.34427e+01  2.75812e+01             
       H -7.18609e+01 -1.46987e+01  2.82649e+01             
       O -6.17956e+01 -2.33020e+01  2.15004e+01             
       H -4.00206e+01 -8.94803e+00  3.99327e+01             
       H -6.14703e+01 -2.38533e+01  2.07301e+01             
       O -6.92514e+01 -1.71218e+01  5.31740e+01             
       H -6.86313e+01 -1.76723e+01  5.36850e+01             
       H -6.86421e+01 -1.66926e+01  5.25408e+01             
       O -6.85800e+01 -1.44035e+01  6.86501e+01             
       H -6.78414e+01 -1.48977e+01  6.82200e+01             
       H -6.81930e+01 -1.41619e+01  6.95173e+01             
192                                                         
# CELL(abcABC):   12.41850    12.41850    12.41850    90.00000    90.00000    90.00000  Step:      200000  Bead:       0 x_centroid{angstrom}  cell{angstrom}   
       O -8.87182e+01 -1.32832e+01  7.73189e+01             
       H -8.86776e+01 -1.35096e+01  7.63611e+01             
       H -8.77828e+01 -1.34767e+01  7.76691e+01             
       O -7.45281e+01 -9.31621e+00  6.23421e+01             
       H -7.70764e+01 -2.08664e+01  5.96431e+01             
       H -7.39339e+01 -8.67208e+00  6.28506e+01             
       O -8.17404e+01 -2.85758e+01  5.74322e+01             
       H -8.09154e+01 -1.58246e+01  5.78814e+01             
       H -8.16293e+01 -2.80466e+01  5.66219e+01             
       O -7.28893e+01 -2.37362e+01  6.16153e+01             
       H -7.22722e+01 -2.42212e+01  6.22468e+01             
       H -7.22046e+01 -2.33337e+01  6.10134e+01             
       O -6.48275e+01 -2.33467e+01  5.34126e+01             
       H -6.40828e+01 -2.28309e+01  5.38480e+01             
       H -6.44737e+01 -2.41790e+01  5.30930e+01             
       O -6.90338e+01 -2.24980e+01  6.91142e+01             
       H -6.81850e+01 -2.29058e+01  6.88272e+01             
       H -6.86846e+01 -2.19122e+01  6.97886e+01             
       O -7.52735e+01 -2.24362e+01  4.23945e+01             
       H -7.43678e+01 -2.20646e+01  4.19730e+01             
       H -6.43134e+01 -4.99377e-01  5.67692e+01             
       O -5.88341e+01 -2.26169e+01  7.22521e+01             
       H -5.81740e+01 -2.19049e+01  7.23709e+01             
       H -5.82959e+01 -3.56121e+01  7.16127e+01             
       O -8.15511e+01 -1.30619e+01  4.75915e+01             
       H -8.10093e+01 -1.24493e+01  4.80983e+01             
       H -8.08703e+01 -1.36961e+01  4.71610e+01             
       O -8.03157e+01 -2.60372e+01  5.42824e+01             
       H -7.95684e+01 -2.66626e+01  5.44321e+01             
       H -7.99387e+01 -2.52237e+01  5.46565e+01             
       O -8.17745e+01 -1.01718e+01  6.38672e+01             
       H -8.09782e+01 -1.00618e+01  6.45943e+01             
       H -8.13219e+01 -1.03821e+01  6.30456e+01             
       O -7.78148e+01 -1.46652e+01  5.43433e+01             
       H -7.72881e+01 -1.40860e+01  5.37185e+01             
       H -6.83483e+01 -1.40457e+01  5.11562e+01             
       O -7.39727e+01 -3.50716e+01  4.58948e+01             
       H -7.30905e+01 -3.54290e+01  4.60598e+01             
       H -7.08224e+01 -3.02080e+01  6.74549e+01             
       O -8.34203e+01 -2.10523e+01  5.52617e+01             
       H -8.27358e+01 -2.16707e+01  5.56594e+01             
       H -8.28525e+01 -2.02671e+01  5.49207e+01             
       O -6.95725e+01 -2.89160e+01  6.52515e+01             
       H -6.89242e+01 -2.82538e+01  6.49227e+01             
       H -6.90986e+01 -2.95919e+01  6.56907e+01             
       O -7.69901e+01 -9.66398e+00  6.31025e+01             
       H -7.60363e+01 -9.65615e+00  6.27755e+01             
       H -7.69022e+01 -1.00252e+01  6.39960e+01             
       O -7.62260e+01 -1.14277e+01  4.70508e+01             
       H -7.56301e+01 -2.31318e+01  4.66786e+01             
       H -7.55174e+01 -1.20293e+01  4.75230e+01             
       O -7.62893e+01 -2.73668e+01  4.99098e+01             
       H -7.56920e+01 -2.67606e+01  4.94553e+01             
       H -7.55925e+01 -2.80457e+01  5.02705e+01             
       O -8.63063e+01 -1.47581e+01  5.86737e+01             
       H -8.54164e+01 -1.51212e+01  5.88884e+01             
       H -8.61487e+01 -1.44541e+01  5.77697e+01             
       O -7.76429e+01  5.97725e+00  5.22503e+01             
       H -6.01979e+01 -2.03465e+01  5.66411e+01             
       H -7.66584e+01  6.13543e+00  5.24557e+01             
       O -7.05518e+01 -1.99990e+01  6.31660e+01             
       H -7.38533e+01 -2.49776e+01  6.10179e+01             
       H -8.27514e+01 -2.09230e+01  6.34351e+01             
       O -6.95171e+01 -3.25117e+01  5.96909e+01             
       H -6.89166e+01 -3.23190e+01  5.89256e+01             
       H -6.91067e+01 -3.21223e+01  6.04880e+01             
       O -7.81078e+01 -2.36375e+01  6.12162e+01             
       H -7.77253e+01 -2.31835e+01  6.19349e+01             
       H -7.75201e+01 -2.34779e+01  6.03521e+01             
       O -7.59571e+01 -4.48496e+01  6.07664e+01             
       H -7.55280e+01 -4.56475e+01  6.12277e+01             
       H -7.51521e+01 -4.42460e+01  7.30467e+01             
       O -7.78914e+01 -6.59366e+00  5.58352e+01             
       H -7.75163e+01 -5.74298e+00  5.55032e+01             
       H -7.71087e+01 -7.08620e+00  5.62082e+01             
       O -6.81556e+01 -2.26617e+01  6.11596e+01             
       H -6.80820e+01 -2.17062e+01  6.09761e+01             
       H -6.72117e+01 -2.30014e+01  6.11861e+01             
       O -7.57065e+01 -2.93384e+01  7.15313e+01             
       H -7.50498e+01 -2.98767e+01  7.20300e+01             
       H -7.52547e+01 -2.84882e+01  7.14958e+01             
       O -9.24804e+01 -2.24037e+01  5.31785e+01             
       H -9.16186e+01 -2.29093e+01  5.29407e+01             
       H -9.22243e+01 -2.14500e+01  5.33195e+01             
       O -7.37865e+01 -4.37872e+00  6.68207e+01             
       H -7.28730e+01 -4.61188e+00  6.72456e+01             
       H -7.36586e+01 -3.47254e+00  6.65280e+01             
       O -7.63526e+01 -1.66601e+01  5.60573e+01             
       H -7.54561e+01 -1.66718e+01  5.56474e+01             
       H -7.62220e+01 -1.67969e+01  4.46087e+01             
       O -7.01302e+01 -1.51226e+01  3.65792e+01             
       H -6.91899e+01 -1.55466e+01  3.67257e+01             
       H -8.23893e+01 -1.42209e+01  3.62287e+01             
       O -6.19838e+01 -1.67232e+01  3.80989e+01             
       H -6.22685e+01 -1.73391e+01  3.88052e+01             
       H -6.10437e+01 -1.64198e+01  3.82764e+01             
       O -7.48450e+01 -2.50282e+01  4.37769e+01             
       H -7.39198e+01 -2.53209e+01  4.34987e+01             
       H -7.48033e+01 -2.46672e+01  5.70678e+01             
       O -6.97151e+01 -1.91201e+01  4.17212e+01             
       H -7.87872e+01 -1.29203e+01  4.97288e+01             
       H -6.99303e+01 -1.93313e+01  4.07998e+01             
       O -7.19324e+01 -2.82099e+01  6.31938e+01             
       H -7.15165e+01 -2.87588e+01  6.39269e+01             
       H -7.12368e+01 -2.78676e+01  6.26163e+01             
       O -6.16506e+01 -1.83783e+01  4.83087e+01             
       H -6.08127e+01 -1.87087e+01  4.79011e+01             
       H -6.14966e+01 -1.78334e+01  4.90898e+01             
       O -6.55741e+01 -2.83200e+01  6.04236e+01             
       H -6.49091e+01 -2.87698e+01  5.99171e+01             
       H -6.50097e+01 -2.78805e+01  6.12039e+01             
       O -7.19836e+01 -1.20993e+01  6.60335e+01             
       H -7.15968e+01 -1.20172e+01  6.51151e+01             
       H -7.12251e+01 -1.23301e+01  6.65843e+01             
       O -6.26364e+01  6.46932e+00  7.75974e+01             
       H -6.19775e+01  5.85637e+00  7.72417e+01             
       H -6.21763e+01  7.11852e+00  7.82217e+01             
       O -7.15680e+01 -2.98660e+01  6.79563e+01             
       H -7.52118e+01 -2.33708e+01  4.26514e+01             
       H -7.11928e+01 -2.93329e+01  6.87103e+01             
       O -7.76577e+01 -2.12280e+01  5.88875e+01             
       H -6.87477e+01 -1.93717e+01  4.18185e+01             
       H -7.70528e+01 -2.10160e+01  5.81073e+01             
       O -6.90928e+01 -1.38758e+01  5.17504e+01             
       H -7.78181e+01 -6.61151e+00  5.13243e+01             
       H -6.85937e+01 -1.36236e+01  5.26127e+01             
       O -6.76127e+01 -2.88743e+01  6.20099e+01             
       H -7.92824e+01 -2.88611e+01  7.37703e+01             
       H -6.16402e+01 -1.01500e+01  6.20950e+01             
       O -1.03689e+02 -1.61657e+01  6.46233e+01             
       H -1.03330e+02 -1.54838e+01  6.52931e+01             
       H -1.03316e+02 -1.70339e+01  6.47248e+01             
       O -7.32363e+01 -3.25313e+01  5.73634e+01             
       H -7.26465e+01 -3.20619e+01  5.80241e+01             
       H -6.96676e+01 -1.96278e+01  6.30097e+01             
       O -7.91805e+01 -1.37151e+01  5.01171e+01             
       H -7.83670e+01 -1.42692e+01  5.02622e+01             
       H -8.53338e+01 -2.58687e+01  2.85178e+01             
       O -8.35751e+01 -2.44902e+01  5.11436e+01             
       H -8.29692e+01 -2.36623e+01  5.10959e+01             
       H -8.28986e+01 -2.51974e+01  5.13949e+01             
       O -6.72570e+01 -2.69723e+01  4.61978e+01             
       H -6.66441e+01 -2.73913e+01  4.69124e+01             
       H -6.66967e+01 -2.64209e+01  4.56137e+01             
       O -5.90739e+01 -2.84837e+01  5.92639e+01             
       H -5.83259e+01 -1.59745e+01  5.86706e+01             
       H -5.88083e+01 -2.84242e+01  6.01783e+01             
       O -7.22335e+01 -1.36719e+01  5.63544e+01             
       H -5.93082e+01 -1.40435e+01  5.55912e+01             
       H -7.16301e+01 -1.31252e+01  5.68978e+01             
       O -6.50717e+01 -3.38547e-01  5.73440e+01             
       H -7.37872e+01 -3.41592e+01  4.56999e+01             
       H -7.71406e+01 -2.62553e+00  5.49422e+01             
       O -7.95785e+01 -1.97915e+01  5.40632e+01             
       H -7.88770e+01 -1.96449e+01  5.33780e+01             
       H -7.90274e+01 -1.95916e+01  5.49106e+01             
       O -7.59099e+01 -7.98770e+00  4.43835e+01             
       H -7.49542e+01 -2.00660e+01  4.46755e+01             
       H -7.57125e+01 -8.67356e+00  4.36479e+01             
       O -8.27806e+01 -2.44852e+01  5.77787e+01             
       H -8.24275e+01 -2.36783e+01  5.73631e+01             
       H -8.22527e+01 -2.47505e+01  5.86176e+01             
       O -7.33077e+01 -2.01679e+01  6.38660e+01             
       H -7.23697e+01 -2.00899e+01  6.35881e+01             
       H -7.31762e+01 -2.08142e+01  6.46426e+01             
       O -8.71112e+01 -2.54853e+01  4.83586e+01             
       H -8.68785e+01 -2.61927e+01  6.01340e+01             
       H -7.96245e+01 -4.11636e+01  5.04852e+01             
       O -6.69162e+01 -2.40122e+01  6.82499e+01             
       H -6.62666e+01 -2.43187e+01  6.89799e+01             
       H -6.62087e+01 -2.35732e+01  6.76975e+01             
       O -7.29266e+01 -2.19048e+01  5.37335e+01             
       H -7.22649e+01 -2.16325e+01  5.43743e+01             
       H -7.26732e+01 -2.28822e+01  5.35874e+01             
       O -9.06757e+01 -1.99029e+01  6.21333e+01             
       H -8.98254e+01 -1.96576e+01  6.16825e+01             
       H -9.04034e+01 -2.07553e+01  6.25370e+01             
       O -7.04947e+01 -2.66799e+01  5.44248e+01             
       H -6.95100e+01 -2.64578e+01  5.45450e+01             
       H -7.04544e+01 -2.74846e+01  5.39153e+01             
       O -8.42763e+01 -1.89176e+01  3.43999e+01             
       H -8.40897e+01 -1.79367e+01  3.42359e+01             
       H -8.33997e+01 -1.93715e+01  3.46744e+01             
       O -7.36374e+01 -2.65022e+01  2.81768e+01             
       H -5.22260e+01 -1.22424e+01  4.56571e+01             
       H -7.32205e+01 -2.68103e+01  2.73525e+01             
       O -8.00358e+01 -2.03547e+01  5.79646e+01             
       H -7.92593e+01 -2.06344e+01  5.84985e+01             
       H -7.96892e+01 -1.98593e+01  5.72613e+01             
       O -8.08060e+01 -1.89009e+01  7.41586e+01             
       H -7.98769e+01 -1.92921e+01  7.43399e+01             
       H -8.06486e+01 -1.79308e+01  7.40910e+01             
