192                                                         
# CELL(abcABC):   12.41850    12.41850    12.41850    90.00000    90.00000    90.00000  Step:           0  Bead:       0 x_centroid{angstrom}  cell{angstrom}   
       O -7.37961e+01 -1.06702e+01  6.64495e+01             
       H -7.33495e+01 -1.13962e+01  6.60046e+01             
       H -7.30348e+01 -1.00017e+01  6.66124e+01             
       O -6.08601e+01 -6.84754e+00  5.77460e+01             
       H -6.22951e+01 -1.51498e+01  5.22406e+01             
       H -6.00818e+01 -6.63329e+00  5.71673e+01             
       O -6.58413e+01 -2.58442e+01  4.98282e+01             
       H -6.56508e+01 -1.39701e+01  5.06199e+01             
       H -6.51307e+01 -2.59004e+01  4.91330e+01             
       O -5.95163e+01 -2.10608e+01  5.47043e+01             
       H -5.85861e+01 -2.12303e+01  5.48595e+01             
       H -5.97570e+01 -2.04322e+01  5.53651e+01             
       O -5.23156e+01 -1.96161e+01  4.77825e+01             
       H -5.17482e+01 -1.89978e+01  4.83253e+01             
       H -5.17689e+01 -2.03170e+01  4.74300e+01             
       O -5.59726e+01 -1.89202e+01  6.25204e+01             
       H -5.54854e+01 -1.96720e+01  6.21253e+01             
       H -5.53846e+01 -1.83311e+01  6.29064e+01             
       O -6.24493e+01 -1.86411e+01  3.65686e+01             
       H -6.15824e+01 -1.87683e+01  3.61022e+01             
       H -5.09043e+01  2.67993e+00  5.12746e+01             
       O -4.56262e+01 -1.49727e+01  6.72635e+01             
       H -4.48167e+01 -1.50649e+01  6.77642e+01             
       H -4.53759e+01 -2.68674e+01  6.64997e+01             
       O -6.70986e+01 -8.18327e+00  4.01349e+01             
       H -6.65637e+01 -8.34002e+00  4.09021e+01             
       H -6.68014e+01 -7.44004e+00  3.96629e+01             
       O -6.36881e+01 -2.24646e+01  4.79958e+01             
       H -6.30048e+01 -2.30249e+01  4.76924e+01             
       H -6.32225e+01 -2.19251e+01  4.86164e+01             
       O -6.80103e+01 -6.45082e+00  5.66279e+01             
       H -6.74348e+01 -6.79658e+00  5.72957e+01             
       H -6.73715e+01 -6.41350e+00  5.58967e+01             
       O -6.29911e+01 -1.03340e+01  4.40316e+01             
       H -6.22657e+01 -1.04736e+01  4.46104e+01             
       H -5.34256e+01 -9.88713e+00  4.26051e+01             
       O -5.87797e+01 -2.98190e+01  4.15683e+01             
       H -5.82926e+01 -2.89568e+01  4.17391e+01             
       H -5.65209e+01 -2.59860e+01  5.74610e+01             
       O -7.01019e+01 -1.77819e+01  4.85007e+01             
       H -6.95009e+01 -1.82469e+01  4.91430e+01             
       H -6.94983e+01 -1.73112e+01  4.79063e+01             
       O -5.47221e+01 -2.31658e+01  5.79302e+01             
       H -5.44375e+01 -2.26534e+01  5.70931e+01             
       H -5.38850e+01 -2.36849e+01  5.81837e+01             
       O -6.31927e+01 -7.54204e+00  5.59382e+01             
       H -6.22396e+01 -7.25878e+00  5.59809e+01             
       H -6.32057e+01 -8.43061e+00  5.63137e+01             
       O -6.19013e+01 -6.26898e+00  3.96340e+01             
       H -6.17352e+01 -1.77057e+01  3.94670e+01             
       H -6.10855e+01 -6.84118e+00  3.94613e+01             
       O -6.31821e+01 -2.57207e+01  4.18810e+01             
       H -6.25289e+01 -2.60085e+01  4.12529e+01             
       H -6.27921e+01 -2.56653e+01  4.27650e+01             
       O -7.05908e+01 -1.18456e+01  4.98803e+01             
       H -7.00105e+01 -1.24308e+01  4.94443e+01             
       H -7.01236e+01 -1.12239e+01  5.04830e+01             
       O -6.26988e+01  7.73672e+00  4.52661e+01             
       H -4.63156e+01 -1.65746e+01  4.94797e+01             
       H -6.20093e+01  8.38423e+00  4.51631e+01             
       O -5.63140e+01 -1.52303e+01  5.72792e+01             
       H -5.97438e+01 -2.04622e+01  5.29187e+01             
       H -6.86780e+01 -1.56973e+01  5.81313e+01             
       O -5.63214e+01 -2.66486e+01  5.22649e+01             
       H -5.59931e+01 -2.75408e+01  5.20788e+01             
       H -5.55929e+01 -2.62165e+01  5.27158e+01             
       O -6.41943e+01 -1.98011e+01  5.30912e+01             
       H -6.37682e+01 -2.02885e+01  5.37818e+01             
       H -6.34278e+01 -1.93691e+01  5.26327e+01             
       O -6.15559e+01 -4.07765e+01  5.38754e+01             
       H -6.10674e+01 -4.15712e+01  5.39932e+01             
       H -6.08359e+01 -4.01520e+01  6.61853e+01             
       O -6.36246e+01 -1.62701e+00  4.81467e+01             
       H -6.29556e+01 -1.05209e+00  4.76657e+01             
       H -6.30186e+01 -2.10378e+00  4.87162e+01             
       O -5.39388e+01 -1.79840e+01  5.44049e+01             
       H -5.32432e+01 -1.74552e+01  5.48576e+01             
       H -5.35554e+01 -1.86714e+01  5.38688e+01             
       O -6.16613e+01 -2.19658e+01  6.28018e+01             
       H -6.09436e+01 -2.14545e+01  6.32483e+01             
       H -6.11901e+01 -2.24109e+01  6.20202e+01             
       O -7.77793e+01 -1.95460e+01  4.49647e+01             
       H -7.75322e+01 -1.94336e+01  4.58939e+01             
       H -7.69938e+01 -1.94391e+01  4.43977e+01             
       O -5.86397e+01 -1.10827e+00  5.93380e+01             
       H -5.78830e+01 -7.85250e-01  5.89589e+01             
       H -5.83673e+01 -1.86829e+00  5.98550e+01             
       O -6.18549e+01 -1.26013e+01  4.67374e+01             
       H -6.17171e+01 -1.28678e+01  4.58252e+01             
       H -6.10706e+01 -1.20821e+01  3.44497e+01             
       O -5.69491e+01 -1.14480e+01  2.94531e+01             
       H -5.62756e+01 -1.21044e+01  2.95456e+01             
       H -6.91447e+01 -1.10394e+01  2.85691e+01             
       O -4.91431e+01 -1.33103e+01  3.18063e+01             
       H -4.87398e+01 -1.41896e+01  3.17130e+01             
       H -4.83879e+01 -1.27656e+01  3.16192e+01             
       O -6.03615e+01 -2.32962e+01  3.59174e+01             
       H -5.95748e+01 -2.37330e+01  3.63759e+01             
       H -6.00219e+01 -2.26697e+01  4.76372e+01             
       O -5.56109e+01 -1.59831e+01  3.50124e+01             
       H -6.46858e+01 -1.08847e+01  4.07710e+01             
       H -5.58367e+01 -1.52085e+01  3.55880e+01             
       O -5.89931e+01 -2.41633e+01  5.63828e+01             
       H -5.81230e+01 -2.45540e+01  5.66651e+01             
       H -5.86506e+01 -2.33817e+01  5.59268e+01             
       O -4.75518e+01 -1.31751e+01  4.11889e+01             
       H -4.69309e+01 -1.32933e+01  4.04072e+01             
       H -4.71385e+01 -1.32423e+01  4.19915e+01             
       O -5.30523e+01 -2.72122e+01  5.21480e+01             
       H -5.32708e+01 -2.64458e+01  5.26817e+01             
       H -5.20713e+01 -2.72951e+01  5.21478e+01             
       O -5.83905e+01 -8.62309e+00  5.82153e+01             
       H -5.79051e+01 -8.68653e+00  5.74171e+01             
       H -5.78858e+01 -9.19475e+00  5.87978e+01             
       O -4.77335e+01  9.35648e+00  7.01904e+01             
       H -4.70233e+01  8.77541e+00  6.99312e+01             
       H -4.72675e+01  1.01464e+01  7.06316e+01             
       O -5.67718e+01 -2.50444e+01  5.76089e+01             
       H -6.22573e+01 -1.90529e+01  3.74169e+01             
       H -5.59755e+01 -2.44140e+01  5.75724e+01             
       O -6.29062e+01 -1.49573e+01  5.15679e+01             
       H -5.46111e+01 -1.59731e+01  3.49307e+01             
       H -6.25987e+01 -1.53633e+01  5.07403e+01             
       O -5.40071e+01 -9.22647e+00  4.30969e+01             
       H -6.21412e+01 -5.46843e+00  4.54683e+01             
       H -5.33739e+01 -8.54930e+00  4.34327e+01             
       O -5.46572e+01 -2.54364e+01  5.38903e+01             
       H -6.68576e+01 -2.58349e+01  6.72022e+01             
       H -4.80978e+01 -7.16003e+00  5.85471e+01             
       O -8.94814e+01 -1.20766e+01  5.74060e+01             
       H -8.88135e+01 -1.14172e+01  5.70558e+01             
       H -8.90540e+01 -1.24756e+01  5.81930e+01             
       O -5.94665e+01 -2.87482e+01  5.01001e+01             
       H -5.91787e+01 -2.78094e+01  5.04998e+01             
       H -5.53999e+01 -1.49846e+01  5.70661e+01             
       O -6.49651e+01 -1.11394e+01  4.16324e+01             
       H -6.43190e+01 -1.18412e+01  4.18817e+01             
       H -7.22565e+01 -2.21220e+01  2.05938e+01             
       O -6.94178e+01 -2.14170e+01  4.31137e+01             
       H -6.85782e+01 -2.10234e+01  4.33985e+01             
       H -6.90753e+01 -2.22908e+01  4.28274e+01             
       O -5.41598e+01 -2.30652e+01  3.82822e+01             
       H -5.40141e+01 -2.39618e+01  3.77832e+01             
       H -5.32483e+01 -2.28740e+01  3.84769e+01             
       O -4.37180e+01 -2.57685e+01  4.86826e+01             
       H -4.29747e+01 -1.35554e+01  4.92824e+01             
       H -4.33881e+01 -2.50220e+01  4.81498e+01             
       O -5.66023e+01 -1.01203e+01  5.17354e+01             
       H -4.32626e+01 -1.02352e+01  5.14271e+01             
       H -5.67846e+01 -9.22859e+00  5.18869e+01             
       O -5.18096e+01  2.74538e+00  5.15664e+01             
       H -5.81326e+01 -3.03094e+01  4.09447e+01             
       H -6.25348e+01  1.88920e+00  4.31771e+01             
       O -6.52782e+01 -1.56401e+01  4.65877e+01             
       H -6.48226e+01 -1.64654e+01  4.65460e+01             
       H -6.46291e+01 -1.51807e+01  4.71298e+01             
       O -6.18645e+01 -3.43677e+00  3.69263e+01             
       H -6.09066e+01 -1.60613e+01  3.69875e+01             
       H -6.21783e+01 -4.27319e+00  3.65471e+01             
       O -6.98387e+01 -1.93189e+01  5.26488e+01             
       H -6.91577e+01 -1.91698e+01  5.19104e+01             
       H -6.92993e+01 -1.98505e+01  5.33194e+01             
       O -5.87163e+01 -1.88203e+01  5.62269e+01             
       H -5.85132e+01 -1.83643e+01  5.53558e+01             
       H -5.78586e+01 -1.89309e+01  5.65874e+01             
       O -7.22101e+01 -2.02797e+01  3.95405e+01             
       H -7.12931e+01 -1.99627e+01  5.19076e+01             
       H -6.65069e+01 -3.70545e+01  4.15176e+01             
       O -5.46206e+01 -2.08624e+01  6.13776e+01             
       H -5.42458e+01 -2.16605e+01  6.18021e+01             
       H -5.39609e+01 -2.03743e+01  6.08872e+01             
       O -5.98426e+01 -1.94716e+01  4.81897e+01             
       H -5.90186e+01 -1.89797e+01  4.82579e+01             
       H -5.95985e+01 -2.03636e+01  4.83589e+01             
       O -7.69986e+01 -1.61276e+01  5.55765e+01             
       H -7.63923e+01 -1.59784e+01  5.48187e+01             
       H -7.64248e+01 -1.63871e+01  5.63400e+01             
       O -5.66117e+01 -2.25285e+01  4.73276e+01             
       H -5.60650e+01 -2.18787e+01  4.78100e+01             
       H -5.59821e+01 -2.27859e+01  4.66943e+01             
       O -7.11973e+01 -1.37784e+01  2.66075e+01             
       H -7.11504e+01 -1.29691e+01  2.59945e+01             
       H -7.02418e+01 -1.38317e+01  2.69350e+01             
       O -6.06398e+01 -2.27011e+01  2.06583e+01             
       H -3.93228e+01 -8.73325e+00  3.96003e+01             
       H -6.02483e+01 -2.33785e+01  2.01019e+01             
       O -6.73613e+01 -1.69508e+01  5.19308e+01             
       H -6.72489e+01 -1.72078e+01  5.28792e+01             
       H -6.66784e+01 -1.63434e+01  5.16716e+01             
       O -6.62508e+01 -1.38241e+01  6.85362e+01             
       H -6.55603e+01 -1.44798e+01  6.82759e+01             
       H -6.56575e+01 -1.31436e+01  6.90475e+01             
192                                                         
# CELL(abcABC):   12.41850    12.41850    12.41850    90.00000    90.00000    90.00000  Step:      200000  Bead:       0 x_centroid{angstrom}  cell{angstrom}   
       O -8.51857e+01 -1.23451e+01  7.18444e+01             
       H -8.47386e+01 -1.25046e+01  7.09757e+01             
       H -8.45215e+01 -1.18334e+01  7.23635e+01             
       O -7.36873e+01 -1.03146e+01  6.27262e+01             
       H -7.32292e+01 -1.89351e+01  5.86450e+01             
       H -7.27366e+01 -1.05716e+01  6.23025e+01             
       O -7.79669e+01 -2.94266e+01  5.57854e+01             
       H -7.73596e+01 -1.73110e+01  5.64902e+01             
       H -7.72166e+01 -2.93471e+01  5.50682e+01             
       O -7.13433e+01 -2.32645e+01  6.15733e+01             
       H -7.06069e+01 -2.38245e+01  6.19264e+01             
       H -7.10038e+01 -2.23342e+01  6.15161e+01             
       O -6.47631e+01 -2.14914e+01  5.55775e+01             
       H -6.38677e+01 -2.14322e+01  5.60446e+01             
       H -6.44183e+01 -2.12428e+01  5.46090e+01             
       O -6.73559e+01 -2.07458e+01  6.86422e+01             
       H -6.64357e+01 -2.09900e+01  6.84446e+01             
       H -6.71041e+01 -2.04717e+01  6.95188e+01             
       O -7.48667e+01 -2.17049e+01  4.47865e+01             
       H -7.41328e+01 -2.20643e+01  4.42486e+01             
       H -6.35451e+01 -1.03793e+00  5.69450e+01             
       O -5.66949e+01 -1.88089e+01  7.44711e+01             
       H -5.63420e+01 -1.86981e+01  7.53507e+01             
       H -5.60057e+01 -3.10162e+01  7.38798e+01             
       O -7.89777e+01 -9.58958e+00  4.88337e+01             
       H -7.88995e+01 -1.04643e+01  4.92229e+01             
       H -7.80416e+01 -9.44233e+00  4.83561e+01             
       O -7.80080e+01 -2.68675e+01  5.21414e+01             
       H -7.73903e+01 -2.62923e+01  5.26771e+01             
       H -7.75138e+01 -2.75834e+01  5.18118e+01             
       O -8.03578e+01 -8.78250e+00  6.38070e+01             
       H -7.96890e+01 -8.29502e+00  6.43654e+01             
       H -7.98538e+01 -8.86641e+00  6.29954e+01             
       O -7.54052e+01 -1.59444e+01  4.86192e+01             
       H -7.47355e+01 -1.60625e+01  4.79416e+01             
       H -6.50278e+01 -1.23884e+01  4.81253e+01             
       O -7.04416e+01 -3.33527e+01  4.83568e+01             
       H -6.99575e+01 -3.25821e+01  4.88321e+01             
       H -6.86150e+01 -2.86310e+01  6.38595e+01             
       O -8.25855e+01 -2.16522e+01  5.55022e+01             
       H -8.18011e+01 -2.12389e+01  5.58667e+01             
       H -8.23191e+01 -2.21127e+01  5.46959e+01             
       O -6.72142e+01 -2.58793e+01  6.27509e+01             
       H -6.66544e+01 -2.55484e+01  6.20043e+01             
       H -6.66023e+01 -2.62444e+01  6.34765e+01             
       O -7.65422e+01 -1.23773e+01  6.57499e+01             
       H -7.62923e+01 -1.22548e+01  6.48308e+01             
       H -7.57004e+01 -1.24236e+01  6.63972e+01             
       O -7.31750e+01 -1.05599e+01  4.31533e+01             
       H -7.23382e+01 -2.33566e+01  4.36229e+01             
       H -7.29568e+01 -1.00958e+01  4.23440e+01             
       O -7.35760e+01 -2.76379e+01  4.67276e+01             
       H -7.33651e+01 -2.67369e+01  4.70146e+01             
       H -7.27431e+01 -2.80814e+01  4.64825e+01             
       O -8.29809e+01 -1.48287e+01  5.63935e+01             
       H -8.19826e+01 -1.47619e+01  5.64222e+01             
       H -8.32010e+01 -1.53439e+01  5.71840e+01             
       O -7.56997e+01  3.53621e+00  5.32025e+01             
       H -5.89959e+01 -2.03722e+01  5.54915e+01             
       H -7.50364e+01  4.26895e+00  5.32770e+01             
       O -6.79408e+01 -1.79585e+01  6.42345e+01             
       H -7.06671e+01 -2.41888e+01  5.77015e+01             
       H -7.93728e+01 -1.78139e+01  6.39457e+01             
       O -6.77627e+01 -3.08851e+01  5.98668e+01             
       H -6.69389e+01 -3.13755e+01  5.95427e+01             
       H -6.74374e+01 -2.99643e+01  5.99317e+01             
       O -7.54484e+01 -2.36182e+01  5.88581e+01             
       H -7.46029e+01 -2.40721e+01  5.91582e+01             
       H -7.52890e+01 -2.28272e+01  5.82219e+01             
       O -7.27309e+01 -4.39398e+01  6.02062e+01             
       H -7.19843e+01 -4.45771e+01  5.99990e+01             
       H -7.23606e+01 -4.32918e+01  7.32105e+01             
       O -7.60812e+01 -4.69077e+00  5.36892e+01             
       H -7.54726e+01 -3.88999e+00  5.35499e+01             
       H -7.54292e+01 -5.44665e+00  5.38484e+01             
       O -6.43734e+01 -2.16509e+01  5.99400e+01             
       H -6.35193e+01 -2.12204e+01  6.04416e+01             
       H -6.39634e+01 -2.24823e+01  5.95292e+01             
       O -7.47079e+01 -2.51855e+01  6.75368e+01             
       H -7.42404e+01 -2.43712e+01  6.77394e+01             
       H -7.38576e+01 -2.56564e+01  6.73481e+01             
       O -8.80617e+01 -2.44997e+01  5.04992e+01             
       H -8.75268e+01 -2.36747e+01  5.03252e+01             
       H -8.74203e+01 -2.52637e+01  5.04791e+01             
       O -7.03269e+01 -4.98879e+00  6.72087e+01             
       H -7.03841e+01 -4.01029e+00  6.74799e+01             
       H -6.93640e+01 -5.20724e+00  6.72509e+01             
       O -7.39369e+01 -1.55328e+01  5.27125e+01             
       H -7.35269e+01 -1.63865e+01  5.26157e+01             
       H -7.32918e+01 -1.49994e+01  4.07904e+01             
       O -6.94283e+01 -1.44041e+01  3.51121e+01             
       H -6.84179e+01 -1.47784e+01  3.52517e+01             
       H -8.16896e+01 -1.34694e+01  3.47600e+01             
       O -5.91465e+01 -1.77806e+01  3.73211e+01             
       H -5.91012e+01 -1.67890e+01  3.72451e+01             
       H -5.81990e+01 -1.80821e+01  3.71394e+01             
       O -7.23542e+01 -2.61751e+01  4.17624e+01             
       H -7.17177e+01 -2.64921e+01  4.24778e+01             
       H -7.18220e+01 -2.56609e+01  5.35139e+01             
       O -6.78364e+01 -1.82931e+01  4.23450e+01             
       H -7.72164e+01 -1.46804e+01  4.60408e+01             
       H -6.75780e+01 -1.90767e+01  4.28818e+01             
       O -7.11252e+01 -2.71820e+01  6.18508e+01             
       H -7.04830e+01 -2.76693e+01  6.24737e+01             
       H -7.04244e+01 -2.70126e+01  6.11161e+01             
       O -5.86725e+01 -1.64534e+01  4.62020e+01             
       H -5.82246e+01 -1.72755e+01  4.59530e+01             
       H -5.80532e+01 -1.57851e+01  4.65572e+01             
       O -6.38292e+01 -3.03331e+01  5.79499e+01             
       H -6.37472e+01 -2.94877e+01  5.83818e+01             
       H -6.28385e+01 -3.06087e+01  5.78245e+01             
       O -7.07924e+01 -1.22108e+01  6.53067e+01             
       H -7.03931e+01 -1.24345e+01  6.44619e+01             
       H -7.00678e+01 -1.17134e+01  6.57660e+01             
       O -5.96139e+01  7.28282e+00  7.73028e+01             
       H -5.94110e+01  6.97230e+00  7.63766e+01             
       H -5.87635e+01  7.41426e+00  7.77970e+01             
       O -6.89991e+01 -2.78806e+01  6.34197e+01             
       H -7.45516e+01 -2.08118e+01  4.50882e+01             
       H -6.82924e+01 -2.74091e+01  6.29263e+01             
       O -7.37115e+01 -1.90306e+01  5.77659e+01             
       H -6.69961e+01 -1.77632e+01  4.26143e+01             
       H -7.29564e+01 -1.88977e+01  5.70897e+01             
       O -6.54096e+01 -1.21374e+01  4.89595e+01             
       H -7.52244e+01 -9.63654e+00  5.29308e+01             
       H -6.46055e+01 -1.20914e+01  4.95870e+01             
       O -6.72024e+01 -2.80946e+01  6.02390e+01             
       H -7.87948e+01 -2.79511e+01  7.20394e+01             
       H -6.09801e+01 -1.03228e+01  6.36677e+01             
       O -1.02585e+02 -1.73572e+01  6.37938e+01             
       H -1.01844e+02 -1.78408e+01  6.32239e+01             
       H -1.02211e+02 -1.71449e+01  6.46667e+01             
       O -7.20140e+01 -3.20061e+01  5.54023e+01             
       H -7.15145e+01 -3.11961e+01  5.52546e+01             
       H -6.78217e+01 -1.83661e+01  6.51436e+01             
       O -7.73391e+01 -1.53698e+01  4.66868e+01             
       H -7.66652e+01 -1.53032e+01  4.74149e+01             
       H -8.54962e+01 -2.67967e+01  2.49641e+01             
       O -8.20382e+01 -2.49315e+01  5.04331e+01             
       H -8.10355e+01 -2.51922e+01  5.04326e+01             
       H -8.24635e+01 -2.57533e+01  5.02593e+01             
       O -6.68543e+01 -2.49093e+01  4.46874e+01             
       H -6.66465e+01 -2.43586e+01  4.39306e+01             
       H -6.59824e+01 -2.52829e+01  4.50451e+01             
       O -5.53923e+01 -2.73787e+01  5.58414e+01             
       H -5.49663e+01 -1.41435e+01  5.61283e+01             
       H -5.47599e+01 -2.81194e+01  5.58533e+01             
       O -6.91265e+01 -1.19736e+01  5.86171e+01             
       H -5.58976e+01 -1.21980e+01  5.80584e+01             
       H -6.87960e+01 -1.12030e+01  5.91210e+01             
       O -6.41966e+01 -6.67822e-01  5.75514e+01             
       H -6.95289e+01 -3.36787e+01  4.79110e+01             
       H -7.48587e+01 -2.88446e+00  4.91583e+01             
       O -7.83243e+01 -2.01579e+01  5.26457e+01             
       H -7.78654e+01 -1.92825e+01  5.25883e+01             
       H -7.75586e+01 -2.07811e+01  5.25169e+01             
       O -7.39855e+01 -7.01462e+00  4.10867e+01             
       H -7.33536e+01 -1.90254e+01  4.04398e+01             
       H -7.34449e+01 -7.31236e+00  4.18456e+01             
       O -8.07161e+01 -2.18064e+01  5.95078e+01             
       H -8.05420e+01 -2.16073e+01  5.85947e+01             
       H -7.99394e+01 -2.18576e+01  6.02114e+01             
       O -7.06833e+01 -2.07887e+01  6.41762e+01             
       H -6.97268e+01 -2.08869e+01  6.40432e+01             
       H -7.10497e+01 -2.05087e+01  6.33175e+01             
       O -8.38379e+01 -2.44475e+01  4.47159e+01             
       H -8.35650e+01 -2.53443e+01  5.67274e+01             
       H -7.93332e+01 -4.03928e+01  4.87226e+01             
       O -6.62057e+01 -2.36630e+01  6.73214e+01             
       H -6.55280e+01 -2.41889e+01  6.68487e+01             
       H -6.57442e+01 -2.28653e+01  6.76310e+01             
       O -7.25329e+01 -2.24714e+01  5.28189e+01             
       H -7.17730e+01 -2.18044e+01  5.25902e+01             
       H -7.20499e+01 -2.33703e+01  5.27820e+01             
       O -8.71691e+01 -2.06986e+01  6.12606e+01             
       H -8.64027e+01 -2.02553e+01  6.09682e+01             
       H -8.68318e+01 -2.14976e+01  6.17152e+01             
       O -6.86645e+01 -2.30624e+01  5.35509e+01             
       H -6.78647e+01 -2.33993e+01  5.39732e+01             
       H -6.83377e+01 -2.26707e+01  5.26557e+01             
       O -8.23959e+01 -1.87712e+01  3.31839e+01             
       H -8.17198e+01 -1.88889e+01  3.39025e+01             
       H -8.18115e+01 -1.86145e+01  3.24542e+01             
       O -7.39506e+01 -2.65758e+01  2.52878e+01             
       H -5.12918e+01 -1.23357e+01  4.55986e+01             
       H -7.40288e+01 -2.71200e+01  2.61842e+01             
       O -7.81682e+01 -1.96478e+01  5.86724e+01             
       H -7.76455e+01 -2.04086e+01  5.90743e+01             
       H -7.75055e+01 -1.89752e+01  5.83749e+01             
       O -7.60703e+01 -1.84206e+01  7.46215e+01             
       H -7.56016e+01 -1.92484e+01  7.43993e+01             
       H -7.57664e+01 -1.76070e+01  7.41754e+01             
