192                                                         
# CELL(abcABC):   12.41850    12.41850    12.41850    90.00000    90.00000    90.00000  Step:           0  Bead:       0 x_centroid{angstrom}  cell{angstrom}   
       O -7.35424e+01 -1.10614e+01  6.65534e+01             
       H -7.31856e+01 -1.19735e+01  6.63542e+01             
       H -7.27402e+01 -1.05779e+01  6.68309e+01             
       O -6.07970e+01 -6.77515e+00  5.66781e+01             
       H -6.37139e+01 -1.61421e+01  5.25866e+01             
       H -5.98625e+01 -6.48757e+00  5.64416e+01             
       O -6.64337e+01 -2.58219e+01  4.93540e+01             
       H -6.60062e+01 -1.34416e+01  5.02037e+01             
       H -6.56855e+01 -2.61962e+01  4.87973e+01             
       O -5.95619e+01 -2.15113e+01  5.54634e+01             
       H -5.85720e+01 -2.14931e+01  5.54705e+01             
       H -5.98317e+01 -2.08572e+01  5.61413e+01             
       O -5.24101e+01 -2.00905e+01  4.74737e+01             
       H -5.15684e+01 -1.95856e+01  4.77302e+01             
       H -5.20536e+01 -2.10474e+01  4.75217e+01             
       O -5.65075e+01 -1.82761e+01  6.30053e+01             
       H -5.59092e+01 -1.89892e+01  6.25830e+01             
       H -5.58564e+01 -1.76138e+01  6.33545e+01             
       O -6.22755e+01 -1.91864e+01  3.59917e+01             
       H -6.14312e+01 -1.92126e+01  3.55312e+01             
       H -5.12105e+01  2.62105e+00  5.15269e+01             
       O -4.61764e+01 -1.48733e+01  6.75639e+01             
       H -4.58910e+01 -1.47737e+01  6.84787e+01             
       H -4.53736e+01 -2.70062e+01  6.70601e+01             
       O -6.75063e+01 -8.02308e+00  4.09137e+01             
       H -6.71119e+01 -8.43771e+00  4.17780e+01             
       H -6.67330e+01 -7.85715e+00  4.03376e+01             
       O -6.30811e+01 -2.25740e+01  4.72949e+01             
       H -6.22734e+01 -2.24345e+01  4.67660e+01             
       H -6.27726e+01 -2.30219e+01  4.81281e+01             
       O -6.82923e+01 -5.95076e+00  5.62753e+01             
       H -6.77741e+01 -5.88595e+00  5.70896e+01             
       H -6.74706e+01 -5.75432e+00  5.56057e+01             
       O -6.26115e+01 -1.05738e+01  4.39249e+01             
       H -6.19272e+01 -1.05834e+01  4.46126e+01             
       H -5.34419e+01 -9.74811e+00  4.26824e+01             
       O -5.95987e+01 -2.94597e+01  4.14999e+01             
       H -5.90640e+01 -2.86957e+01  4.18678e+01             
       H -5.66299e+01 -2.59128e+01  5.79011e+01             
       O -7.06848e+01 -1.73934e+01  4.87045e+01             
       H -7.00554e+01 -1.77946e+01  4.93507e+01             
       H -7.01295e+01 -1.70346e+01  4.78984e+01             
       O -5.49209e+01 -2.34403e+01  5.77123e+01             
       H -5.47456e+01 -2.27424e+01  5.70295e+01             
       H -5.41037e+01 -2.40033e+01  5.76465e+01             
       O -6.32512e+01 -7.78460e+00  5.63480e+01             
       H -6.23854e+01 -7.35050e+00  5.64902e+01             
       H -6.29724e+01 -8.69577e+00  5.61850e+01             
       O -6.27936e+01 -6.58131e+00  3.97625e+01             
       H -6.28193e+01 -1.80698e+01  3.94811e+01             
       H -6.18463e+01 -6.93221e+00  3.98422e+01             
       O -6.32620e+01 -2.55516e+01  4.19490e+01             
       H -6.26253e+01 -2.53292e+01  4.12666e+01             
       H -6.26238e+01 -2.57950e+01  4.26935e+01             
       O -7.05203e+01 -1.13631e+01  4.96746e+01             
       H -6.98893e+01 -1.21051e+01  4.92468e+01             
       H -7.00869e+01 -1.04701e+01  4.97537e+01             
       O -6.23548e+01  8.02502e+00  4.60679e+01             
       H -4.70522e+01 -1.65533e+01  4.97191e+01             
       H -6.24827e+01  8.53245e+00  4.68560e+01             
       O -5.61591e+01 -1.50810e+01  5.68650e+01             
       H -6.04343e+01 -2.10589e+01  5.34086e+01             
       H -6.86906e+01 -1.59572e+01  5.65089e+01             
       O -5.63327e+01 -2.67315e+01  5.31854e+01             
       H -5.57191e+01 -2.73989e+01  5.28436e+01             
       H -5.57607e+01 -2.60761e+01  5.35946e+01             
       O -6.47849e+01 -1.96501e+01  5.41509e+01             
       H -6.42258e+01 -1.98957e+01  5.48871e+01             
       H -6.41286e+01 -1.93107e+01  5.34676e+01             
       O -6.24333e+01 -4.07498e+01  5.35837e+01             
       H -6.16592e+01 -4.13725e+01  5.35034e+01             
       H -6.22351e+01 -3.98015e+01  6.58596e+01             
       O -6.43935e+01 -2.38291e+00  4.80700e+01             
       H -6.38067e+01 -1.91632e+00  4.74331e+01             
       H -6.37951e+01 -2.76536e+00  4.86830e+01             
       O -5.38102e+01 -1.77780e+01  5.48242e+01             
       H -5.32432e+01 -1.71645e+01  5.53549e+01             
       H -5.32014e+01 -1.85216e+01  5.47042e+01             
       O -6.19807e+01 -2.27426e+01  6.31296e+01             
       H -6.12735e+01 -2.26418e+01  6.38322e+01             
       H -6.14689e+01 -2.29986e+01  6.23529e+01             
       O -7.80230e+01 -1.96369e+01  4.50627e+01             
       H -7.78733e+01 -1.97952e+01  4.60520e+01             
       H -7.70517e+01 -1.97252e+01  4.48274e+01             
       O -5.88156e+01 -2.40671e+00  5.96103e+01             
       H -5.90886e+01 -2.79956e+00  6.04442e+01             
       H -5.81261e+01 -1.83525e+00  5.98697e+01             
       O -6.26640e+01 -1.35302e+01  4.66493e+01             
       H -6.21135e+01 -1.35826e+01  4.58000e+01             
       H -6.20883e+01 -1.29241e+01  3.47773e+01             
       O -5.77228e+01 -1.13666e+01  2.98045e+01             
       H -5.68741e+01 -1.18352e+01  2.97447e+01             
       H -6.99056e+01 -1.06828e+01  2.91297e+01             
       O -4.88921e+01 -1.37438e+01  3.17072e+01             
       H -4.83884e+01 -1.45531e+01  3.19631e+01             
       H -4.81939e+01 -1.30282e+01  3.15309e+01             
       O -6.05030e+01 -2.39534e+01  3.61398e+01             
       H -5.96214e+01 -2.38603e+01  3.65161e+01             
       H -6.03437e+01 -2.35406e+01  4.76516e+01             
       O -5.64076e+01 -1.62280e+01  3.46548e+01             
       H -6.46575e+01 -1.00968e+01  4.08749e+01             
       H -5.60322e+01 -1.61829e+01  3.37661e+01             
       O -5.90746e+01 -2.45749e+01  5.67840e+01             
       H -5.84135e+01 -2.48273e+01  5.74972e+01             
       H -5.85680e+01 -2.41511e+01  5.60286e+01             
       O -4.82085e+01 -1.37183e+01  4.08531e+01             
       H -4.75979e+01 -1.34220e+01  4.01500e+01             
       H -4.76189e+01 -1.40182e+01  4.15370e+01             
       O -5.31494e+01 -2.60554e+01  5.23270e+01             
       H -5.25551e+01 -2.56100e+01  5.29255e+01             
       H -5.27362e+01 -2.68418e+01  5.19955e+01             
       O -5.83739e+01 -8.73112e+00  5.83850e+01             
       H -5.79119e+01 -8.73996e+00  5.75407e+01             
       H -5.77116e+01 -9.22875e+00  5.89333e+01             
       O -4.76245e+01  8.81944e+00  6.98779e+01             
       H -4.70532e+01  8.17976e+00  6.93757e+01             
       H -4.71167e+01  9.02054e+00  7.06437e+01             
       O -5.69802e+01 -2.50587e+01  5.81867e+01             
       H -6.20442e+01 -1.97476e+01  3.67322e+01             
       H -5.62117e+01 -2.44747e+01  5.78959e+01             
       O -6.44250e+01 -1.61504e+01  5.19604e+01             
       H -5.56659e+01 -1.65680e+01  3.51209e+01             
       H -6.40996e+01 -1.64540e+01  5.10868e+01             
       O -5.41041e+01 -9.29379e+00  4.31933e+01             
       H -6.14607e+01 -4.27817e+00  4.56332e+01             
       H -5.36387e+01 -8.64997e+00  4.38213e+01             
       O -5.48208e+01 -2.49762e+01  5.43756e+01             
       H -6.69900e+01 -2.54839e+01  6.75755e+01             
       H -4.83737e+01 -6.55235e+00  5.76550e+01             
       O -8.94546e+01 -1.18762e+01  5.75665e+01             
       H -8.87881e+01 -1.14007e+01  5.70325e+01             
       H -8.89098e+01 -1.20094e+01  5.83587e+01             
       O -6.01673e+01 -2.87020e+01  5.03369e+01             
       H -5.97499e+01 -2.81333e+01  5.09176e+01             
       H -5.52601e+01 -1.48460e+01  5.66916e+01             
       O -6.49035e+01 -1.07854e+01  4.14936e+01             
       H -6.40985e+01 -1.11714e+01  4.18354e+01             
       H -7.22433e+01 -2.18933e+01  2.12040e+01             
       O -6.94727e+01 -2.11256e+01  4.36781e+01             
       H -6.90093e+01 -2.02287e+01  4.36501e+01             
       H -6.87278e+01 -2.17433e+01  4.36031e+01             
       O -5.41462e+01 -2.28449e+01  3.78106e+01             
       H -5.38779e+01 -2.38000e+01  3.77587e+01             
       H -5.33110e+01 -2.25740e+01  3.82498e+01             
       O -4.40763e+01 -2.57559e+01  4.85181e+01             
       H -4.31426e+01 -1.35460e+01  4.89230e+01             
       H -4.38802e+01 -2.51917e+01  4.77906e+01             
       O -5.66803e+01 -1.01039e+01  5.22626e+01             
       H -4.35565e+01 -1.04828e+01  5.17690e+01             
       H -5.63103e+01 -9.25805e+00  5.25869e+01             
       O -5.19523e+01  3.20530e+00  5.17729e+01             
       H -5.88992e+01 -2.99700e+01  4.10511e+01             
       H -6.21749e+01  1.49331e+00  4.31053e+01             
       O -6.62337e+01 -1.68807e+01  4.66092e+01             
       H -6.58348e+01 -1.73894e+01  4.58451e+01             
       H -6.53952e+01 -1.63924e+01  4.69398e+01             
       O -6.26864e+01 -4.30097e+00  3.70641e+01             
       H -6.18564e+01 -1.62641e+01  3.72352e+01             
       H -6.24369e+01 -5.17332e+00  3.67276e+01             
       O -7.01821e+01 -1.87517e+01  5.28236e+01             
       H -6.98727e+01 -1.86402e+01  5.19081e+01             
       H -6.94990e+01 -1.92738e+01  5.32440e+01             
       O -5.84217e+01 -1.79754e+01  5.62432e+01             
       H -5.86472e+01 -1.78355e+01  5.53349e+01             
       H -5.74645e+01 -1.80030e+01  5.62796e+01             
       O -7.29628e+01 -2.01971e+01  4.05231e+01             
       H -7.20318e+01 -1.99173e+01  5.28113e+01             
       H -6.64740e+01 -3.69668e+01  4.17391e+01             
       O -5.48196e+01 -2.01159e+01  6.16066e+01             
       H -5.46552e+01 -2.09880e+01  6.20272e+01             
       H -5.39839e+01 -1.98735e+01  6.11534e+01             
       O -6.00066e+01 -1.91082e+01  4.69705e+01             
       H -5.94187e+01 -1.84141e+01  4.73006e+01             
       H -5.94233e+01 -1.98260e+01  4.66971e+01             
       O -7.65615e+01 -1.62574e+01  5.58622e+01             
       H -7.60125e+01 -1.62117e+01  5.50697e+01             
       H -7.60129e+01 -1.65775e+01  5.66205e+01             
       O -5.62688e+01 -2.23215e+01  4.74027e+01             
       H -5.57138e+01 -2.16562e+01  4.77529e+01             
       H -5.57130e+01 -2.28159e+01  4.68002e+01             
       O -7.10238e+01 -1.39837e+01  2.69580e+01             
       H -7.07666e+01 -1.32752e+01  2.63566e+01             
       H -7.01988e+01 -1.41007e+01  2.75248e+01             
       O -6.05612e+01 -2.25086e+01  2.10384e+01             
       H -3.91406e+01 -8.34597e+00  3.90808e+01             
       H -6.01441e+01 -2.32007e+01  2.04873e+01             
       O -6.72382e+01 -1.66375e+01  5.24714e+01             
       H -6.69688e+01 -1.71455e+01  5.32642e+01             
       H -6.63462e+01 -1.63875e+01  5.21411e+01             
       O -6.59894e+01 -1.41854e+01  6.88349e+01             
       H -6.53699e+01 -1.49636e+01  6.86204e+01             
       H -6.53812e+01 -1.35921e+01  6.93314e+01             
192                                                         
# CELL(abcABC):   12.41850    12.41850    12.41850    90.00000    90.00000    90.00000  Step:      200000  Bead:       0 x_centroid{angstrom}  cell{angstrom}   
       O -8.20192e+01 -1.33703e+01  7.34007e+01             
       H -8.13834e+01 -1.38306e+01  7.39617e+01             
       H -8.14191e+01 -1.30793e+01  7.26712e+01             
       O -7.14036e+01 -7.55173e+00  6.27968e+01             
       H -7.38119e+01 -1.95652e+01  5.70784e+01             
       H -7.06954e+01 -7.54477e+00  6.20421e+01             
       O -7.73532e+01 -2.62047e+01  5.33324e+01             
       H -7.65359e+01 -1.39511e+01  5.39324e+01             
       H -7.69492e+01 -2.58778e+01  5.24922e+01             
       O -6.52894e+01 -2.13021e+01  6.34992e+01             
       H -6.45179e+01 -2.17463e+01  6.30907e+01             
       H -6.49604e+01 -2.13293e+01  6.44760e+01             
       O -6.26286e+01 -2.24135e+01  5.52506e+01             
       H -6.20266e+01 -2.31032e+01  5.49737e+01             
       H -6.19741e+01 -2.16979e+01  5.53943e+01             
       O -6.81329e+01 -2.11663e+01  6.85981e+01             
       H -6.73370e+01 -2.17036e+01  6.84684e+01             
       H -6.78753e+01 -2.04761e+01  6.91965e+01             
       O -7.13253e+01 -2.45299e+01  3.96767e+01             
       H -7.10146e+01 -2.36301e+01  3.98444e+01             
       H -6.25248e+01 -1.87912e+00  6.09650e+01             
       O -5.61788e+01 -1.74969e+01  7.31250e+01             
       H -5.53005e+01 -1.72582e+01  7.36450e+01             
       H -5.57990e+01 -3.01940e+01  7.22440e+01             
       O -7.90979e+01 -1.35538e+01  4.52527e+01             
       H -7.89160e+01 -1.44686e+01  4.56100e+01             
       H -7.82707e+01 -1.33390e+01  4.47869e+01             
       O -7.51976e+01 -2.62841e+01  5.49176e+01             
       H -7.43817e+01 -2.58345e+01  5.45950e+01             
       H -7.49064e+01 -2.69707e+01  5.55742e+01             
       O -7.79993e+01 -6.31157e+00  6.40198e+01             
       H -7.71457e+01 -6.17827e+00  6.44288e+01             
       H -7.78803e+01 -7.26950e+00  6.36887e+01             
       O -7.18860e+01 -1.24954e+01  4.95781e+01             
       H -7.16746e+01 -1.23030e+01  5.05171e+01             
       H -6.64632e+01 -9.02079e+00  4.84182e+01             
       O -7.13853e+01 -3.29832e+01  4.66864e+01             
       H -7.08484e+01 -3.27442e+01  4.74101e+01             
       H -6.46362e+01 -2.58735e+01  6.06303e+01             
       O -8.19102e+01 -2.01510e+01  5.41107e+01             
       H -8.12660e+01 -2.04457e+01  5.48213e+01             
       H -8.13372e+01 -1.94033e+01  5.37542e+01             
       O -6.39228e+01 -2.51607e+01  6.35339e+01             
       H -6.33549e+01 -2.44423e+01  6.36571e+01             
       H -6.32271e+01 -2.58208e+01  6.33211e+01             
       O -7.31802e+01 -1.00679e+01  6.15310e+01             
       H -7.25922e+01 -9.33112e+00  6.18116e+01             
       H -7.26071e+01 -1.09013e+01  6.15439e+01             
       O -7.30353e+01 -1.21846e+01  4.23281e+01             
       H -7.26562e+01 -2.43268e+01  4.14624e+01             
       H -7.21919e+01 -1.21185e+01  4.29676e+01             
       O -7.29474e+01 -2.87669e+01  5.00935e+01             
       H -7.22520e+01 -2.88865e+01  5.07773e+01             
       H -7.23482e+01 -2.86258e+01  4.92966e+01             
       O -8.37325e+01 -1.63722e+01  5.24775e+01             
       H -8.29071e+01 -1.67929e+01  5.19798e+01             
       H -8.32632e+01 -1.57334e+01  5.30246e+01             
       O -7.38396e+01  6.02013e+00  5.03746e+01             
       H -5.83960e+01 -1.98823e+01  5.50560e+01             
       H -7.36503e+01  7.02512e+00  5.04080e+01             
       O -6.63753e+01 -1.70823e+01  6.20209e+01             
       H -7.06974e+01 -2.38755e+01  5.70178e+01             
       H -7.83899e+01 -1.76593e+01  6.27030e+01             
       O -6.78567e+01 -3.03700e+01  5.80955e+01             
       H -6.72329e+01 -3.11883e+01  5.79794e+01             
       H -6.71768e+01 -2.96632e+01  5.81142e+01             
       O -7.34693e+01 -2.29266e+01  5.85753e+01             
       H -7.30643e+01 -2.24699e+01  5.93344e+01             
       H -7.29050e+01 -2.26628e+01  5.78027e+01             
       O -7.36325e+01 -4.40062e+01  5.85384e+01             
       H -7.27915e+01 -4.45739e+01  5.87037e+01             
       H -7.31004e+01 -4.31230e+01  7.09757e+01             
       O -7.67607e+01 -8.92496e+00  5.33842e+01             
       H -7.59811e+01 -8.30446e+00  5.32189e+01             
       H -7.62407e+01 -9.52846e+00  5.39494e+01             
       O -6.49822e+01 -2.10751e+01  5.98374e+01             
       H -6.42638e+01 -2.05464e+01  6.02430e+01             
       H -6.45305e+01 -2.19077e+01  5.94522e+01             
       O -7.32709e+01 -2.62482e+01  7.12681e+01             
       H -7.25440e+01 -2.65868e+01  7.06973e+01             
       H -7.31877e+01 -2.53113e+01  7.11726e+01             
       O -8.75050e+01 -2.26016e+01  5.11854e+01             
       H -8.69189e+01 -2.22202e+01  5.18810e+01             
       H -8.68459e+01 -2.27492e+01  5.04224e+01             
       O -7.43019e+01 -3.73353e+00  6.87578e+01             
       H -7.37726e+01 -4.23416e+00  6.80207e+01             
       H -7.36410e+01 -3.78528e+00  6.95158e+01             
       O -7.51038e+01 -1.91520e+01  5.25439e+01             
       H -7.46241e+01 -1.90552e+01  5.15912e+01             
       H -7.44112e+01 -1.87244e+01  4.06754e+01             
       O -7.09112e+01 -1.58545e+01  3.55456e+01             
       H -7.01540e+01 -1.64350e+01  3.58804e+01             
       H -8.29503e+01 -1.49552e+01  3.54668e+01             
       O -5.67930e+01 -1.74868e+01  3.88879e+01             
       H -5.62205e+01 -1.79169e+01  3.95840e+01             
       H -5.61739e+01 -1.71618e+01  3.81816e+01             
       O -7.29778e+01 -3.02824e+01  4.16417e+01             
       H -7.23780e+01 -3.08661e+01  4.22080e+01             
       H -7.23450e+01 -2.97108e+01  5.35133e+01             
       O -6.63762e+01 -1.60609e+01  4.21133e+01             
       H -7.61525e+01 -1.15356e+01  4.73261e+01             
       H -6.59554e+01 -1.54372e+01  4.14922e+01             
       O -6.71549e+01 -2.67913e+01  6.22731e+01             
       H -6.67124e+01 -2.76183e+01  6.26036e+01             
       H -6.63730e+01 -2.63702e+01  6.17265e+01             
       O -6.00007e+01 -1.67922e+01  4.59564e+01             
       H -5.91706e+01 -1.70696e+01  4.54566e+01             
       H -5.96399e+01 -1.64771e+01  4.68249e+01             
       O -6.44446e+01 -2.93710e+01  5.60439e+01             
       H -6.35466e+01 -2.89974e+01  5.62651e+01             
       H -6.42782e+01 -3.03809e+01  5.58117e+01             
       O -6.77077e+01 -1.01452e+01  6.35120e+01             
       H -6.68573e+01 -9.63634e+00  6.35050e+01             
       H -6.75014e+01 -1.10319e+01  6.37915e+01             
       O -5.51039e+01  6.41911e+00  7.81884e+01             
       H -5.47409e+01  7.31412e+00  7.84691e+01             
       H -5.42882e+01  6.17032e+00  7.76622e+01             
       O -6.52744e+01 -2.54363e+01  6.12706e+01             
       H -7.04550e+01 -2.50354e+01  3.96288e+01             
       H -6.46317e+01 -2.51178e+01  6.19980e+01             
       O -7.41546e+01 -1.97412e+01  5.61098e+01             
       H -6.55794e+01 -1.63685e+01  4.26151e+01             
       H -7.32899e+01 -1.97252e+01  5.56642e+01             
       O -6.74251e+01 -9.30706e+00  4.84937e+01             
       H -7.29405e+01 -6.81692e+00  5.03530e+01             
       H -6.76249e+01 -9.78974e+00  4.93132e+01             
       O -6.58773e+01 -2.85378e+01  5.82013e+01             
       H -7.77458e+01 -2.89343e+01  7.13582e+01             
       H -5.83893e+01 -7.99217e+00  6.34414e+01             
       O -9.88266e+01 -1.39075e+01  6.23790e+01             
       H -9.80306e+01 -1.33170e+01  6.22468e+01             
       H -9.84942e+01 -1.47325e+01  6.27428e+01             
       O -7.14918e+01 -3.19524e+01  5.57312e+01             
       H -7.09702e+01 -3.12770e+01  5.62420e+01             
       H -6.55312e+01 -1.70519e+01  6.14564e+01             
       O -7.61427e+01 -1.08907e+01  4.66469e+01             
       H -7.51644e+01 -1.06693e+01  4.65353e+01             
       H -8.07423e+01 -2.53274e+01  2.77048e+01             
       O -8.04346e+01 -2.43219e+01  4.70657e+01             
       H -7.98141e+01 -2.48519e+01  4.65185e+01             
       H -7.98395e+01 -2.36376e+01  4.74096e+01             
       O -6.43064e+01 -2.47195e+01  4.44135e+01             
       H -6.36985e+01 -2.51947e+01  4.37927e+01             
       H -6.38328e+01 -2.44814e+01  4.51944e+01             
       O -5.70352e+01 -2.80489e+01  5.50827e+01             
       H -5.68316e+01 -1.48010e+01  5.55428e+01             
       H -5.61287e+01 -2.84062e+01  5.49747e+01             
       O -6.86279e+01 -1.31992e+01  5.58573e+01             
       H -5.57701e+01 -1.29330e+01  5.50264e+01             
       H -6.79569e+01 -1.32339e+01  5.65926e+01             
       O -6.31315e+01 -2.05113e+00  6.02123e+01             
       H -7.07783e+01 -3.36325e+01  4.62011e+01             
       H -7.09152e+01 -2.08090e-01  4.93025e+01             
       O -7.69361e+01 -1.98066e+01  5.57949e+01             
       H -7.59286e+01 -1.98302e+01  5.57128e+01             
       H -7.72442e+01 -2.01623e+01  5.49289e+01             
       O -7.32170e+01 -9.06608e+00  4.05449e+01             
       H -7.23691e+01 -2.17238e+01  4.01456e+01             
       H -7.33513e+01 -8.13058e+00  4.03659e+01             
       O -8.21291e+01 -2.25045e+01  5.78596e+01             
       H -8.15396e+01 -2.21165e+01  5.71271e+01             
       H -8.14918e+01 -2.29366e+01  5.84148e+01             
       O -6.95143e+01 -1.99161e+01  6.10012e+01             
       H -6.91631e+01 -1.90093e+01  6.09573e+01             
       H -6.86366e+01 -2.04522e+01  6.09631e+01             
       O -8.34863e+01 -2.47039e+01  4.42173e+01             
       H -8.27026e+01 -2.50662e+01  5.61844e+01             
       H -7.77635e+01 -4.11914e+01  4.49821e+01             
       O -6.58924e+01 -2.28250e+01  6.81608e+01             
       H -6.52627e+01 -2.34467e+01  6.86290e+01             
       H -6.53725e+01 -2.20152e+01  6.80801e+01             
       O -7.00693e+01 -2.17726e+01  5.21010e+01             
       H -6.97409e+01 -2.13464e+01  5.28898e+01             
       H -6.92023e+01 -2.20762e+01  5.16001e+01             
       O -8.77163e+01 -1.93330e+01  6.04824e+01             
       H -8.70295e+01 -1.94145e+01  5.97310e+01             
       H -8.71666e+01 -1.93495e+01  6.13520e+01             
       O -6.70801e+01 -2.48104e+01  5.37571e+01             
       H -6.69409e+01 -2.40358e+01  5.43233e+01             
       H -6.62498e+01 -2.53681e+01  5.38591e+01             
       O -8.26038e+01 -1.73776e+01  3.22573e+01             
       H -8.22249e+01 -1.68214e+01  3.15039e+01             
       H -8.18762e+01 -1.74559e+01  3.29550e+01             
       O -6.88532e+01 -2.57306e+01  2.69848e+01             
       H -5.00910e+01 -1.43860e+01  4.70240e+01             
       H -6.81308e+01 -2.61822e+01  2.64743e+01             
       O -7.86387e+01 -1.99403e+01  5.77728e+01             
       H -7.83074e+01 -2.01544e+01  5.86920e+01             
       H -7.79096e+01 -1.95269e+01  5.72648e+01             
       O -7.67063e+01 -1.69324e+01  7.28687e+01             
       H -7.61521e+01 -1.77718e+01  7.29529e+01             
       H -7.61348e+01 -1.60902e+01  7.27679e+01             
