192                                                         
# CELL(abcABC):   12.41850    12.41850    12.41850    90.00000    90.00000    90.00000  Step:           0  Bead:       0 x_centroid{angstrom}  cell{angstrom}   
       O -7.45413e+01 -9.93661e+00  6.74968e+01             
       H -7.46937e+01 -1.03659e+01  6.66123e+01             
       H -7.36963e+01 -9.44831e+00  6.73704e+01             
       O -6.18978e+01 -6.57404e+00  5.69409e+01             
       H -6.30966e+01 -1.62392e+01  5.35277e+01             
       H -6.12073e+01 -5.89578e+00  5.67896e+01             
       O -6.64948e+01 -2.68948e+01  5.03603e+01             
       H -6.59463e+01 -1.41114e+01  5.10575e+01             
       H -6.57705e+01 -2.71716e+01  4.97715e+01             
       O -5.98360e+01 -2.09881e+01  5.45584e+01             
       H -5.89528e+01 -2.07773e+01  5.50116e+01             
       H -6.02266e+01 -2.01102e+01  5.43855e+01             
       O -5.27879e+01 -2.01342e+01  4.74564e+01             
       H -5.21950e+01 -1.94032e+01  4.75032e+01             
       H -5.23096e+01 -2.08583e+01  4.79042e+01             
       O -5.65788e+01 -1.88157e+01  6.28173e+01             
       H -5.59189e+01 -1.92681e+01  6.22545e+01             
       H -5.61435e+01 -1.80069e+01  6.30843e+01             
       O -6.29644e+01 -1.88837e+01  3.60687e+01             
       H -6.22550e+01 -1.86095e+01  3.54259e+01             
       H -5.14371e+01  1.50269e+00  5.20600e+01             
       O -4.71777e+01 -1.67513e+01  6.70233e+01             
       H -4.69638e+01 -1.70509e+01  6.79286e+01             
       H -4.63925e+01 -2.87255e+01  6.67475e+01             
       O -6.88497e+01 -9.52186e+00  4.06855e+01             
       H -6.83491e+01 -9.05169e+00  4.13583e+01             
       H -6.81070e+01 -9.72001e+00  4.00880e+01             
       O -6.41260e+01 -2.21458e+01  4.88240e+01             
       H -6.38409e+01 -2.28270e+01  4.82010e+01             
       H -6.33466e+01 -2.20479e+01  4.94821e+01             
       O -6.75669e+01 -6.05189e+00  5.60069e+01             
       H -6.68601e+01 -6.56462e+00  5.65078e+01             
       H -6.71557e+01 -5.56803e+00  5.52848e+01             
       O -6.42399e+01 -1.10065e+01  4.57448e+01             
       H -6.44236e+01 -1.08818e+01  4.47814e+01             
       H -5.48900e+01 -1.04512e+01  4.31084e+01             
       O -6.02316e+01 -3.12868e+01  4.02180e+01             
       H -5.99329e+01 -3.05303e+01  4.07261e+01             
       H -5.71371e+01 -2.69891e+01  5.98516e+01             
       O -7.07960e+01 -1.73765e+01  4.90203e+01             
       H -7.00991e+01 -1.79513e+01  4.94765e+01             
       H -7.02768e+01 -1.66631e+01  4.85438e+01             
       O -5.62248e+01 -2.38920e+01  5.86145e+01             
       H -5.59880e+01 -2.36089e+01  5.77217e+01             
       H -5.53801e+01 -2.42550e+01  5.89233e+01             
       O -6.38626e+01 -7.97675e+00  5.54852e+01             
       H -6.32705e+01 -7.27400e+00  5.58480e+01             
       H -6.34549e+01 -8.83835e+00  5.57166e+01             
       O -6.20307e+01 -7.85453e+00  3.84840e+01             
       H -6.14687e+01 -1.96474e+01  3.89534e+01             
       H -6.15423e+01 -8.64405e+00  3.86148e+01             
       O -6.37367e+01 -2.49591e+01  4.29417e+01             
       H -6.34645e+01 -2.51537e+01  4.20391e+01             
       H -6.28962e+01 -2.50125e+01  4.34816e+01             
       O -7.02402e+01 -1.21719e+01  5.07505e+01             
       H -6.94040e+01 -1.22089e+01  5.02271e+01             
       H -7.01759e+01 -1.12686e+01  5.10743e+01             
       O -6.38229e+01  7.97548e+00  4.56784e+01             
       H -4.70888e+01 -1.65715e+01  5.00154e+01             
       H -6.30580e+01  8.59798e+00  4.57036e+01             
       O -5.68287e+01 -1.68855e+01  5.72216e+01             
       H -6.00187e+01 -2.19964e+01  5.32137e+01             
       H -6.86654e+01 -1.75356e+01  5.67543e+01             
       O -5.70893e+01 -2.77913e+01  5.34529e+01             
       H -5.65112e+01 -2.82773e+01  5.28581e+01             
       H -5.66610e+01 -2.69593e+01  5.37251e+01             
       O -6.46151e+01 -2.01963e+01  5.28213e+01             
       H -6.40599e+01 -2.03404e+01  5.36650e+01             
       H -6.39384e+01 -1.99060e+01  5.22497e+01             
       O -6.20041e+01 -4.01483e+01  5.48970e+01             
       H -6.11658e+01 -4.05969e+01  5.47124e+01             
       H -6.18337e+01 -3.92431e+01  6.69831e+01             
       O -6.42231e+01 -2.48009e+00  4.88917e+01             
       H -6.35996e+01 -1.77979e+00  4.88084e+01             
       H -6.37302e+01 -3.25529e+00  4.91788e+01             
       O -5.37126e+01 -1.77149e+01  5.35995e+01             
       H -5.29627e+01 -1.70999e+01  5.36799e+01             
       H -5.32644e+01 -1.85958e+01  5.34648e+01             
       O -6.27700e+01 -2.44698e+01  6.40450e+01             
       H -6.21620e+01 -2.45570e+01  6.48427e+01             
       H -6.20488e+01 -2.46136e+01  6.34111e+01             
       O -7.83299e+01 -2.04068e+01  4.46870e+01             
       H -7.79437e+01 -2.05889e+01  4.55659e+01             
       H -7.75762e+01 -2.04881e+01  4.41199e+01             
       O -6.05512e+01 -2.05907e+00  6.06467e+01             
       H -6.04980e+01 -2.63661e+00  6.14326e+01             
       H -5.96156e+01 -1.92188e+00  6.04140e+01             
       O -6.25445e+01 -1.20893e+01  4.78202e+01             
       H -6.20240e+01 -1.24121e+01  4.71214e+01             
       H -6.18594e+01 -1.22173e+01  3.61151e+01             
       O -5.83349e+01 -1.16120e+01  2.95574e+01             
       H -5.76247e+01 -1.23001e+01  2.96160e+01             
       H -7.02703e+01 -1.08687e+01  2.92106e+01             
       O -4.94670e+01 -1.26304e+01  3.26498e+01             
       H -4.93251e+01 -1.35774e+01  3.28017e+01             
       H -4.85913e+01 -1.22400e+01  3.25187e+01             
       O -6.04559e+01 -2.40954e+01  3.71554e+01             
       H -5.95812e+01 -2.44867e+01  3.71970e+01             
       H -6.01438e+01 -2.31588e+01  4.95100e+01             
       O -5.61304e+01 -1.61516e+01  3.48948e+01             
       H -6.57508e+01 -1.14033e+01  4.12176e+01             
       H -5.62409e+01 -1.66961e+01  3.41341e+01             
       O -5.93631e+01 -2.38974e+01  5.69293e+01             
       H -5.85812e+01 -2.37611e+01  5.74774e+01             
       H -5.90744e+01 -2.39635e+01  5.59830e+01             
       O -4.85383e+01 -1.26402e+01  4.11159e+01             
       H -4.80058e+01 -1.32594e+01  4.07267e+01             
       H -4.78092e+01 -1.20232e+01  4.14398e+01             
       O -5.24934e+01 -2.61603e+01  5.24029e+01             
       H -5.17329e+01 -2.56201e+01  5.21052e+01             
       H -5.22290e+01 -2.69693e+01  5.28463e+01             
       O -5.85780e+01 -8.15132e+00  5.86639e+01             
       H -5.82047e+01 -7.99017e+00  5.77560e+01             
       H -5.78575e+01 -8.61448e+00  5.90988e+01             
       O -4.91995e+01  9.61443e+00  7.05912e+01             
       H -4.83750e+01  9.16232e+00  7.02716e+01             
       H -4.89634e+01  9.79022e+00  7.15369e+01             
       O -5.78510e+01 -2.63747e+01  6.00674e+01             
       H -6.24804e+01 -1.94553e+01  3.66774e+01             
       H -5.75892e+01 -2.54839e+01  5.97076e+01             
       O -6.38451e+01 -1.63418e+01  5.28814e+01             
       H -5.51306e+01 -1.60613e+01  3.50121e+01             
       H -6.33606e+01 -1.65010e+01  5.20431e+01             
       O -5.53653e+01 -9.85984e+00  4.37309e+01             
       H -6.32940e+01 -5.26224e+00  4.56646e+01             
       H -5.46895e+01 -9.20956e+00  4.41043e+01             
       O -5.60714e+01 -2.56147e+01  5.47766e+01             
       H -6.83738e+01 -2.58815e+01  6.81303e+01             
       H -4.90290e+01 -7.28919e+00  5.74490e+01             
       O -9.10729e+01 -1.23964e+01  5.94724e+01             
       H -9.02958e+01 -1.19294e+01  5.90950e+01             
       H -9.09050e+01 -1.33710e+01  5.94359e+01             
       O -6.02618e+01 -2.86100e+01  5.05382e+01             
       H -5.99646e+01 -2.80304e+01  5.12194e+01             
       H -5.64105e+01 -1.60180e+01  5.71603e+01             
       O -6.62999e+01 -1.16486e+01  4.20606e+01             
       H -6.55878e+01 -1.20761e+01  4.25072e+01             
       H -7.30595e+01 -2.12502e+01  2.13690e+01             
       O -6.98068e+01 -2.04025e+01  4.35074e+01             
       H -6.90481e+01 -1.98092e+01  4.32750e+01             
       H -6.93364e+01 -2.11728e+01  4.37852e+01             
       O -5.45589e+01 -2.24565e+01  3.87174e+01             
       H -5.48915e+01 -2.31740e+01  3.82264e+01             
       H -5.36689e+01 -2.26437e+01  3.90534e+01             
       O -4.29660e+01 -2.45924e+01  4.94813e+01             
       H -4.26858e+01 -1.29995e+01  4.98524e+01             
       H -4.24325e+01 -2.44377e+01  4.86786e+01             
       O -5.91674e+01 -9.37082e+00  4.95781e+01             
       H -4.60177e+01 -9.40862e+00  4.89003e+01             
       H -5.88861e+01 -8.83091e+00  5.03008e+01             
       O -5.22207e+01  1.94957e+00  5.24941e+01             
       H -5.94457e+01 -3.17915e+01  3.99128e+01             
       H -6.33345e+01  1.05060e+00  4.57165e+01             
       O -6.58701e+01 -1.54237e+01  4.68765e+01             
       H -6.53042e+01 -1.58896e+01  4.62454e+01             
       H -6.53352e+01 -1.51780e+01  4.76646e+01             
       O -6.28601e+01 -4.30281e+00  3.79050e+01             
       H -6.18760e+01 -1.65678e+01  3.79500e+01             
       H -6.29578e+01 -5.17630e+00  3.74886e+01             
       O -7.04693e+01 -2.02942e+01  5.17458e+01             
       H -6.98348e+01 -1.95448e+01  5.14372e+01             
       H -6.98844e+01 -2.08605e+01  5.22838e+01             
       O -5.96955e+01 -1.71221e+01  5.75084e+01             
       H -5.87317e+01 -1.69904e+01  5.74427e+01             
       H -5.98343e+01 -1.75123e+01  5.84375e+01             
       O -7.28986e+01 -2.23127e+01  4.00019e+01             
       H -7.23144e+01 -2.29793e+01  5.19372e+01             
       H -6.76801e+01 -3.75907e+01  4.21455e+01             
       O -5.48704e+01 -2.05197e+01  6.14084e+01             
       H -5.44712e+01 -2.11107e+01  6.20838e+01             
       H -5.41113e+01 -2.01681e+01  6.08413e+01             
       O -6.02298e+01 -1.83828e+01  4.74471e+01             
       H -5.96009e+01 -1.80873e+01  4.80985e+01             
       H -5.97938e+01 -1.91482e+01  4.70018e+01             
       O -7.71876e+01 -1.51644e+01  5.56275e+01             
       H -7.68908e+01 -1.42695e+01  5.54516e+01             
       H -7.64559e+01 -1.56810e+01  5.59262e+01             
       O -5.68463e+01 -2.19001e+01  4.79094e+01             
       H -5.60690e+01 -2.13757e+01  4.82623e+01             
       H -5.63811e+01 -2.26372e+01  4.74727e+01             
       O -7.16773e+01 -1.43852e+01  2.74598e+01             
       H -7.11981e+01 -1.37006e+01  2.70129e+01             
       H -7.09091e+01 -1.48783e+01  2.79253e+01             
       O -6.13412e+01 -2.15531e+01  2.08009e+01             
       H -3.97686e+01 -9.47396e+00  4.01171e+01             
       H -6.08755e+01 -2.19679e+01  2.01223e+01             
       O -6.78451e+01 -1.67642e+01  5.14790e+01             
       H -6.72324e+01 -1.72530e+01  5.22282e+01             
       H -6.72011e+01 -1.62543e+01  5.09296e+01             
       O -6.72318e+01 -1.47224e+01  6.93021e+01             
       H -6.64030e+01 -1.49490e+01  6.87424e+01             
       H -6.68436e+01 -1.44118e+01  7.01363e+01             
192                                                         
# CELL(abcABC):   12.41850    12.41850    12.41850    90.00000    90.00000    90.00000  Step:      200000  Bead:       0 x_centroid{angstrom}  cell{angstrom}   
       O -8.77066e+01 -1.44845e+01  7.42757e+01             
       H -8.68599e+01 -1.47487e+01  7.47186e+01             
       H -8.73156e+01 -1.45631e+01  7.33452e+01             
       O -7.47953e+01 -1.01560e+01  6.28561e+01             
       H -7.49815e+01 -2.03573e+01  6.11844e+01             
       H -7.41980e+01 -9.77209e+00  6.21611e+01             
       O -7.81699e+01 -3.11571e+01  5.80197e+01             
       H -7.73602e+01 -1.83404e+01  5.84401e+01             
       H -7.78325e+01 -3.10727e+01  5.70628e+01             
       O -7.28442e+01 -2.18272e+01  6.09677e+01             
       H -7.21679e+01 -2.25746e+01  6.07805e+01             
       H -7.23274e+01 -2.10194e+01  6.11027e+01             
       O -6.42097e+01 -2.29011e+01  5.59580e+01             
       H -6.33441e+01 -2.30888e+01  5.55244e+01             
       H -6.38195e+01 -2.27133e+01  5.68330e+01             
       O -6.88640e+01 -2.22153e+01  6.95261e+01             
       H -6.81936e+01 -2.29226e+01  6.93843e+01             
       H -6.83696e+01 -2.14614e+01  6.99557e+01             
       O -7.41148e+01 -2.36386e+01  4.24578e+01             
       H -7.37097e+01 -2.34499e+01  4.15555e+01             
       H -6.55800e+01 -1.42279e+00  5.80207e+01             
       O -5.92146e+01 -1.94592e+01  7.37443e+01             
       H -5.85608e+01 -1.96843e+01  7.44498e+01             
       H -5.85562e+01 -3.18435e+01  7.30072e+01             
       O -8.36893e+01 -1.14965e+01  4.82460e+01             
       H -8.29747e+01 -1.15442e+01  4.89123e+01             
       H -8.33371e+01 -1.13526e+01  4.73232e+01             
       O -7.72121e+01 -2.72378e+01  5.69431e+01             
       H -7.70100e+01 -2.69199e+01  5.60381e+01             
       H -7.64007e+01 -2.77844e+01  5.71809e+01             
       O -7.98666e+01 -9.40673e+00  6.30248e+01             
       H -7.92982e+01 -9.24996e+00  6.37907e+01             
       H -7.92740e+01 -9.37005e+00  6.22734e+01             
       O -7.77554e+01 -1.20381e+01  5.25857e+01             
       H -7.72906e+01 -1.20858e+01  5.16835e+01             
       H -6.78299e+01 -1.46159e+01  4.97211e+01             
       O -7.42495e+01 -3.42489e+01  4.61129e+01             
       H -7.35771e+01 -3.41957e+01  4.67675e+01             
       H -6.99500e+01 -2.67510e+01  6.33227e+01             
       O -8.20534e+01 -2.05211e+01  5.50985e+01             
       H -8.19441e+01 -2.12176e+01  5.57854e+01             
       H -8.11339e+01 -2.00619e+01  5.50524e+01             
       O -6.73329e+01 -2.61602e+01  6.51144e+01             
       H -6.65016e+01 -2.55845e+01  6.49265e+01             
       H -6.67943e+01 -2.69411e+01  6.53314e+01             
       O -7.66042e+01 -1.23296e+01  6.25398e+01             
       H -7.60226e+01 -1.15672e+01  6.24869e+01             
       H -7.60752e+01 -1.31537e+01  6.22512e+01             
       O -7.55253e+01 -1.17537e+01  4.64831e+01             
       H -7.49890e+01 -2.33504e+01  4.63568e+01             
       H -7.48365e+01 -1.23912e+01  4.68577e+01             
       O -7.72686e+01 -2.88272e+01  4.89826e+01             
       H -7.67081e+01 -2.94611e+01  4.84181e+01             
       H -7.67047e+01 -2.80264e+01  4.91403e+01             
       O -8.22738e+01 -1.67483e+01  5.63261e+01             
       H -8.12994e+01 -1.67398e+01  5.66621e+01             
       H -8.22896e+01 -1.63883e+01  5.54100e+01             
       O -7.60892e+01  4.67755e+00  5.16607e+01             
       H -6.01516e+01 -2.06120e+01  5.55891e+01             
       H -7.53586e+01  4.73331e+00  5.22833e+01             
       O -6.96283e+01 -2.01278e+01  6.31712e+01             
       H -7.25515e+01 -2.64248e+01  5.96778e+01             
       H -8.13790e+01 -2.08557e+01  6.30843e+01             
       O -6.98435e+01 -3.16769e+01  5.91984e+01             
       H -6.90042e+01 -3.22443e+01  5.91535e+01             
       H -6.94526e+01 -3.08212e+01  5.94654e+01             
       O -7.77526e+01 -2.43654e+01  6.02082e+01             
       H -7.75220e+01 -2.45822e+01  6.11362e+01             
       H -7.67970e+01 -2.41932e+01  5.98155e+01             
       O -7.40089e+01 -4.33845e+01  6.22534e+01             
       H -7.40067e+01 -4.37569e+01  6.31447e+01             
       H -7.31053e+01 -4.35458e+01  7.42730e+01             
       O -7.73140e+01 -5.67875e+00  5.53307e+01             
       H -7.70785e+01 -4.80593e+00  5.49580e+01             
       H -7.64799e+01 -6.24461e+00  5.54209e+01             
       O -6.58554e+01 -2.15902e+01  6.06523e+01             
       H -6.49188e+01 -2.12852e+01  6.06506e+01             
       H -6.58585e+01 -2.25402e+01  6.04046e+01             
       O -7.50211e+01 -2.85197e+01  6.93976e+01             
       H -7.45474e+01 -2.88884e+01  7.01821e+01             
       H -7.42448e+01 -2.79658e+01  6.91691e+01             
       O -9.06409e+01 -2.12372e+01  5.28070e+01             
       H -8.98231e+01 -2.08438e+01  5.23290e+01             
       H -9.03764e+01 -2.18968e+01  5.34490e+01             
       O -7.33045e+01 -4.70510e+00  6.66381e+01             
       H -7.34723e+01 -4.86270e+00  6.76064e+01             
       H -7.23900e+01 -4.72791e+00  6.63769e+01             
       O -7.78514e+01 -1.60551e+01  5.25874e+01             
       H -7.69485e+01 -1.57250e+01  5.26584e+01             
       H -7.78344e+01 -1.68065e+01  3.95941e+01             
       O -7.18536e+01 -1.56025e+01  3.56493e+01             
       H -7.08408e+01 -1.58862e+01  3.56648e+01             
       H -8.45201e+01 -1.57272e+01  3.65664e+01             
       O -6.27575e+01 -1.56973e+01  4.04919e+01             
       H -6.23459e+01 -1.57322e+01  3.96438e+01             
       H -6.20629e+01 -1.60395e+01  4.11065e+01             
       O -7.25331e+01 -2.73280e+01  4.40023e+01             
       H -7.16583e+01 -2.77552e+01  4.39850e+01             
       H -7.23533e+01 -2.63561e+01  5.64869e+01             
       O -7.08548e+01 -1.67997e+01  4.10829e+01             
       H -7.93768e+01 -1.47316e+01  4.74261e+01             
       H -6.99949e+01 -1.73284e+01  4.10570e+01             
       O -7.31490e+01 -2.82811e+01  6.29234e+01             
       H -7.21283e+01 -2.81727e+01  6.33265e+01             
       H -7.33517e+01 -2.91218e+01  6.26565e+01             
       O -6.11386e+01 -1.71211e+01  4.66354e+01             
       H -6.05332e+01 -1.74439e+01  4.59050e+01             
       H -6.05079e+01 -1.64868e+01  4.70976e+01             
       O -6.35131e+01 -3.05731e+01  5.97854e+01             
       H -6.25561e+01 -3.03503e+01  5.96961e+01             
       H -6.35590e+01 -3.14786e+01  6.01362e+01             
       O -7.05431e+01 -1.20512e+01  6.49324e+01             
       H -7.00519e+01 -1.16714e+01  6.41988e+01             
       H -6.99563e+01 -1.21510e+01  6.56829e+01             
       O -6.14287e+01  5.36679e+00  7.74130e+01             
       H -6.12761e+01  6.23160e+00  7.78459e+01             
       H -6.05955e+01  4.88573e+00  7.74633e+01             
       O -7.08468e+01 -2.69630e+01  6.37320e+01             
       H -7.33432e+01 -2.38082e+01  4.30007e+01             
       H -7.11055e+01 -2.60966e+01  6.41156e+01             
       O -7.56584e+01 -2.06264e+01  6.06041e+01             
       H -7.06966e+01 -1.60942e+01  4.04698e+01             
       H -7.51753e+01 -2.09323e+01  5.97866e+01             
       O -6.83483e+01 -1.41927e+01  5.03736e+01             
       H -7.57205e+01 -8.42369e+00  5.10819e+01             
       H -6.78473e+01 -1.40723e+01  5.12688e+01             
       O -6.94078e+01 -2.92895e+01  6.05242e+01             
       H -8.17563e+01 -2.98757e+01  7.37986e+01             
       H -6.17003e+01 -1.04803e+01  6.35196e+01             
       O -1.05249e+02 -1.73211e+01  6.62992e+01             
       H -1.04442e+02 -1.67821e+01  6.61994e+01             
       H -1.04910e+02 -1.82079e+01  6.65867e+01             
       O -7.30719e+01 -3.26211e+01  5.62619e+01             
       H -7.24533e+01 -3.18836e+01  5.66264e+01             
       H -6.90692e+01 -1.93844e+01  6.34128e+01             
       O -7.96044e+01 -1.53113e+01  4.81393e+01             
       H -7.87160e+01 -1.56716e+01  4.84418e+01             
       H -8.80220e+01 -2.66590e+01  2.91021e+01             
       O -8.15598e+01 -2.38979e+01  5.03438e+01             
       H -8.08614e+01 -2.31325e+01  5.04571e+01             
       H -8.10327e+01 -2.47562e+01  5.02736e+01             
       O -6.88841e+01 -2.63827e+01  4.55779e+01             
       H -6.86784e+01 -2.71559e+01  4.50056e+01             
       H -6.79842e+01 -2.60441e+01  4.57290e+01             
       O -5.48875e+01 -2.89569e+01  5.73171e+01             
       H -5.44258e+01 -1.72451e+01  5.77850e+01             
       H -5.41440e+01 -2.84315e+01  5.69931e+01             
       O -7.17026e+01 -1.22995e+01  5.60286e+01             
       H -5.84309e+01 -1.27182e+01  5.56384e+01             
       H -7.14122e+01 -1.21282e+01  5.69399e+01             
       O -6.63206e+01 -8.42495e-01  5.84089e+01             
       H -7.39182e+01 -3.38766e+01  4.52403e+01             
       H -7.70511e+01  1.41082e-01  5.32344e+01             
       O -7.94062e+01 -1.95505e+01  5.47071e+01             
       H -7.90959e+01 -2.01490e+01  5.39908e+01             
       H -7.85384e+01 -1.89690e+01  5.47739e+01             
       O -7.55388e+01 -7.63933e+00  4.34610e+01             
       H -7.44833e+01 -1.98788e+01  4.36370e+01             
       H -7.56591e+01 -8.44924e+00  4.29527e+01             
       O -8.27889e+01 -2.39819e+01  5.83156e+01             
       H -8.21681e+01 -2.33159e+01  5.78770e+01             
       H -8.23338e+01 -2.48618e+01  5.82697e+01             
       O -7.14613e+01 -2.06067e+01  6.53536e+01             
       H -7.09380e+01 -2.06176e+01  6.45085e+01             
       H -7.08008e+01 -2.06422e+01  6.61337e+01             
       O -8.56492e+01 -2.57476e+01  4.74476e+01             
       H -8.51174e+01 -2.49955e+01  6.03417e+01             
       H -8.10160e+01 -4.11482e+01  4.81029e+01             
       O -6.69466e+01 -2.41274e+01  6.88554e+01             
       H -6.65851e+01 -2.46611e+01  6.96870e+01             
       H -6.61746e+01 -2.36296e+01  6.85239e+01             
       O -7.27953e+01 -2.31638e+01  5.26689e+01             
       H -7.20108e+01 -2.38275e+01  5.25944e+01             
       H -7.22475e+01 -2.23312e+01  5.26360e+01             
       O -9.03636e+01 -1.83349e+01  6.30949e+01             
       H -8.98432e+01 -1.77026e+01  6.24515e+01             
       H -8.97276e+01 -1.89729e+01  6.34730e+01             
       O -6.90850e+01 -2.51406e+01  5.47695e+01             
       H -6.83375e+01 -2.47308e+01  5.52815e+01             
       H -6.86128e+01 -2.58351e+01  5.42969e+01             
       O -8.40159e+01 -1.84170e+01  3.25203e+01             
       H -8.33808e+01 -1.77960e+01  3.20195e+01             
       H -8.32379e+01 -1.88855e+01  3.30983e+01             
       O -7.60217e+01 -2.59335e+01  2.95964e+01             
       H -5.35863e+01 -1.27060e+01  4.68517e+01             
       H -7.53033e+01 -2.52650e+01  2.97054e+01             
       O -8.00741e+01 -2.04595e+01  5.88057e+01             
       H -7.96054e+01 -2.10381e+01  5.94787e+01             
       H -7.93612e+01 -1.98306e+01  5.84702e+01             
       O -8.05855e+01 -1.77045e+01  7.57005e+01             
       H -7.95985e+01 -1.77768e+01  7.55072e+01             
       H -8.06364e+01 -1.74423e+01  7.66832e+01             
