192                                                         
# CELL(abcABC):   12.41850    12.41850    12.41850    90.00000    90.00000    90.00000  Step:           0  Bead:       0 x_centroid{angstrom}  cell{angstrom}   
       O -7.38336e+01 -9.83616e+00  6.64122e+01             
       H -7.34602e+01 -1.06414e+01  6.59891e+01             
       H -7.30458e+01 -9.31572e+00  6.67028e+01             
       O -6.08807e+01 -6.60048e+00  5.76649e+01             
       H -6.11089e+01 -1.60336e+01  5.15677e+01             
       H -6.00688e+01 -6.37973e+00  5.71304e+01             
       O -6.48619e+01 -2.49421e+01  4.94207e+01             
       H -6.48611e+01 -1.32803e+01  5.01328e+01             
       H -6.41075e+01 -2.52964e+01  4.88113e+01             
       O -5.87951e+01 -2.05853e+01  5.47087e+01             
       H -5.78425e+01 -2.06203e+01  5.48421e+01             
       H -5.91363e+01 -1.97351e+01  5.50200e+01             
       O -5.12049e+01 -1.92869e+01  4.75086e+01             
       H -5.03100e+01 -1.88942e+01  4.77256e+01             
       H -5.09229e+01 -2.01975e+01  4.72416e+01             
       O -5.54041e+01 -1.84281e+01  6.27937e+01             
       H -5.47600e+01 -1.90393e+01  6.25384e+01             
       H -5.47972e+01 -1.77316e+01  6.32170e+01             
       O -6.02873e+01 -1.93353e+01  3.54500e+01             
       H -5.93367e+01 -1.93673e+01  3.51882e+01             
       H -5.04537e+01  3.00866e+00  5.01021e+01             
       O -4.49956e+01 -1.47059e+01  6.71719e+01             
       H -4.41472e+01 -1.46785e+01  6.77321e+01             
       H -4.46178e+01 -2.69982e+01  6.62765e+01             
       O -6.66070e+01 -7.97497e+00  4.06778e+01             
       H -6.64842e+01 -8.83681e+00  4.11131e+01             
       H -6.57512e+01 -7.52126e+00  4.07468e+01             
       O -6.32026e+01 -2.24154e+01  4.69942e+01             
       H -6.25579e+01 -2.26919e+01  4.76845e+01             
       H -6.28692e+01 -2.28903e+01  4.62153e+01             
       O -6.76859e+01 -6.18826e+00  5.59982e+01             
       H -6.69163e+01 -6.41353e+00  5.66123e+01             
       H -6.72338e+01 -5.66365e+00  5.53292e+01             
       O -6.21598e+01 -1.07810e+01  4.40494e+01             
       H -6.12266e+01 -1.08091e+01  4.42889e+01             
       H -5.31099e+01 -1.01445e+01  4.28142e+01             
       O -5.83417e+01 -2.95894e+01  4.16874e+01             
       H -5.79439e+01 -2.87769e+01  4.20792e+01             
       H -5.61014e+01 -2.50250e+01  5.76816e+01             
       O -6.89943e+01 -1.72720e+01  4.78195e+01             
       H -6.85001e+01 -1.77356e+01  4.85437e+01             
       H -6.83693e+01 -1.66232e+01  4.74065e+01             
       O -5.40025e+01 -2.43190e+01  5.79443e+01             
       H -5.40618e+01 -2.35250e+01  5.73914e+01             
       H -5.30164e+01 -2.45589e+01  5.79746e+01             
       O -6.29960e+01 -7.86374e+00  5.67699e+01             
       H -6.23330e+01 -7.39985e+00  5.73005e+01             
       H -6.28954e+01 -8.74653e+00  5.69779e+01             
       O -6.18056e+01 -6.77689e+00  3.93684e+01             
       H -6.17394e+01 -1.83090e+01  3.90916e+01             
       H -6.08936e+01 -7.21333e+00  3.94159e+01             
       O -6.24291e+01 -2.49706e+01  4.03912e+01             
       H -6.17405e+01 -2.48786e+01  3.97304e+01             
       H -6.19495e+01 -2.52501e+01  4.12137e+01             
       O -6.93040e+01 -1.17413e+01  4.91200e+01             
       H -6.86708e+01 -1.20809e+01  4.84722e+01             
       H -6.87682e+01 -1.10602e+01  4.96386e+01             
       O -6.24454e+01  8.04229e+00  4.53628e+01             
       H -4.53086e+01 -1.56795e+01  4.87695e+01             
       H -6.16603e+01  8.58034e+00  4.51861e+01             
       O -5.53527e+01 -1.43644e+01  5.64356e+01             
       H -5.93188e+01 -2.06066e+01  5.29377e+01             
       H -6.75127e+01 -1.47037e+01  5.73107e+01             
       O -5.59335e+01 -2.68142e+01  5.24362e+01             
       H -5.53559e+01 -2.74675e+01  5.20560e+01             
       H -5.53944e+01 -2.60263e+01  5.23927e+01             
       O -6.37590e+01 -1.92867e+01  5.37904e+01             
       H -6.32073e+01 -1.94952e+01  5.45538e+01             
       H -6.31221e+01 -1.92435e+01  5.30425e+01             
       O -6.06217e+01 -4.07902e+01  5.33632e+01             
       H -5.97802e+01 -4.13123e+01  5.33896e+01             
       H -6.05798e+01 -3.99816e+01  6.63178e+01             
       O -6.29988e+01 -1.24620e+00  4.78375e+01             
       H -6.20816e+01 -9.12447e-01  4.75430e+01             
       H -6.28674e+01 -2.10125e+00  4.82777e+01             
       O -5.31809e+01 -1.74489e+01  5.41799e+01             
       H -5.25948e+01 -1.67489e+01  5.45264e+01             
       H -5.25260e+01 -1.80836e+01  5.39026e+01             
       O -6.06063e+01 -2.17454e+01  6.20305e+01             
       H -6.02420e+01 -2.14351e+01  6.28769e+01             
       H -5.98312e+01 -2.20583e+01  6.14989e+01             
       O -7.80644e+01 -1.98224e+01  4.50040e+01             
       H -7.81180e+01 -2.02301e+01  4.58603e+01             
       H -7.70711e+01 -1.98396e+01  4.48932e+01             
       O -5.87212e+01 -1.51569e+00  5.86988e+01             
       H -5.79705e+01 -9.02526e-01  5.84480e+01             
       H -5.85396e+01 -1.87699e+00  5.95643e+01             
       O -6.09296e+01 -1.26096e+01  4.68417e+01             
       H -6.03238e+01 -1.32586e+01  4.64862e+01             
       H -6.03516e+01 -1.19421e+01  3.48895e+01             
       O -5.68821e+01 -1.06650e+01  2.85266e+01             
       H -5.59603e+01 -1.10085e+01  2.87264e+01             
       H -6.91214e+01 -1.00991e+01  2.77415e+01             
       O -4.83087e+01 -1.33014e+01  3.01566e+01             
       H -4.79374e+01 -1.38363e+01  3.09021e+01             
       H -4.75771e+01 -1.26414e+01  3.00284e+01             
       O -5.91465e+01 -2.30931e+01  3.52973e+01             
       H -5.81934e+01 -2.33407e+01  3.55256e+01             
       H -5.91463e+01 -2.25762e+01  4.69502e+01             
       O -5.48227e+01 -1.52666e+01  3.42858e+01             
       H -6.37332e+01 -9.67120e+00  4.13653e+01             
       H -5.47764e+01 -1.44426e+01  3.48327e+01             
       O -5.85225e+01 -2.41458e+01  5.51342e+01             
       H -5.78696e+01 -2.48565e+01  5.53136e+01             
       H -5.80732e+01 -2.36482e+01  5.44090e+01             
       O -4.80242e+01 -1.19408e+01  3.85935e+01             
       H -4.71509e+01 -1.23410e+01  3.84393e+01             
       H -4.80764e+01 -1.11244e+01  3.80673e+01             
       O -5.18450e+01 -2.69754e+01  5.15059e+01             
       H -5.12415e+01 -2.62787e+01  5.19287e+01             
       H -5.11280e+01 -2.75686e+01  5.11395e+01             
       O -5.66144e+01 -9.52468e+00  5.85593e+01             
       H -5.64523e+01 -9.02463e+00  5.77134e+01             
       H -5.57157e+01 -9.74371e+00  5.89178e+01             
       O -4.76901e+01  9.57992e+00  6.92602e+01             
       H -4.71735e+01  8.83796e+00  6.89105e+01             
       H -4.70877e+01  1.00372e+01  6.99281e+01             
       O -5.69395e+01 -2.46573e+01  5.79575e+01             
       H -6.04275e+01 -2.01176e+01  3.59759e+01             
       H -5.68140e+01 -2.37334e+01  5.82208e+01             
       O -6.19513e+01 -1.63108e+01  5.11210e+01             
       H -5.39664e+01 -1.57002e+01  3.44717e+01             
       H -6.16663e+01 -1.63896e+01  5.02375e+01             
       O -5.35926e+01 -9.88582e+00  4.35689e+01             
       H -6.20310e+01 -5.24642e+00  4.53093e+01             
       H -5.31939e+01 -9.09079e+00  4.38392e+01             
       O -5.44676e+01 -2.44241e+01  5.33904e+01             
       H -6.62664e+01 -2.49541e+01  6.63626e+01             
       H -4.81361e+01 -6.69931e+00  5.85822e+01             
       O -8.87656e+01 -1.25268e+01  5.74216e+01             
       H -8.80931e+01 -1.18484e+01  5.70326e+01             
       H -8.82922e+01 -1.30586e+01  5.81365e+01             
       O -5.85152e+01 -2.75235e+01  4.86813e+01             
       H -5.83386e+01 -2.68604e+01  4.93859e+01             
       H -5.44712e+01 -1.39888e+01  5.61265e+01             
       O -6.43256e+01 -1.04202e+01  4.13237e+01             
       H -6.38059e+01 -1.11758e+01  4.10124e+01             
       H -7.11814e+01 -2.30987e+01  1.94308e+01             
       O -6.86623e+01 -2.09803e+01  4.35822e+01             
       H -6.82339e+01 -2.01041e+01  4.35631e+01             
       H -6.78851e+01 -2.15826e+01  4.34764e+01             
       O -5.34557e+01 -2.30870e+01  3.87243e+01             
       H -5.30073e+01 -2.36366e+01  3.79729e+01             
       H -5.27495e+01 -2.25882e+01  3.91523e+01             
       O -4.22181e+01 -2.53241e+01  4.78339e+01             
       H -4.14020e+01 -1.28252e+01  4.83795e+01             
       H -4.20139e+01 -2.48167e+01  4.70206e+01             
       O -5.58482e+01 -9.84628e+00  5.07644e+01             
       H -4.24506e+01 -1.00657e+01  5.08621e+01             
       H -5.58377e+01 -9.09380e+00  5.01264e+01             
       O -5.11278e+01  3.55346e+00  5.05196e+01             
       H -5.76298e+01 -3.01647e+01  4.11799e+01             
       H -6.20882e+01  1.94759e+00  4.31675e+01             
       O -6.47306e+01 -1.64322e+01  4.69465e+01             
       H -6.43586e+01 -1.70322e+01  4.75676e+01             
       H -6.39239e+01 -1.64200e+01  4.63122e+01             
       O -6.09601e+01 -4.12625e+00  3.62331e+01             
       H -6.02012e+01 -1.59693e+01  3.61054e+01             
       H -6.07260e+01 -5.06425e+00  3.61982e+01             
       O -6.91948e+01 -1.88829e+01  5.27532e+01             
       H -6.87069e+01 -1.87535e+01  5.19518e+01             
       H -6.85704e+01 -1.94595e+01  5.32583e+01             
       O -5.85323e+01 -1.80308e+01  5.66723e+01             
       H -5.81470e+01 -1.76811e+01  5.58159e+01             
       H -5.79308e+01 -1.84307e+01  5.72905e+01             
       O -7.17926e+01 -2.03070e+01  3.95648e+01             
       H -7.09488e+01 -1.97919e+01  5.19621e+01             
       H -6.62932e+01 -3.63418e+01  4.03662e+01             
       O -5.33077e+01 -1.99413e+01  6.16431e+01             
       H -5.26886e+01 -2.04258e+01  6.22218e+01             
       H -5.26460e+01 -1.95595e+01  6.10185e+01             
       O -5.79630e+01 -1.93800e+01  4.69851e+01             
       H -5.74904e+01 -1.85639e+01  4.71908e+01             
       H -5.73296e+01 -2.01204e+01  4.70090e+01             
       O -7.57574e+01 -1.60492e+01  5.48833e+01             
       H -7.48627e+01 -1.60142e+01  5.45535e+01             
       H -7.55988e+01 -1.61465e+01  5.58383e+01             
       O -5.38843e+01 -2.18339e+01  4.72075e+01             
       H -5.35884e+01 -2.12700e+01  4.79515e+01             
       H -5.33988e+01 -2.26427e+01  4.73698e+01             
       O -7.06353e+01 -1.33412e+01  2.57659e+01             
       H -7.00796e+01 -1.26425e+01  2.53145e+01             
       H -7.01592e+01 -1.37333e+01  2.65423e+01             
       O -5.93366e+01 -2.25174e+01  1.99560e+01             
       H -3.81626e+01 -8.26876e+00  3.86065e+01             
       H -5.92605e+01 -2.16478e+01  1.95306e+01             
       O -6.63968e+01 -1.64254e+01  5.16937e+01             
       H -6.62754e+01 -1.68732e+01  5.25555e+01             
       H -6.56611e+01 -1.58111e+01  5.15906e+01             
       O -6.52188e+01 -1.37068e+01  6.75336e+01             
       H -6.47769e+01 -1.44476e+01  6.71153e+01             
       H -6.46794e+01 -1.33888e+01  6.82691e+01             
192                                                         
# CELL(abcABC):   12.41850    12.41850    12.41850    90.00000    90.00000    90.00000  Step:      200000  Bead:       0 x_centroid{angstrom}  cell{angstrom}   
       O -8.30061e+01 -9.22567e+00  7.14322e+01             
       H -8.27185e+01 -8.74757e+00  7.22540e+01             
       H -8.21180e+01 -9.61839e+00  7.10504e+01             
       O -7.19938e+01 -1.01847e+01  6.31658e+01             
       H -7.41428e+01 -1.99122e+01  5.68634e+01             
       H -7.14536e+01 -9.38868e+00  6.29488e+01             
       O -7.70204e+01 -2.81801e+01  5.62652e+01             
       H -7.69031e+01 -1.63408e+01  5.70969e+01             
       H -7.61249e+01 -2.83031e+01  5.57186e+01             
       O -7.17404e+01 -2.41782e+01  5.95133e+01             
       H -7.14119e+01 -2.32681e+01  5.92524e+01             
       H -7.08264e+01 -2.46122e+01  5.99346e+01             
       O -6.42411e+01 -2.46484e+01  5.22228e+01             
       H -6.37049e+01 -2.49321e+01  5.14702e+01             
       H -6.35488e+01 -2.44057e+01  5.29150e+01             
       O -6.67590e+01 -2.10092e+01  6.88834e+01             
       H -6.58220e+01 -2.12258e+01  6.86862e+01             
       H -6.66066e+01 -2.04855e+01  6.97454e+01             
       O -7.31473e+01 -2.23446e+01  4.07335e+01             
       H -7.27712e+01 -2.24189e+01  3.98557e+01             
       H -6.21494e+01  2.08380e-01  5.69925e+01             
       O -5.91399e+01 -1.85359e+01  7.29941e+01             
       H -5.90058e+01 -1.77375e+01  7.34161e+01             
       H -5.83166e+01 -3.10580e+01  7.25064e+01             
       O -7.82855e+01 -1.22452e+01  4.81158e+01             
       H -7.78837e+01 -1.30449e+01  4.86210e+01             
       H -7.74793e+01 -1.17698e+01  4.78152e+01             
       O -7.46854e+01 -2.43604e+01  5.39635e+01             
       H -7.40263e+01 -2.36684e+01  5.36683e+01             
       H -7.41832e+01 -2.52018e+01  5.39244e+01             
       O -7.89600e+01 -1.09129e+01  6.34073e+01             
       H -7.81444e+01 -1.12100e+01  6.38285e+01             
       H -7.86329e+01 -1.05014e+01  6.25842e+01             
       O -7.60022e+01 -1.61529e+01  5.22118e+01             
       H -7.51996e+01 -1.61145e+01  5.16788e+01             
       H -6.45304e+01 -1.48366e+01  4.86677e+01             
       O -7.25459e+01 -3.26987e+01  4.51194e+01             
       H -7.20117e+01 -3.18307e+01  4.48817e+01             
       H -6.87094e+01 -3.01806e+01  6.27223e+01             
       O -8.11728e+01 -2.05905e+01  5.46500e+01             
       H -8.03735e+01 -2.06220e+01  5.53002e+01             
       H -8.07665e+01 -2.08886e+01  5.37710e+01             
       O -6.71811e+01 -2.71387e+01  6.29731e+01             
       H -6.62681e+01 -2.69789e+01  6.27154e+01             
       H -6.70423e+01 -2.72512e+01  6.39357e+01             
       O -7.36757e+01 -1.11184e+01  6.10067e+01             
       H -7.33076e+01 -1.05344e+01  6.17265e+01             
       H -7.28589e+01 -1.14710e+01  6.05336e+01             
       O -7.66731e+01 -9.37000e+00  4.36152e+01             
       H -7.60253e+01 -2.10373e+01  4.37737e+01             
       H -7.61567e+01 -1.01354e+01  4.39722e+01             
       O -7.50151e+01 -2.91679e+01  4.77785e+01             
       H -7.42726e+01 -2.87211e+01  4.74416e+01             
       H -7.46589e+01 -2.95562e+01  4.86699e+01             
       O -8.11835e+01 -1.51687e+01  5.67777e+01             
       H -8.04627e+01 -1.55777e+01  5.61237e+01             
       H -8.07641e+01 -1.44902e+01  5.73294e+01             
       O -7.46843e+01  4.51248e+00  5.26717e+01             
       H -5.79712e+01 -1.78905e+01  5.58560e+01             
       H -7.41036e+01  5.22637e+00  5.23584e+01             
       O -6.81479e+01 -1.96807e+01  6.26368e+01             
       H -7.16147e+01 -2.12545e+01  5.57134e+01             
       H -8.01412e+01 -2.00681e+01  6.34569e+01             
       O -6.89485e+01 -3.07306e+01  5.98256e+01             
       H -6.82761e+01 -3.12440e+01  5.93255e+01             
       H -6.83045e+01 -3.01551e+01  6.03055e+01             
       O -7.60992e+01 -2.31973e+01  5.95972e+01             
       H -7.51840e+01 -2.33647e+01  5.99450e+01             
       H -7.59834e+01 -2.32459e+01  5.86052e+01             
       O -7.40198e+01 -4.50551e+01  6.04576e+01             
       H -7.35151e+01 -4.58648e+01  6.03269e+01             
       H -7.33639e+01 -4.43494e+01  7.27128e+01             
       O -7.49189e+01 -3.60058e+00  5.48371e+01             
       H -7.41332e+01 -2.94551e+00  5.45828e+01             
       H -7.45158e+01 -4.47618e+00  5.47426e+01             
       O -6.52684e+01 -2.16304e+01  6.14886e+01             
       H -6.45728e+01 -2.11027e+01  6.19541e+01             
       H -6.48569e+01 -2.20840e+01  6.07718e+01             
       O -7.31911e+01 -2.54642e+01  6.99493e+01             
       H -7.27533e+01 -2.49186e+01  7.06482e+01             
       H -7.25391e+01 -2.57617e+01  6.93326e+01             
       O -8.71537e+01 -2.54120e+01  5.04985e+01             
       H -8.62274e+01 -2.56759e+01  5.08987e+01             
       H -8.68333e+01 -2.48195e+01  4.97476e+01             
       O -7.07366e+01 -4.35366e+00  6.50083e+01             
       H -7.00877e+01 -4.17279e+00  6.42806e+01             
       H -7.02287e+01 -4.76360e+00  6.57690e+01             
       O -7.30544e+01 -1.41689e+01  5.41008e+01             
       H -7.27197e+01 -1.40616e+01  5.31991e+01             
       H -7.22572e+01 -1.41498e+01  4.22835e+01             
       O -6.97681e+01 -1.29606e+01  3.56462e+01             
       H -6.91244e+01 -1.32140e+01  3.50070e+01             
       H -8.16820e+01 -1.25535e+01  3.64418e+01             
       O -6.15224e+01 -1.70568e+01  3.79048e+01             
       H -6.12165e+01 -1.78615e+01  3.83792e+01             
       H -6.05914e+01 -1.67074e+01  3.76439e+01             
       O -7.10725e+01 -2.63213e+01  4.33160e+01             
       H -7.04130e+01 -2.69931e+01  4.36847e+01             
       H -7.05009e+01 -2.56432e+01  5.52886e+01             
       O -6.92471e+01 -1.79155e+01  4.22472e+01             
       H -7.73318e+01 -1.49941e+01  4.64963e+01             
       H -6.84040e+01 -1.73931e+01  4.24549e+01             
       O -7.16076e+01 -2.85257e+01  6.19553e+01             
       H -7.05705e+01 -2.88043e+01  6.20824e+01             
       H -7.15725e+01 -2.78816e+01  6.12461e+01             
       O -6.03974e+01 -1.52655e+01  4.71493e+01             
       H -5.96902e+01 -1.55993e+01  4.65797e+01             
       H -6.05918e+01 -1.43870e+01  4.67849e+01             
       O -6.38685e+01 -3.06515e+01  5.81449e+01             
       H -6.31498e+01 -3.05369e+01  5.88147e+01             
       H -6.34461e+01 -3.09829e+01  5.73392e+01             
       O -7.03298e+01 -1.19980e+01  6.44054e+01             
       H -6.96195e+01 -1.23078e+01  6.36967e+01             
       H -6.99957e+01 -1.20946e+01  6.52741e+01             
       O -5.99727e+01  6.14527e+00  7.68334e+01             
       H -5.94226e+01  5.43564e+00  7.64229e+01             
       H -5.92780e+01  6.76568e+00  7.71523e+01             
       O -6.90317e+01 -2.92798e+01  6.27515e+01             
       H -7.23901e+01 -2.20585e+01  4.13282e+01             
       H -6.82778e+01 -2.87660e+01  6.24635e+01             
       O -7.49901e+01 -1.96994e+01  5.63673e+01             
       H -6.90395e+01 -1.88764e+01  4.21942e+01             
       H -7.46161e+01 -1.93466e+01  5.55198e+01             
       O -6.45934e+01 -1.41559e+01  4.93500e+01             
       H -7.40739e+01 -8.63630e+00  5.29758e+01             
       H -6.36215e+01 -1.39386e+01  4.97016e+01             
       O -6.69779e+01 -2.94819e+01  6.08058e+01             
       H -7.88880e+01 -2.97383e+01  7.40821e+01             
       H -5.89293e+01 -1.08676e+01  6.34889e+01             
       O -1.02960e+02 -1.47146e+01  6.53441e+01             
       H -1.02026e+02 -1.48725e+01  6.49267e+01             
       H -1.02849e+02 -1.38098e+01  6.57015e+01             
       O -7.12482e+01 -3.05813e+01  5.62939e+01             
       H -7.11125e+01 -3.00140e+01  5.71444e+01             
       H -6.75211e+01 -1.97074e+01  6.19271e+01             
       O -7.73276e+01 -1.56651e+01  4.71873e+01             
       H -7.64142e+01 -1.61355e+01  4.72833e+01             
       H -8.41264e+01 -2.66968e+01  2.63344e+01             
       O -8.09351e+01 -2.48640e+01  5.02199e+01             
       H -8.01132e+01 -2.42373e+01  5.03982e+01             
       H -8.04215e+01 -2.57532e+01  5.02837e+01             
       O -6.53347e+01 -2.53422e+01  4.40968e+01             
       H -6.51069e+01 -2.63028e+01  4.40133e+01             
       H -6.43937e+01 -2.49159e+01  4.41064e+01             
       O -5.45793e+01 -2.83687e+01  5.50274e+01             
       H -5.36427e+01 -1.60259e+01  5.54809e+01             
       H -5.43903e+01 -2.77387e+01  5.43301e+01             
       O -6.75511e+01 -1.27362e+01  5.83624e+01             
       H -5.44578e+01 -1.26746e+01  5.76371e+01             
       H -6.69472e+01 -1.25870e+01  5.91724e+01             
       O -6.29681e+01  5.45051e-01  5.65633e+01             
       H -7.18699e+01 -3.32054e+01  4.55542e+01             
       H -7.57290e+01 -4.03216e+00  5.31210e+01             
       O -7.74284e+01 -2.07154e+01  5.33315e+01             
       H -7.73193e+01 -2.14456e+01  5.39644e+01             
       H -7.64986e+01 -2.04797e+01  5.32033e+01             
       O -7.33400e+01 -5.84960e+00  4.22853e+01             
       H -7.24612e+01 -1.80566e+01  4.28680e+01             
       H -7.28804e+01 -6.05301e+00  4.14314e+01             
       O -8.11223e+01 -2.26880e+01  5.75871e+01             
       H -8.03030e+01 -2.22746e+01  5.71011e+01             
       H -8.07270e+01 -2.35228e+01  5.79032e+01             
       O -7.06080e+01 -2.02686e+01  6.26281e+01             
       H -7.09755e+01 -1.96501e+01  6.19883e+01             
       H -6.96091e+01 -2.01222e+01  6.26348e+01             
       O -8.35773e+01 -2.16427e+01  4.25532e+01             
       H -8.27043e+01 -2.11181e+01  5.48694e+01             
       H -7.87793e+01 -4.17129e+01  4.76966e+01             
       O -6.68860e+01 -2.43344e+01  6.70999e+01             
       H -6.62340e+01 -2.47518e+01  6.77547e+01             
       H -6.64392e+01 -2.37785e+01  6.64935e+01             
       O -6.73589e+01 -2.11199e+01  5.23489e+01             
       H -6.64749e+01 -2.10088e+01  5.26808e+01             
       H -6.73612e+01 -2.19022e+01  5.17129e+01             
       O -8.83374e+01 -2.01249e+01  6.25876e+01             
       H -8.76273e+01 -2.03475e+01  6.19336e+01             
       H -8.79426e+01 -2.04490e+01  6.34575e+01             
       O -6.95706e+01 -2.43309e+01  5.47659e+01             
       H -6.85721e+01 -2.45548e+01  5.47227e+01             
       H -6.96202e+01 -2.35103e+01  5.52675e+01             
       O -8.29477e+01 -1.64583e+01  3.33862e+01             
       H -8.22275e+01 -1.59210e+01  3.28891e+01             
       H -8.23959e+01 -1.69097e+01  3.39970e+01             
       O -7.22436e+01 -2.60047e+01  2.67606e+01             
       H -5.03149e+01 -1.17039e+01  4.32146e+01             
       H -7.14862e+01 -2.53488e+01  2.71107e+01             
       O -7.84002e+01 -1.97587e+01  5.89890e+01             
       H -7.81408e+01 -2.03471e+01  5.97025e+01             
       H -7.75556e+01 -1.93412e+01  5.86732e+01             
       O -7.81907e+01 -1.77114e+01  7.54755e+01             
       H -7.76020e+01 -1.84509e+01  7.52530e+01             
       H -7.76560e+01 -1.70510e+01  7.59814e+01             
