192                                                         
# CELL(abcABC):   12.41850    12.41850    12.41850    90.00000    90.00000    90.00000  Step:           0  Bead:       0 x_centroid{angstrom}  cell{angstrom}   
       O -7.63540e+01 -1.02128e+01  7.10103e+01             
       H -7.64574e+01 -1.05794e+01  7.00996e+01             
       H -7.53761e+01 -1.03700e+01  7.11309e+01             
       O -6.21748e+01 -6.33999e+00  5.60023e+01             
       H -6.56146e+01 -1.81462e+01  5.31984e+01             
       H -6.16784e+01 -5.63128e+00  5.65411e+01             
       O -6.79866e+01 -2.72128e+01  5.13931e+01             
       H -6.75932e+01 -1.45386e+01  5.22289e+01             
       H -6.72497e+01 -2.73742e+01  5.08037e+01             
       O -6.01980e+01 -1.99202e+01  5.48354e+01             
       H -5.96576e+01 -2.03462e+01  5.55196e+01             
       H -5.96024e+01 -1.93138e+01  5.44381e+01             
       O -5.30181e+01 -2.07192e+01  4.80608e+01             
       H -5.21969e+01 -2.02992e+01  4.83169e+01             
       H -5.28683e+01 -2.16759e+01  4.80495e+01             
       O -5.75402e+01 -1.93159e+01  6.28648e+01             
       H -5.68033e+01 -1.98824e+01  6.25402e+01             
       H -5.69648e+01 -1.86120e+01  6.33480e+01             
       O -6.32816e+01 -1.92738e+01  3.67949e+01             
       H -6.24065e+01 -1.90683e+01  3.63021e+01             
       H -5.28658e+01  2.76020e+00  5.09425e+01             
       O -4.58133e+01 -1.83555e+01  6.71081e+01             
       H -4.59226e+01 -1.74722e+01  6.68336e+01             
       H -4.48751e+01 -3.08015e+01  6.72458e+01             
       O -6.99727e+01 -8.89877e+00  4.08334e+01             
       H -6.93280e+01 -8.44555e+00  4.13469e+01             
       H -6.93939e+01 -9.24008e+00  4.01318e+01             
       O -6.94157e+01 -2.24242e+01  4.93932e+01             
       H -6.89333e+01 -2.25583e+01  4.85818e+01             
       H -6.86976e+01 -2.25211e+01  5.00971e+01             
       O -6.93817e+01 -6.71185e+00  5.74100e+01             
       H -6.86654e+01 -6.96107e+00  5.80801e+01             
       H -6.87592e+01 -6.54430e+00  5.66630e+01             
       O -6.60380e+01 -1.13870e+01  4.73354e+01             
       H -6.52096e+01 -1.10497e+01  4.69257e+01             
       H -5.50594e+01 -1.02931e+01  4.44182e+01             
       O -6.18779e+01 -3.12619e+01  3.97032e+01             
       H -6.15696e+01 -3.04120e+01  3.92680e+01             
       H -5.85728e+01 -2.71349e+01  6.07456e+01             
       O -7.17087e+01 -1.77981e+01  4.94749e+01             
       H -7.09907e+01 -1.83913e+01  4.98905e+01             
       H -7.10973e+01 -1.72662e+01  4.89058e+01             
       O -5.76155e+01 -2.36293e+01  5.83012e+01             
       H -5.70414e+01 -2.29808e+01  5.78822e+01             
       H -5.69998e+01 -2.43446e+01  5.84385e+01             
       O -6.40487e+01 -7.42733e+00  5.74562e+01             
       H -6.32742e+01 -7.17717e+00  5.69046e+01             
       H -6.38583e+01 -8.10541e+00  5.80664e+01             
       O -6.38845e+01 -8.05758e+00  4.07574e+01             
       H -6.32977e+01 -1.98365e+01  4.02871e+01             
       H -6.31973e+01 -8.71085e+00  4.10170e+01             
       O -6.35407e+01 -2.36105e+01  4.31537e+01             
       H -6.30173e+01 -2.31185e+01  4.24584e+01             
       H -6.28519e+01 -2.42079e+01  4.35286e+01             
       O -7.26285e+01 -1.17317e+01  5.25468e+01             
       H -7.22401e+01 -1.15440e+01  5.16605e+01             
       H -7.18807e+01 -1.16566e+01  5.31930e+01             
       O -6.49801e+01  7.70660e+00  4.61212e+01             
       H -4.80052e+01 -1.68641e+01  5.02960e+01             
       H -6.41666e+01  8.29724e+00  4.62761e+01             
       O -5.83724e+01 -1.67963e+01  5.79257e+01             
       H -6.12872e+01 -2.14097e+01  5.41560e+01             
       H -7.04615e+01 -1.77103e+01  5.78402e+01             
       O -5.80003e+01 -2.80474e+01  5.40633e+01             
       H -5.74076e+01 -2.79896e+01  5.33365e+01             
       H -5.74338e+01 -2.78277e+01  5.48379e+01             
       O -6.53912e+01 -2.06812e+01  5.53528e+01             
       H -6.47610e+01 -2.04870e+01  5.60933e+01             
       H -6.48284e+01 -2.03215e+01  5.45769e+01             
       O -6.42318e+01 -4.20977e+01  5.46710e+01             
       H -6.34576e+01 -4.26986e+01  5.48946e+01             
       H -6.37891e+01 -4.12370e+01  6.71692e+01             
       O -6.60511e+01 -2.83365e+00  4.98899e+01             
       H -6.55566e+01 -2.00612e+00  4.96299e+01             
       H -6.52530e+01 -3.44555e+00  5.00773e+01             
       O -5.55994e+01 -1.91696e+01  5.52495e+01             
       H -5.48313e+01 -1.86238e+01  5.55505e+01             
       H -5.51611e+01 -1.99874e+01  5.54330e+01             
       O -6.41728e+01 -2.60559e+01  6.49515e+01             
       H -6.35087e+01 -2.64611e+01  6.55727e+01             
       H -6.39140e+01 -2.63026e+01  6.40872e+01             
       O -7.92062e+01 -1.98504e+01  4.57906e+01             
       H -7.88092e+01 -2.01231e+01  4.66207e+01             
       H -7.85382e+01 -1.94965e+01  4.52204e+01             
       O -6.19433e+01 -1.80693e+00  6.14040e+01             
       H -6.17148e+01 -2.56746e+00  6.19685e+01             
       H -6.10246e+01 -1.51171e+00  6.10673e+01             
       O -6.43446e+01 -1.32409e+01  4.90079e+01             
       H -6.34547e+01 -1.36327e+01  4.88526e+01             
       H -6.42142e+01 -1.23605e+01  3.68982e+01             
       O -5.81207e+01 -1.13438e+01  2.94882e+01             
       H -5.72384e+01 -1.18373e+01  2.94545e+01             
       H -7.03573e+01 -1.04457e+01  2.90817e+01             
       O -4.91742e+01 -1.31675e+01  3.16971e+01             
       H -4.95065e+01 -1.35376e+01  3.24923e+01             
       H -4.82428e+01 -1.27501e+01  3.18402e+01             
       O -6.38389e+01 -2.32072e+01  3.79925e+01             
       H -6.37343e+01 -2.37253e+01  3.87981e+01             
       H -6.29253e+01 -2.27666e+01  5.02292e+01             
       O -5.75083e+01 -1.59914e+01  3.54905e+01             
       H -6.58152e+01 -9.86741e+00  4.29036e+01             
       H -5.77210e+01 -1.61274e+01  3.45235e+01             
       O -5.94881e+01 -2.43086e+01  5.67407e+01             
       H -5.87239e+01 -2.42609e+01  5.74733e+01             
       H -5.90309e+01 -2.41212e+01  5.59417e+01             
       O -5.02359e+01 -1.48543e+01  4.18862e+01             
       H -4.94069e+01 -1.50101e+01  4.13066e+01             
       H -4.98614e+01 -1.44480e+01  4.26818e+01             
       O -5.40057e+01 -2.64767e+01  5.37382e+01             
       H -5.31481e+01 -2.63710e+01  5.32671e+01             
       H -5.38534e+01 -2.73286e+01  5.42157e+01             
       O -5.92962e+01 -8.87732e+00  5.94947e+01             
       H -5.90448e+01 -8.88266e+00  5.85319e+01             
       H -5.86299e+01 -9.41469e+00  5.99213e+01             
       O -5.03761e+01  9.55658e+00  7.10779e+01             
       H -4.95898e+01  8.94701e+00  7.10742e+01             
       H -5.02294e+01  1.00157e+01  7.19180e+01             
       O -5.91882e+01 -2.64816e+01  6.11650e+01             
       H -6.29719e+01 -1.99580e+01  3.73561e+01             
       H -5.87249e+01 -2.63436e+01  6.19870e+01             
       O -6.60274e+01 -1.82015e+01  5.23237e+01             
       H -5.65501e+01 -1.61424e+01  3.56536e+01             
       H -6.52952e+01 -1.78015e+01  5.18053e+01             
       O -5.58541e+01 -9.77052e+00  4.47050e+01             
       H -6.46482e+01 -5.61768e+00  4.61770e+01             
       H -5.54404e+01 -9.04793e+00  4.51931e+01             
       O -5.55834e+01 -2.43985e+01  5.39528e+01             
       H -6.74810e+01 -2.51776e+01  6.61276e+01             
       H -4.88942e+01 -6.69952e+00  5.56048e+01             
       O -9.26934e+01 -1.36695e+01  5.83599e+01             
       H -9.19512e+01 -1.30681e+01  5.84673e+01             
       H -9.27038e+01 -1.42397e+01  5.90981e+01             
       O -6.11968e+01 -2.87950e+01  5.07220e+01             
       H -6.07826e+01 -2.81935e+01  5.13681e+01             
       H -5.77757e+01 -1.62906e+01  5.72856e+01             
       O -6.62168e+01 -1.07218e+01  4.30274e+01             
       H -6.54439e+01 -1.12845e+01  4.31924e+01             
       H -7.31749e+01 -2.23267e+01  2.16776e+01             
       O -7.12006e+01 -2.10520e+01  4.43607e+01             
       H -7.04210e+01 -2.04189e+01  4.44351e+01             
       H -7.08141e+01 -2.18288e+01  4.40423e+01             
       O -5.57465e+01 -2.26566e+01  3.93004e+01             
       H -5.55329e+01 -2.33350e+01  4.00155e+01             
       H -5.49817e+01 -2.20774e+01  3.93016e+01             
       O -4.53575e+01 -2.61662e+01  5.12272e+01             
       H -4.44389e+01 -1.40554e+01  5.09604e+01             
       H -4.54711e+01 -2.53086e+01  5.09902e+01             
       O -6.14408e+01 -9.40935e+00  4.97660e+01             
       H -4.82938e+01 -1.00083e+01  4.95615e+01             
       H -6.09890e+01 -8.88550e+00  5.04015e+01             
       O -5.33936e+01  3.24372e+00  5.15479e+01             
       H -6.10093e+01 -3.17515e+01  3.96873e+01             
       H -6.56003e+01  2.41485e-01  4.76738e+01             
       O -6.74037e+01 -1.62429e+01  4.78589e+01             
       H -6.68960e+01 -1.69428e+01  4.74761e+01             
       H -6.70036e+01 -1.59856e+01  4.87037e+01             
       O -6.40493e+01 -4.67551e+00  3.82399e+01             
       H -6.31630e+01 -1.67544e+01  3.84830e+01             
       H -6.38559e+01 -5.44525e+00  3.76787e+01             
       O -7.20463e+01 -2.03945e+01  5.17254e+01             
       H -7.13117e+01 -2.00549e+01  5.12086e+01             
       H -7.15430e+01 -2.06893e+01  5.24897e+01             
       O -6.10572e+01 -1.71536e+01  5.80913e+01             
       H -6.00865e+01 -1.69929e+01  5.79447e+01             
       H -6.10905e+01 -1.78822e+01  5.87248e+01             
       O -7.43819e+01 -2.20458e+01  4.13832e+01             
       H -7.39321e+01 -2.27688e+01  5.33618e+01             
       H -6.73479e+01 -3.63777e+01  4.21919e+01             
       O -5.49944e+01 -1.99220e+01  6.22511e+01             
       H -5.44817e+01 -1.98035e+01  6.30921e+01             
       H -5.43474e+01 -2.02024e+01  6.15367e+01             
       O -6.10964e+01 -1.89903e+01  4.78928e+01             
       H -6.05334e+01 -1.85166e+01  4.85192e+01             
       H -6.06746e+01 -1.98264e+01  4.76172e+01             
       O -7.87545e+01 -1.72010e+01  5.61557e+01             
       H -7.79347e+01 -1.71724e+01  5.55216e+01             
       H -7.83736e+01 -1.70111e+01  5.70173e+01             
       O -5.92689e+01 -2.37308e+01  4.96326e+01             
       H -5.83772e+01 -2.33080e+01  4.94983e+01             
       H -5.92548e+01 -2.44476e+01  4.89960e+01             
       O -7.29032e+01 -1.47338e+01  2.79741e+01             
       H -7.29290e+01 -1.37711e+01  2.78389e+01             
       H -7.20306e+01 -1.48877e+01  2.83648e+01             
       O -6.13875e+01 -2.29224e+01  2.12414e+01             
       H -4.03738e+01 -8.69009e+00  3.96959e+01             
       H -6.08966e+01 -2.33702e+01  2.04851e+01             
       O -6.86481e+01 -1.75893e+01  5.18560e+01             
       H -6.77722e+01 -1.80017e+01  5.20784e+01             
       H -6.84467e+01 -1.66851e+01  5.17741e+01             
       O -6.87936e+01 -1.55295e+01  6.89021e+01             
       H -6.80815e+01 -1.61840e+01  6.86965e+01             
       H -6.83996e+01 -1.48272e+01  6.94701e+01             
192                                                         
# CELL(abcABC):   12.41850    12.41850    12.41850    90.00000    90.00000    90.00000  Step:      200000  Bead:       0 x_centroid{angstrom}  cell{angstrom}   
       O -8.97362e+01 -1.46737e+01  7.84833e+01             
       H -8.95515e+01 -1.48230e+01  7.75690e+01             
       H -8.89624e+01 -1.47478e+01  7.90559e+01             
       O -7.64974e+01 -9.53271e+00  6.28224e+01             
       H -7.88340e+01 -2.18956e+01  6.01369e+01             
       H -7.58701e+01 -9.33178e+00  6.35363e+01             
       O -8.22189e+01 -2.86570e+01  5.68060e+01             
       H -8.16660e+01 -1.68549e+01  5.73438e+01             
       H -8.23041e+01 -2.89938e+01  5.58764e+01             
       O -7.35752e+01 -2.43432e+01  6.36841e+01             
       H -7.28478e+01 -2.47847e+01  6.41995e+01             
       H -7.30797e+01 -2.41952e+01  6.27985e+01             
       O -6.58243e+01 -2.46450e+01  5.42528e+01             
       H -6.51437e+01 -2.44491e+01  5.49512e+01             
       H -6.54359e+01 -2.54083e+01  5.38320e+01             
       O -7.12656e+01 -2.26340e+01  7.03239e+01             
       H -7.07195e+01 -2.33062e+01  6.98599e+01             
       H -7.05472e+01 -2.19648e+01  7.05883e+01             
       O -7.68358e+01 -2.38226e+01  4.40201e+01             
       H -7.58709e+01 -2.35858e+01  4.35630e+01             
       H -6.71541e+01 -8.66762e-01  5.91502e+01             
       O -6.09140e+01 -1.95189e+01  7.21952e+01             
       H -6.11940e+01 -1.94295e+01  7.31154e+01             
       H -5.99400e+01 -3.18165e+01  7.21633e+01             
       O -8.41248e+01 -1.16219e+01  4.90249e+01             
       H -8.34121e+01 -1.10416e+01  4.93107e+01             
       H -8.36160e+01 -1.23618e+01  4.85426e+01             
       O -8.39752e+01 -2.64801e+01  5.69546e+01             
       H -8.34487e+01 -2.73516e+01  5.69662e+01             
       H -8.32347e+01 -2.58577e+01  5.69970e+01             
       O -8.25005e+01 -1.08845e+01  6.52871e+01             
       H -8.17777e+01 -1.12855e+01  6.57827e+01             
       H -8.22490e+01 -1.08245e+01  6.43411e+01             
       O -7.95476e+01 -1.53946e+01  5.48348e+01             
       H -7.88034e+01 -1.52087e+01  5.42029e+01             
       H -6.88412e+01 -1.47448e+01  5.18912e+01             
       O -7.57492e+01 -3.50588e+01  4.78278e+01             
       H -7.48323e+01 -3.52418e+01  4.75129e+01             
       H -7.27523e+01 -2.96762e+01  6.70369e+01             
       O -8.51035e+01 -2.14266e+01  5.59269e+01             
       H -8.44210e+01 -2.19164e+01  5.65616e+01             
       H -8.45314e+01 -2.11549e+01  5.51548e+01             
       O -7.16612e+01 -3.02829e+01  6.61089e+01             
       H -7.07697e+01 -2.98870e+01  6.58979e+01             
       H -7.14274e+01 -3.12453e+01  6.61140e+01             
       O -7.83677e+01 -1.05320e+01  6.46306e+01             
       H -7.75336e+01 -1.05594e+01  6.41494e+01             
       H -7.81472e+01 -1.09887e+01  6.54878e+01             
       O -7.74543e+01 -1.23478e+01  4.87497e+01             
       H -7.70156e+01 -2.40365e+01  4.82260e+01             
       H -7.66695e+01 -1.26319e+01  4.93752e+01             
       O -7.71594e+01 -2.77060e+01  5.09145e+01             
       H -7.65127e+01 -2.70111e+01  5.08283e+01             
       H -7.68997e+01 -2.86266e+01  5.09350e+01             
       O -8.61921e+01 -1.49712e+01  6.09926e+01             
       H -8.58148e+01 -1.43646e+01  6.02798e+01             
       H -8.54059e+01 -1.51960e+01  6.15943e+01             
       O -7.92119e+01  4.55152e+00  5.28671e+01             
       H -6.18740e+01 -2.06607e+01  5.69892e+01             
       H -7.84251e+01  5.04430e+00  5.31950e+01             
       O -7.29221e+01 -1.98624e+01  6.31272e+01             
       H -7.48939e+01 -2.53839e+01  6.30053e+01             
       H -8.45302e+01 -1.98702e+01  6.26707e+01             
       O -7.07155e+01 -3.20193e+01  5.98647e+01             
       H -7.02686e+01 -3.16025e+01  6.06075e+01             
       H -7.01266e+01 -3.24928e+01  5.92785e+01             
       O -7.97664e+01 -2.40462e+01  6.25040e+01             
       H -7.94437e+01 -2.35952e+01  6.33025e+01             
       H -7.89211e+01 -2.42063e+01  6.19161e+01             
       O -7.80492e+01 -4.56485e+01  6.13639e+01             
       H -7.74380e+01 -4.60705e+01  6.20486e+01             
       H -7.74923e+01 -4.49512e+01  7.33828e+01             
       O -7.96753e+01 -7.21158e+00  5.67178e+01             
       H -7.91607e+01 -6.33416e+00  5.64533e+01             
       H -7.89608e+01 -7.85326e+00  5.69544e+01             
       O -6.94549e+01 -2.25573e+01  6.22292e+01             
       H -6.91773e+01 -2.16099e+01  6.23106e+01             
       H -6.85476e+01 -2.30196e+01  6.23222e+01             
       O -7.89501e+01 -2.91053e+01  7.23666e+01             
       H -7.82030e+01 -2.95606e+01  7.28553e+01             
       H -7.85336e+01 -2.82179e+01  7.22817e+01             
       O -9.32871e+01 -2.47691e+01  5.43085e+01             
       H -9.33791e+01 -2.57659e+01  5.41815e+01             
       H -9.22806e+01 -2.47383e+01  5.43579e+01             
       O -7.57991e+01 -6.10203e+00  6.83011e+01             
       H -7.54024e+01 -6.62936e+00  6.90234e+01             
       H -7.49910e+01 -5.58151e+00  6.79953e+01             
       O -7.81592e+01 -1.74596e+01  5.66864e+01             
       H -7.72165e+01 -1.74891e+01  5.63232e+01             
       H -7.79094e+01 -1.71534e+01  4.51470e+01             
       O -7.14757e+01 -1.56328e+01  3.75820e+01             
       H -7.07829e+01 -1.57181e+01  3.69340e+01             
       H -8.33740e+01 -1.53250e+01  3.83764e+01             
       O -6.34827e+01 -1.78083e+01  3.85479e+01             
       H -6.38294e+01 -1.81053e+01  3.94220e+01             
       H -6.26498e+01 -1.73955e+01  3.88513e+01             
       O -7.81375e+01 -2.66507e+01  4.69668e+01             
       H -7.78871e+01 -2.60264e+01  4.77052e+01             
       H -7.73582e+01 -2.66010e+01  5.86601e+01             
       O -7.08528e+01 -2.03996e+01  4.15278e+01             
       H -8.00471e+01 -1.35440e+01  5.04284e+01             
       H -7.07168e+01 -2.10725e+01  4.08368e+01             
       O -7.32391e+01 -2.97074e+01  6.38915e+01             
       H -7.27050e+01 -2.98860e+01  6.47936e+01             
       H -7.25678e+01 -2.94255e+01  6.33196e+01             
       O -6.42419e+01 -1.83011e+01  4.82048e+01             
       H -6.35635e+01 -1.78499e+01  4.76260e+01             
       H -6.37993e+01 -1.82594e+01  4.90835e+01             
       O -6.85281e+01 -3.02986e+01  5.87155e+01             
       H -6.77611e+01 -2.98740e+01  5.92444e+01             
       H -6.80119e+01 -3.09961e+01  5.82154e+01             
       O -7.33142e+01 -1.34219e+01  6.74699e+01             
       H -7.28353e+01 -1.34279e+01  6.66393e+01             
       H -7.25861e+01 -1.37704e+01  6.80957e+01             
       O -6.41442e+01  5.31864e+00  7.83168e+01             
       H -6.34719e+01  4.69331e+00  7.79905e+01             
       H -6.38056e+01  5.64901e+00  7.91588e+01             
       O -7.35415e+01 -2.96014e+01  6.77102e+01             
       H -7.66065e+01 -2.45999e+01  4.45659e+01             
       H -7.31016e+01 -2.96865e+01  6.85706e+01             
       O -7.93299e+01 -2.22476e+01  5.93621e+01             
       H -6.99175e+01 -2.01490e+01  4.17254e+01             
       H -7.87122e+01 -2.20686e+01  5.85989e+01             
       O -6.97624e+01 -1.50102e+01  5.22688e+01             
       H -7.87722e+01 -8.77525e+00  5.27844e+01             
       H -6.95773e+01 -1.58357e+01  5.27686e+01             
       O -6.93417e+01 -2.85083e+01  6.08086e+01             
       H -8.17231e+01 -2.91142e+01  7.24368e+01             
       H -6.35071e+01 -1.00380e+01  6.22220e+01             
       O -1.06244e+02 -1.69938e+01  6.62449e+01             
       H -1.05517e+02 -1.62904e+01  6.65939e+01             
       H -1.05933e+02 -1.79294e+01  6.62938e+01             
       O -7.50670e+01 -3.29573e+01  5.75965e+01             
       H -7.45306e+01 -3.26937e+01  5.83677e+01             
       H -7.31539e+01 -1.89087e+01  6.32874e+01             
       O -8.00047e+01 -1.44437e+01  5.07679e+01             
       H -7.91047e+01 -1.48335e+01  5.07498e+01             
       H -8.71323e+01 -2.66914e+01  3.03588e+01             
       O -8.40265e+01 -2.55338e+01  5.27515e+01             
       H -8.36017e+01 -2.46105e+01  5.29344e+01             
       H -8.32830e+01 -2.61737e+01  5.25792e+01             
       O -7.02204e+01 -2.55981e+01  4.75601e+01             
       H -7.02539e+01 -2.65651e+01  4.76211e+01             
       H -6.93272e+01 -2.53994e+01  4.71758e+01             
       O -5.98333e+01 -2.97838e+01  5.79332e+01             
       H -5.90430e+01 -1.69404e+01  5.75629e+01             
       H -5.94035e+01 -3.04807e+01  5.84287e+01             
       O -7.61062e+01 -1.38072e+01  5.77952e+01             
       H -6.28064e+01 -1.38260e+01  5.83175e+01             
       H -7.58611e+01 -1.42797e+01  5.69360e+01             
       O -6.78711e+01 -1.63770e-01  5.89135e+01             
       H -7.59958e+01 -3.43464e+01  4.72097e+01             
       H -7.91488e+01 -3.43387e+00  5.55954e+01             
       O -8.10027e+01 -1.95132e+01  5.43811e+01             
       H -8.02464e+01 -1.98377e+01  5.37800e+01             
       H -8.06189e+01 -1.96935e+01  5.53141e+01             
       O -7.77437e+01 -9.10158e+00  4.49296e+01             
       H -7.69149e+01 -2.10269e+01  4.51242e+01             
       H -7.73790e+01 -9.92330e+00  4.45403e+01             
       O -8.57162e+01 -2.32637e+01  5.94497e+01             
       H -8.50760e+01 -2.29181e+01  5.87604e+01             
       H -8.51805e+01 -2.35390e+01  6.03058e+01             
       O -7.48318e+01 -2.13792e+01  6.47262e+01             
       H -7.40152e+01 -2.11215e+01  6.42580e+01             
       H -7.46485e+01 -2.22829e+01  6.50788e+01             
       O -8.79852e+01 -2.58791e+01  5.00487e+01             
       H -8.74492e+01 -2.64700e+01  6.18924e+01             
       H -8.09150e+01 -4.04931e+01  4.85388e+01             
       O -6.96103e+01 -2.46500e+01  6.91873e+01             
       H -6.88234e+01 -2.50211e+01  6.96535e+01             
       H -6.92897e+01 -2.46375e+01  6.82828e+01             
       O -7.44727e+01 -2.32876e+01  5.52510e+01             
       H -7.37895e+01 -2.26323e+01  5.55700e+01             
       H -7.40329e+01 -2.42204e+01  5.51881e+01             
       O -9.25939e+01 -2.01741e+01  6.26133e+01             
       H -9.17081e+01 -2.02390e+01  6.20472e+01             
       H -9.22386e+01 -2.01433e+01  6.35382e+01             
       O -7.34982e+01 -2.59176e+01  5.87991e+01             
       H -7.34694e+01 -2.49277e+01  5.89980e+01             
       H -7.27001e+01 -2.60750e+01  5.82148e+01             
       O -8.74089e+01 -1.69232e+01  3.39565e+01             
       H -8.69207e+01 -1.61747e+01  3.43723e+01             
       H -8.67500e+01 -1.75543e+01  3.36240e+01             
       O -7.55059e+01 -2.73254e+01  3.05131e+01             
       H -5.49972e+01 -1.16906e+01  4.66136e+01             
       H -7.49760e+01 -2.81786e+01  3.05873e+01             
       O -8.14362e+01 -2.10910e+01  5.83294e+01             
       H -8.07304e+01 -2.15090e+01  5.88662e+01             
       H -8.09497e+01 -2.05043e+01  5.77732e+01             
       O -8.22214e+01 -1.84870e+01  7.48591e+01             
       H -8.13370e+01 -1.89770e+01  7.48972e+01             
       H -8.21156e+01 -1.76681e+01  7.44061e+01             
