192                                                         
# CELL(abcABC):   12.41850    12.41850    12.41850    90.00000    90.00000    90.00000  Step:           0  Bead:       0 x_centroid{angstrom}  cell{angstrom}   
       O -7.34508e+01 -1.03361e+01  6.58672e+01             
       H -7.32223e+01 -1.09507e+01  6.51191e+01             
       H -7.26915e+01 -9.92915e+00  6.62583e+01             
       O -6.05419e+01 -7.16906e+00  5.67994e+01             
       H -6.18363e+01 -1.61265e+01  5.20568e+01             
       H -5.99104e+01 -6.47278e+00  5.64855e+01             
       O -6.48464e+01 -2.55229e+01  4.96787e+01             
       H -6.47962e+01 -1.38268e+01  5.03331e+01             
       H -6.39954e+01 -2.56162e+01  4.91790e+01             
       O -5.94823e+01 -2.07643e+01  5.44609e+01             
       H -5.84583e+01 -2.06611e+01  5.45394e+01             
       H -5.98539e+01 -2.05042e+01  5.53471e+01             
       O -5.11568e+01 -1.93510e+01  4.75402e+01             
       H -5.01604e+01 -1.93100e+01  4.76625e+01             
       H -5.12949e+01 -2.01071e+01  4.69313e+01             
       O -5.49482e+01 -1.80434e+01  6.27471e+01             
       H -5.42301e+01 -1.84320e+01  6.22112e+01             
       H -5.46236e+01 -1.73488e+01  6.32949e+01             
       O -6.10141e+01 -1.90865e+01  3.60391e+01             
       H -6.01467e+01 -1.92904e+01  3.56785e+01             
       H -5.08258e+01  3.20781e+00  5.01192e+01             
       O -4.47277e+01 -1.49022e+01  6.77083e+01             
       H -4.39508e+01 -1.48144e+01  6.83103e+01             
       H -4.43621e+01 -2.68533e+01  6.69026e+01             
       O -6.74722e+01 -7.86649e+00  4.03938e+01             
       H -6.72757e+01 -8.57598e+00  4.10629e+01             
       H -6.66008e+01 -7.60851e+00  4.00270e+01             
       O -6.38767e+01 -2.22303e+01  4.71553e+01             
       H -6.29409e+01 -2.23237e+01  4.70569e+01             
       H -6.43342e+01 -2.28327e+01  4.65769e+01             
       O -6.79251e+01 -5.99608e+00  5.64542e+01             
       H -6.71879e+01 -6.49720e+00  5.68780e+01             
       H -6.75579e+01 -5.89456e+00  5.55822e+01             
       O -6.18436e+01 -1.05162e+01  4.38380e+01             
       H -6.09152e+01 -1.05188e+01  4.41638e+01             
       H -5.36286e+01 -1.02323e+01  4.24126e+01             
       O -5.83061e+01 -2.94027e+01  4.14628e+01             
       H -5.77392e+01 -2.87697e+01  4.18701e+01             
       H -5.58908e+01 -2.50921e+01  5.77882e+01             
       O -6.89375e+01 -1.76293e+01  4.80936e+01             
       H -6.82171e+01 -1.77906e+01  4.87890e+01             
       H -6.85601e+01 -1.71454e+01  4.73125e+01             
       O -5.34083e+01 -2.37827e+01  5.80366e+01             
       H -5.37631e+01 -2.34370e+01  5.72345e+01             
       H -5.24832e+01 -2.40664e+01  5.77561e+01             
       O -6.32535e+01 -8.02213e+00  5.64374e+01             
       H -6.24924e+01 -7.50115e+00  5.67904e+01             
       H -6.27788e+01 -8.81990e+00  5.60766e+01             
       O -6.28379e+01 -6.74416e+00  3.94064e+01             
       H -6.28608e+01 -1.82027e+01  3.90567e+01             
       H -6.18725e+01 -7.05898e+00  3.92858e+01             
       O -6.31542e+01 -2.52293e+01  4.08905e+01             
       H -6.25182e+01 -2.50168e+01  4.01222e+01             
       H -6.25500e+01 -2.56135e+01  4.15017e+01             
       O -6.96193e+01 -1.13689e+01  4.93288e+01             
       H -6.87975e+01 -1.17984e+01  4.90018e+01             
       H -6.92284e+01 -1.07654e+01  5.00105e+01             
       O -6.20448e+01  8.28669e+00  4.53469e+01             
       H -4.56019e+01 -1.53792e+01  4.88922e+01             
       H -6.11045e+01  8.59986e+00  4.51147e+01             
       O -5.49955e+01 -1.43774e+01  5.69229e+01             
       H -6.01601e+01 -2.00705e+01  5.25481e+01             
       H -6.71451e+01 -1.51102e+01  5.75181e+01             
       O -5.61086e+01 -2.64016e+01  5.26194e+01             
       H -5.56090e+01 -2.72051e+01  5.23520e+01             
       H -5.54283e+01 -2.57256e+01  5.29371e+01             
       O -6.44078e+01 -1.98760e+01  5.39023e+01             
       H -6.39224e+01 -1.96698e+01  5.47028e+01             
       H -6.37509e+01 -1.95378e+01  5.32100e+01             
       O -6.09667e+01 -4.06591e+01  5.35909e+01             
       H -6.00601e+01 -4.10513e+01  5.35418e+01             
       H -6.08243e+01 -3.97556e+01  6.63678e+01             
       O -6.26599e+01 -1.29004e+00  4.85714e+01             
       H -6.20747e+01 -7.34253e-01  4.80738e+01             
       H -6.21780e+01 -1.98872e+00  4.90352e+01             
       O -5.35896e+01 -1.77039e+01  5.42230e+01             
       H -5.28468e+01 -1.73655e+01  5.47839e+01             
       H -5.31694e+01 -1.85674e+01  5.40663e+01             
       O -6.13507e+01 -2.22463e+01  6.23769e+01             
       H -6.08363e+01 -2.17318e+01  6.30105e+01             
       H -6.07188e+01 -2.23000e+01  6.15872e+01             
       O -7.83305e+01 -2.01321e+01  4.47189e+01             
       H -7.84789e+01 -2.06020e+01  4.55939e+01             
       H -7.73623e+01 -2.01275e+01  4.45644e+01             
       O -5.89085e+01 -1.48791e+00  5.87768e+01             
       H -5.82030e+01 -9.14706e-01  5.84617e+01             
       H -5.86876e+01 -1.79087e+00  5.97354e+01             
       O -6.12629e+01 -1.25095e+01  4.66304e+01             
       H -6.04343e+01 -1.30563e+01  4.64625e+01             
       H -6.07803e+01 -1.17327e+01  3.45515e+01             
       O -5.70856e+01 -1.09568e+01  2.90938e+01             
       H -5.61842e+01 -1.10588e+01  2.94079e+01             
       H -6.92645e+01 -1.08881e+01  2.81390e+01             
       O -4.89600e+01 -1.34580e+01  3.04140e+01             
       H -4.87928e+01 -1.40445e+01  3.11738e+01             
       H -4.80496e+01 -1.30865e+01  3.03574e+01             
       O -5.93741e+01 -2.27520e+01  3.56180e+01             
       H -5.86082e+01 -2.31913e+01  3.60780e+01             
       H -5.89871e+01 -2.20626e+01  4.74467e+01             
       O -5.44047e+01 -1.56711e+01  3.49624e+01             
       H -6.41484e+01 -9.73964e+00  4.14635e+01             
       H -5.44367e+01 -1.47336e+01  3.51022e+01             
       O -5.87170e+01 -2.51474e+01  5.51902e+01             
       H -5.80623e+01 -2.57141e+01  5.55100e+01             
       H -5.83641e+01 -2.46057e+01  5.45076e+01             
       O -4.85967e+01 -1.23503e+01  3.89505e+01             
       H -4.76312e+01 -1.26436e+01  3.89669e+01             
       H -4.86585e+01 -1.17212e+01  3.81871e+01             
       O -5.22372e+01 -2.73367e+01  5.19978e+01             
       H -5.17945e+01 -2.67700e+01  5.26056e+01             
       H -5.16555e+01 -2.81159e+01  5.19100e+01             
       O -5.72559e+01 -8.99110e+00  5.86852e+01             
       H -5.73124e+01 -8.69689e+00  5.77710e+01             
       H -5.63250e+01 -8.80560e+00  5.90013e+01             
       O -4.74362e+01  9.24756e+00  6.91952e+01             
       H -4.68072e+01  8.53438e+00  6.88752e+01             
       H -4.68612e+01  9.91254e+00  6.95876e+01             
       O -5.67112e+01 -2.46349e+01  5.79923e+01             
       H -6.09441e+01 -1.94835e+01  3.69194e+01             
       H -5.65465e+01 -2.39044e+01  5.85361e+01             
       O -6.25622e+01 -1.65378e+01  5.15374e+01             
       H -5.34463e+01 -1.58686e+01  3.49364e+01             
       H -6.21251e+01 -1.65393e+01  5.06341e+01             
       O -5.43649e+01 -9.75383e+00  4.27723e+01             
       H -6.19114e+01 -4.95802e+00  4.57930e+01             
       H -5.39540e+01 -8.93407e+00  4.31681e+01             
       O -5.42294e+01 -2.49209e+01  5.35323e+01             
       H -6.60360e+01 -2.53364e+01  6.66542e+01             
       H -4.75580e+01 -7.58190e+00  5.74819e+01             
       O -8.83474e+01 -1.23105e+01  5.74767e+01             
       H -8.76884e+01 -1.16541e+01  5.70570e+01             
       H -8.76766e+01 -1.25898e+01  5.81233e+01             
       O -5.88372e+01 -2.72015e+01  4.88578e+01             
       H -5.86452e+01 -2.66029e+01  4.96414e+01             
       H -5.41906e+01 -1.41941e+01  5.64128e+01             
       O -6.44180e+01 -1.05799e+01  4.19047e+01             
       H -6.38482e+01 -1.13084e+01  4.14848e+01             
       H -7.09878e+01 -2.26884e+01  2.04141e+01             
       O -6.94320e+01 -2.07726e+01  4.33586e+01             
       H -6.88939e+01 -1.99726e+01  4.34945e+01             
       H -6.87982e+01 -2.15085e+01  4.32439e+01             
       O -5.33458e+01 -2.35784e+01  3.88891e+01             
       H -5.28965e+01 -2.42224e+01  3.81916e+01             
       H -5.27859e+01 -2.28023e+01  3.88671e+01             
       O -4.22290e+01 -2.48807e+01  4.79865e+01             
       H -4.14966e+01 -1.28517e+01  4.85244e+01             
       H -4.17377e+01 -2.47138e+01  4.70779e+01             
       O -5.57342e+01 -1.02057e+01  5.13009e+01             
       H -4.23919e+01 -1.05921e+01  5.12009e+01             
       H -5.55665e+01 -9.28021e+00  5.15906e+01             
       O -5.15923e+01  3.56033e+00  5.05901e+01             
       H -5.78125e+01 -2.97616e+01  4.07069e+01             
       H -6.17986e+01  1.48486e+00  4.29680e+01             
       O -6.43773e+01 -1.64273e+01  4.72500e+01             
       H -6.40823e+01 -1.73238e+01  4.72420e+01             
       H -6.37581e+01 -1.58500e+01  4.67864e+01             
       O -6.11818e+01 -3.74513e+00  3.68373e+01             
       H -6.02994e+01 -1.57801e+01  3.67220e+01             
       H -6.11296e+01 -4.65738e+00  3.65004e+01             
       O -6.97838e+01 -1.89822e+01  5.18568e+01             
       H -6.93515e+01 -1.86334e+01  5.10911e+01             
       H -6.90009e+01 -1.92780e+01  5.22954e+01             
       O -5.85939e+01 -1.79595e+01  5.62562e+01             
       H -5.83988e+01 -1.79893e+01  5.53384e+01             
       H -5.77480e+01 -1.81384e+01  5.66947e+01             
       O -7.25106e+01 -1.99290e+01  3.91028e+01             
       H -7.16230e+01 -1.94962e+01  5.15370e+01             
       H -6.61340e+01 -3.68050e+01  4.04873e+01             
       O -5.33451e+01 -1.98644e+01  6.12270e+01             
       H -5.29881e+01 -2.04650e+01  6.18595e+01             
       H -5.25011e+01 -1.95659e+01  6.08019e+01             
       O -5.86445e+01 -1.94395e+01  4.74400e+01             
       H -5.79724e+01 -1.87880e+01  4.77308e+01             
       H -5.80478e+01 -2.01853e+01  4.71128e+01             
       O -7.60507e+01 -1.64051e+01  5.51756e+01             
       H -7.53806e+01 -1.62780e+01  5.45242e+01             
       H -7.55633e+01 -1.64663e+01  5.60142e+01             
       O -5.48862e+01 -2.13649e+01  4.71716e+01             
       H -5.44279e+01 -2.06961e+01  4.77456e+01             
       H -5.45161e+01 -2.22636e+01  4.70907e+01             
       O -7.06834e+01 -1.33155e+01  2.61833e+01             
       H -7.02808e+01 -1.25002e+01  2.57566e+01             
       H -7.00125e+01 -1.37036e+01  2.68088e+01             
       O -5.91885e+01 -2.29413e+01  1.97085e+01             
       H -3.87647e+01 -8.08433e+00  3.86129e+01             
       H -5.87982e+01 -2.36865e+01  1.91686e+01             
       O -6.67346e+01 -1.61936e+01  5.21579e+01             
       H -6.65819e+01 -1.68725e+01  5.28657e+01             
       H -6.59070e+01 -1.56151e+01  5.21903e+01             
       O -6.51266e+01 -1.41433e+01  6.80198e+01             
       H -6.47266e+01 -1.49080e+01  6.75792e+01             
       H -6.42774e+01 -1.37914e+01  6.83321e+01             
192                                                         
# CELL(abcABC):   12.41850    12.41850    12.41850    90.00000    90.00000    90.00000  Step:      200000  Bead:       0 x_centroid{angstrom}  cell{angstrom}   
       O -8.49377e+01 -1.18898e+01  7.27167e+01             
       H -8.45940e+01 -1.28209e+01  7.27743e+01             
       H -8.42325e+01 -1.13742e+01  7.31279e+01             
       O -7.47329e+01 -1.04171e+01  6.47897e+01             
       H -7.33700e+01 -2.00275e+01  5.76401e+01             
       H -7.39069e+01 -1.04493e+01  6.41727e+01             
       O -7.74648e+01 -2.98123e+01  5.51921e+01             
       H -7.72690e+01 -1.78965e+01  5.60216e+01             
       H -7.65202e+01 -2.97275e+01  5.47805e+01             
       O -7.25939e+01 -2.24796e+01  6.33693e+01             
       H -7.21548e+01 -2.19297e+01  6.40299e+01             
       H -7.18459e+01 -2.31260e+01  6.33123e+01             
       O -6.47428e+01 -2.31204e+01  5.53307e+01             
       H -6.40883e+01 -2.28163e+01  5.60154e+01             
       H -6.43421e+01 -2.39068e+01  5.49328e+01             
       O -6.84535e+01 -2.11461e+01  6.93716e+01             
       H -6.80724e+01 -2.19205e+01  6.89092e+01             
       H -6.76791e+01 -2.08723e+01  6.99373e+01             
       O -7.30856e+01 -2.28454e+01  4.18876e+01             
       H -7.27468e+01 -2.19142e+01  4.19685e+01             
       H -6.42097e+01  1.82904e+00  5.86560e+01             
       O -5.82730e+01 -1.85205e+01  7.31353e+01             
       H -5.79001e+01 -1.90620e+01  7.38841e+01             
       H -5.75075e+01 -3.04619e+01  7.26876e+01             
       O -7.95233e+01 -1.22688e+01  4.73608e+01             
       H -7.94206e+01 -1.28876e+01  4.81166e+01             
       H -7.86911e+01 -1.17069e+01  4.73234e+01             
       O -7.61186e+01 -2.57318e+01  5.47810e+01             
       H -7.51751e+01 -2.58928e+01  5.50455e+01             
       H -7.63355e+01 -2.58741e+01  5.38840e+01             
       O -8.04152e+01 -9.12688e+00  6.18995e+01             
       H -7.99637e+01 -9.50880e+00  6.26911e+01             
       H -7.95468e+01 -8.94297e+00  6.13384e+01             
       O -7.50263e+01 -1.43044e+01  5.07592e+01             
       H -7.42341e+01 -1.40158e+01  5.13688e+01             
       H -6.65578e+01 -1.44895e+01  5.03024e+01             
       O -7.24087e+01 -3.26623e+01  4.66208e+01             
       H -7.21338e+01 -3.19494e+01  4.73121e+01             
       H -6.85359e+01 -2.90679e+01  6.45541e+01             
       O -8.17058e+01 -1.92912e+01  5.51784e+01             
       H -8.12118e+01 -2.00279e+01  5.58153e+01             
       H -8.08860e+01 -1.88292e+01  5.47810e+01             
       O -6.59946e+01 -2.67561e+01  6.45700e+01             
       H -6.54108e+01 -2.59558e+01  6.44336e+01             
       H -6.52273e+01 -2.74260e+01  6.45407e+01             
       O -7.68504e+01 -1.19136e+01  6.39727e+01             
       H -7.61314e+01 -1.13559e+01  6.44248e+01             
       H -7.64663e+01 -1.21437e+01  6.31182e+01             
       O -7.55123e+01 -1.00321e+01  4.50405e+01             
       H -7.50953e+01 -2.15490e+01  4.51866e+01             
       H -7.45860e+01 -1.05092e+01  4.51212e+01             
       O -7.44332e+01 -2.89716e+01  4.65429e+01             
       H -7.36740e+01 -2.87465e+01  4.59816e+01             
       H -7.41246e+01 -2.88334e+01  4.74926e+01             
       O -8.04004e+01 -1.34847e+01  5.73225e+01             
       H -7.96385e+01 -1.38712e+01  5.68412e+01             
       H -8.00021e+01 -1.31611e+01  5.81807e+01             
       O -7.60051e+01  4.32374e+00  5.22376e+01             
       H -5.85694e+01 -1.88979e+01  5.75510e+01             
       H -7.53009e+01  4.97800e+00  5.24819e+01             
       O -6.74628e+01 -1.80100e+01  6.40072e+01             
       H -7.29740e+01 -2.39843e+01  5.88521e+01             
       H -7.94967e+01 -1.84495e+01  6.47991e+01             
       O -6.81210e+01 -2.99760e+01  5.90124e+01             
       H -6.77267e+01 -3.05381e+01  5.83511e+01             
       H -6.73341e+01 -2.95965e+01  5.94093e+01             
       O -7.54492e+01 -2.40802e+01  6.14172e+01             
       H -7.45626e+01 -2.45044e+01  6.14518e+01             
       H -7.51746e+01 -2.31851e+01  6.12713e+01             
       O -7.39623e+01 -4.61191e+01  6.09591e+01             
       H -7.35197e+01 -4.66767e+01  6.16580e+01             
       H -7.33874e+01 -4.60270e+01  7.25944e+01             
       O -7.38289e+01 -6.89749e+00  5.26127e+01             
       H -7.30230e+01 -7.13130e+00  5.32118e+01             
       H -7.34224e+01 -6.46970e+00  5.18319e+01             
       O -6.57436e+01 -2.09953e+01  6.05793e+01             
       H -6.49707e+01 -2.05830e+01  6.10976e+01             
       H -6.53804e+01 -2.18417e+01  6.02034e+01             
       O -7.36756e+01 -2.57340e+01  6.82300e+01             
       H -7.37864e+01 -2.51271e+01  6.90459e+01             
       H -7.27838e+01 -2.57421e+01  6.78676e+01             
       O -9.15662e+01 -2.30455e+01  5.16238e+01             
       H -9.11847e+01 -2.22769e+01  5.21187e+01             
       H -9.07945e+01 -2.36331e+01  5.13460e+01             
       O -7.11768e+01 -5.10247e+00  6.57976e+01             
       H -7.03669e+01 -4.54344e+00  6.55243e+01             
       H -7.07639e+01 -5.89254e+00  6.61493e+01             
       O -7.31552e+01 -1.62071e+01  5.46097e+01             
       H -7.24047e+01 -1.67625e+01  5.42091e+01             
       H -7.29042e+01 -1.59848e+01  4.31662e+01             
       O -6.98018e+01 -1.42849e+01  3.77688e+01             
       H -6.96946e+01 -1.50084e+01  3.83971e+01             
       H -8.13116e+01 -1.41270e+01  3.73887e+01             
       O -6.10111e+01 -1.58903e+01  3.66387e+01             
       H -6.06384e+01 -1.66199e+01  3.71869e+01             
       H -6.02319e+01 -1.55140e+01  3.61725e+01             
       O -7.08693e+01 -2.56367e+01  4.28908e+01             
       H -7.01504e+01 -2.59867e+01  4.23804e+01             
       H -7.04676e+01 -2.48593e+01  5.57267e+01             
       O -6.69297e+01 -1.89349e+01  4.14993e+01             
       H -7.63687e+01 -1.40984e+01  4.60787e+01             
       H -6.61875e+01 -1.83483e+01  4.18983e+01             
       O -7.14075e+01 -2.67317e+01  6.03533e+01             
       H -7.06979e+01 -2.70297e+01  5.96843e+01             
       H -7.08901e+01 -2.66753e+01  6.11888e+01             
       O -5.99808e+01 -1.60879e+01  4.47095e+01             
       H -5.93595e+01 -1.53123e+01  4.48429e+01             
       H -5.94257e+01 -1.68524e+01  4.45293e+01             
       O -6.40253e+01 -3.12919e+01  5.74024e+01             
       H -6.37766e+01 -3.04673e+01  5.78336e+01             
       H -6.30751e+01 -3.15838e+01  5.71481e+01             
       O -7.10356e+01 -1.23695e+01  6.40716e+01             
       H -7.06360e+01 -1.31132e+01  6.35427e+01             
       H -7.03334e+01 -1.21559e+01  6.47292e+01             
       O -5.99470e+01  6.90536e+00  7.57844e+01             
       H -5.93702e+01  6.55894e+00  7.50401e+01             
       H -5.93623e+01  7.00363e+00  7.65718e+01             
       O -6.92715e+01 -2.84852e+01  6.46542e+01             
       H -7.24711e+01 -2.35259e+01  4.21620e+01             
       H -6.88396e+01 -2.77851e+01  6.52852e+01             
       O -7.40104e+01 -2.01028e+01  5.69403e+01             
       H -6.65292e+01 -1.98773e+01  4.15928e+01             
       H -7.34587e+01 -1.97633e+01  5.62032e+01             
       O -6.69866e+01 -1.44674e+01  4.94297e+01             
       H -7.55058e+01 -8.92208e+00  5.25319e+01             
       H -6.66414e+01 -1.50923e+01  4.87650e+01             
       O -6.60606e+01 -2.86454e+01  6.02487e+01             
       H -7.80869e+01 -2.92577e+01  7.33768e+01             
       H -6.18922e+01 -1.07207e+01  6.56101e+01             
       O -1.01314e+02 -1.61339e+01  6.42952e+01             
       H -1.00713e+02 -1.54186e+01  6.39543e+01             
       H -1.00915e+02 -1.65274e+01  6.50680e+01             
       O -7.12496e+01 -3.10538e+01  5.67035e+01             
       H -7.04488e+01 -3.08358e+01  5.62161e+01             
       H -6.66712e+01 -1.77628e+01  6.34655e+01             
       O -7.63859e+01 -1.48248e+01  4.66904e+01             
       H -7.56372e+01 -1.53460e+01  4.64772e+01             
       H -8.56949e+01 -2.70571e+01  2.83673e+01             
       O -8.20234e+01 -2.34583e+01  4.81949e+01             
       H -8.16378e+01 -2.27350e+01  4.88367e+01             
       H -8.12222e+01 -2.39663e+01  4.79085e+01             
       O -6.27891e+01 -2.97936e+01  4.15886e+01             
       H -6.24340e+01 -3.05848e+01  4.11617e+01             
       H -6.19599e+01 -2.93158e+01  4.18926e+01             
       O -5.56858e+01 -2.67073e+01  5.38918e+01             
       H -5.53460e+01 -1.47447e+01  5.46686e+01             
       H -5.49348e+01 -2.64779e+01  5.32703e+01             
       O -6.58243e+01 -1.46656e+01  5.60675e+01             
       H -5.30275e+01 -1.56120e+01  5.60204e+01             
       H -6.50950e+01 -1.41350e+01  5.55971e+01             
       O -6.48562e+01  1.51999e+00  5.93729e+01             
       H -7.16527e+01 -3.32097e+01  4.62382e+01             
       H -7.45777e+01 -2.33864e+00  5.00140e+01             
       O -7.80996e+01 -2.11192e+01  5.35389e+01             
       H -7.76132e+01 -2.17257e+01  5.41757e+01             
       H -7.73350e+01 -2.06891e+01  5.31268e+01             
       O -7.20436e+01 -8.00894e+00  4.19532e+01             
       H -7.15916e+01 -2.00454e+01  4.27415e+01             
       H -7.12532e+01 -8.26469e+00  4.13155e+01             
       O -8.29668e+01 -2.18956e+01  5.83731e+01             
       H -8.25421e+01 -2.24735e+01  5.90616e+01             
       H -8.21874e+01 -2.15398e+01  5.78830e+01             
       O -6.93866e+01 -1.96158e+01  6.30694e+01             
       H -6.87909e+01 -1.89403e+01  6.33944e+01             
       H -6.87446e+01 -2.02177e+01  6.25065e+01             
       O -8.55974e+01 -2.36994e+01  4.54318e+01             
       H -8.47935e+01 -2.31327e+01  5.76951e+01             
       H -7.78876e+01 -4.04762e+01  4.74088e+01             
       O -6.73850e+01 -2.34222e+01  6.80130e+01             
       H -6.74266e+01 -2.42493e+01  6.84395e+01             
       H -6.63875e+01 -2.32568e+01  6.79708e+01             
       O -7.05461e+01 -2.13885e+01  5.25596e+01             
       H -7.01751e+01 -2.07007e+01  5.19485e+01             
       H -6.98320e+01 -2.21094e+01  5.27845e+01             
       O -8.84011e+01 -2.01025e+01  6.20413e+01             
       H -8.75806e+01 -2.04082e+01  6.16234e+01             
       H -8.84818e+01 -2.05801e+01  6.29041e+01             
       O -6.88773e+01 -2.34866e+01  5.32079e+01             
       H -6.81754e+01 -2.34705e+01  5.25001e+01             
       H -6.83664e+01 -2.36084e+01  5.40670e+01             
       O -8.21517e+01 -1.52194e+01  3.36330e+01             
       H -8.14962e+01 -1.45563e+01  3.32915e+01             
       H -8.16888e+01 -1.60574e+01  3.37366e+01             
       O -7.33244e+01 -2.62648e+01  2.77588e+01             
       H -5.18499e+01 -1.14171e+01  4.75233e+01             
       H -7.24650e+01 -2.57347e+01  2.76053e+01             
       O -7.90840e+01 -1.99128e+01  5.82150e+01             
       H -7.88798e+01 -2.02033e+01  5.91406e+01             
       H -7.81377e+01 -1.98668e+01  5.79078e+01             
       O -7.75863e+01 -1.76137e+01  7.48230e+01             
       H -7.70767e+01 -1.84422e+01  7.46780e+01             
       H -7.70253e+01 -1.70996e+01  7.55108e+01             
