192                                                         
# CELL(abcABC):   12.41850    12.41850    12.41850    90.00000    90.00000    90.00000  Step:           0  Bead:       0 x_centroid{angstrom}  cell{angstrom}   
       O -7.35953e+01 -1.04571e+01  6.64801e+01             
       H -7.35597e+01 -1.12058e+01  6.58514e+01             
       H -7.27001e+01 -1.02341e+01  6.66866e+01             
       O -6.03572e+01 -6.54817e+00  5.68482e+01             
       H -6.26092e+01 -1.59028e+01  5.21486e+01             
       H -5.94898e+01 -6.01805e+00  5.67540e+01             
       O -6.58243e+01 -2.62728e+01  4.91630e+01             
       H -6.55589e+01 -1.37361e+01  5.01134e+01             
       H -6.49224e+01 -2.64074e+01  4.87289e+01             
       O -5.94205e+01 -2.04359e+01  5.44925e+01             
       H -5.84452e+01 -2.04093e+01  5.46455e+01             
       H -5.98077e+01 -1.99841e+01  5.52358e+01             
       O -5.19925e+01 -2.01503e+01  4.81755e+01             
       H -5.12240e+01 -1.95450e+01  4.82517e+01             
       H -5.14633e+01 -2.10321e+01  4.81738e+01             
       O -5.60460e+01 -1.80552e+01  6.26916e+01             
       H -5.55677e+01 -1.89350e+01  6.25086e+01             
       H -5.54607e+01 -1.74738e+01  6.31949e+01             
       O -6.18274e+01 -1.90338e+01  3.60148e+01             
       H -6.10106e+01 -1.91807e+01  3.54157e+01             
       H -5.06963e+01  2.68559e+00  5.12517e+01             
       O -4.46164e+01 -1.56634e+01  6.71123e+01             
       H -4.41299e+01 -1.54999e+01  6.79357e+01             
       H -4.40039e+01 -2.76436e+01  6.65162e+01             
       O -6.74941e+01 -7.53284e+00  4.06800e+01             
       H -6.70739e+01 -7.94608e+00  4.14044e+01             
       H -6.69746e+01 -6.81285e+00  4.03188e+01             
       O -6.34509e+01 -2.28331e+01  4.82033e+01             
       H -6.26076e+01 -2.28713e+01  4.86550e+01             
       H -6.32609e+01 -2.31099e+01  4.73153e+01             
       O -6.79511e+01 -5.83003e+00  5.65076e+01             
       H -6.72629e+01 -6.07411e+00  5.71468e+01             
       H -6.73972e+01 -5.48397e+00  5.57791e+01             
       O -6.23465e+01 -1.03989e+01  4.40777e+01             
       H -6.16356e+01 -1.03800e+01  4.47372e+01             
       H -5.32579e+01 -9.64980e+00  4.26848e+01             
       O -5.88423e+01 -2.96968e+01  4.13284e+01             
       H -5.81352e+01 -2.90337e+01  4.13899e+01             
       H -5.66379e+01 -2.59363e+01  5.72027e+01             
       O -7.04375e+01 -1.76599e+01  4.83922e+01             
       H -6.97182e+01 -1.79261e+01  4.90147e+01             
       H -6.98914e+01 -1.71174e+01  4.77995e+01             
       O -5.46596e+01 -2.36469e+01  5.76381e+01             
       H -5.45043e+01 -2.32897e+01  5.67568e+01             
       H -5.37698e+01 -2.39984e+01  5.78945e+01             
       O -6.28640e+01 -7.67172e+00  5.59717e+01             
       H -6.20447e+01 -7.25301e+00  5.62730e+01             
       H -6.26584e+01 -8.59767e+00  5.61599e+01             
       O -6.29434e+01 -6.58697e+00  3.89911e+01             
       H -6.31045e+01 -1.80312e+01  3.90341e+01             
       H -6.20495e+01 -6.78605e+00  3.93149e+01             
       O -6.29726e+01 -2.56953e+01  4.15601e+01             
       H -6.22434e+01 -2.55150e+01  4.09391e+01             
       H -6.24769e+01 -2.58952e+01  4.23786e+01             
       O -7.00323e+01 -1.20092e+01  4.94367e+01             
       H -6.94053e+01 -1.24559e+01  4.88863e+01             
       H -6.95587e+01 -1.11904e+01  4.95376e+01             
       O -6.21266e+01  8.00382e+00  4.49899e+01             
       H -4.61602e+01 -1.62809e+01  4.95454e+01             
       H -6.13879e+01  8.67329e+00  4.51362e+01             
       O -5.55571e+01 -1.48814e+01  5.67215e+01             
       H -6.02641e+01 -2.03890e+01  5.28822e+01             
       H -6.79260e+01 -1.54467e+01  5.74757e+01             
       O -5.55560e+01 -2.63499e+01  5.27689e+01             
       H -5.47091e+01 -2.66601e+01  5.23937e+01             
       H -5.52860e+01 -2.58027e+01  5.34984e+01             
       O -6.44167e+01 -1.97054e+01  5.38330e+01             
       H -6.35719e+01 -1.99359e+01  5.43152e+01             
       H -6.40328e+01 -1.93831e+01  5.29687e+01             
       O -6.11743e+01 -4.07959e+01  5.33466e+01             
       H -6.03441e+01 -4.13987e+01  5.34176e+01             
       H -6.07249e+01 -3.99626e+01  6.55604e+01             
       O -6.35664e+01 -2.39557e+00  4.80593e+01             
       H -6.28908e+01 -1.94856e+00  4.74993e+01             
       H -6.30582e+01 -2.95675e+00  4.87033e+01             
       O -5.34101e+01 -1.74703e+01  5.46363e+01             
       H -5.27575e+01 -1.67806e+01  5.46923e+01             
       H -5.28509e+01 -1.82836e+01  5.45599e+01             
       O -6.14815e+01 -2.22033e+01  6.32251e+01             
       H -6.09420e+01 -2.15926e+01  6.38107e+01             
       H -6.08354e+01 -2.26408e+01  6.27138e+01             
       O -7.75654e+01 -1.91031e+01  4.52141e+01             
       H -7.74790e+01 -1.94053e+01  4.61719e+01             
       H -7.66592e+01 -1.91331e+01  4.48311e+01             
       O -5.88354e+01 -1.17792e+00  5.90133e+01             
       H -5.80312e+01 -7.25096e-01  5.86288e+01             
       H -5.83833e+01 -1.34996e+00  5.98506e+01             
       O -6.22821e+01 -1.32608e+01  4.63712e+01             
       H -6.17868e+01 -1.34069e+01  4.55446e+01             
       H -6.17081e+01 -1.26765e+01  3.44934e+01             
       O -5.70102e+01 -1.06810e+01  2.95731e+01             
       H -5.62001e+01 -1.11951e+01  2.96792e+01             
       H -6.92082e+01 -1.04892e+01  2.85960e+01             
       O -4.87035e+01 -1.34851e+01  3.13489e+01             
       H -4.78979e+01 -1.40482e+01  3.14692e+01             
       H -4.82578e+01 -1.26939e+01  3.10676e+01             
       O -6.03561e+01 -2.36003e+01  3.64210e+01             
       H -5.96195e+01 -2.41004e+01  3.64856e+01             
       H -6.01789e+01 -2.29873e+01  4.81546e+01             
       O -5.60188e+01 -1.62116e+01  3.48624e+01             
       H -6.43860e+01 -1.06738e+01  4.06764e+01             
       H -5.59959e+01 -1.53182e+01  3.52557e+01             
       O -5.90886e+01 -2.41690e+01  5.58809e+01             
       H -5.83880e+01 -2.47109e+01  5.63113e+01             
       H -5.85169e+01 -2.35313e+01  5.53102e+01             
       O -4.74935e+01 -1.30453e+01  4.08776e+01             
       H -4.66570e+01 -1.32279e+01  4.03589e+01             
       H -4.71462e+01 -1.28191e+01  4.17420e+01             
       O -5.29127e+01 -2.64233e+01  5.19278e+01             
       H -5.24656e+01 -2.56805e+01  5.23053e+01             
       H -5.21696e+01 -2.71318e+01  5.17336e+01             
       O -5.82486e+01 -8.92464e+00  5.81300e+01             
       H -5.78790e+01 -8.96114e+00  5.72474e+01             
       H -5.75591e+01 -9.24269e+00  5.87848e+01             
       O -4.71810e+01  9.50322e+00  6.98098e+01             
       H -4.66496e+01  8.72196e+00  6.96063e+01             
       H -4.67142e+01  1.00535e+01  7.04778e+01             
       O -5.70184e+01 -2.50280e+01  5.74240e+01             
       H -6.17448e+01 -1.94795e+01  3.68461e+01             
       H -5.62428e+01 -2.44431e+01  5.75441e+01             
       O -6.33694e+01 -1.60304e+01  5.15523e+01             
       H -5.50459e+01 -1.64143e+01  3.47954e+01             
       H -6.28837e+01 -1.60346e+01  5.06851e+01             
       O -5.40526e+01 -9.17748e+00  4.29851e+01             
       H -6.15381e+01 -5.16763e+00  4.47863e+01             
       H -5.38232e+01 -8.42909e+00  4.36296e+01             
       O -5.45031e+01 -2.44077e+01  5.46153e+01             
       H -6.64870e+01 -2.50118e+01  6.76043e+01             
       H -4.76906e+01 -6.94131e+00  5.77228e+01             
       O -8.92812e+01 -1.21060e+01  5.77429e+01             
       H -8.87570e+01 -1.15750e+01  5.71428e+01             
       H -8.87009e+01 -1.26519e+01  5.83205e+01             
       O -5.92431e+01 -2.81168e+01  5.00253e+01             
       H -5.87246e+01 -2.74665e+01  5.05826e+01             
       H -5.45903e+01 -1.47054e+01  5.65402e+01             
       O -6.47984e+01 -1.14337e+01  4.11359e+01             
       H -6.40596e+01 -1.19968e+01  4.14373e+01             
       H -7.22387e+01 -2.19674e+01  2.09934e+01             
       O -6.93897e+01 -2.06388e+01  4.31924e+01             
       H -6.87891e+01 -1.99318e+01  4.35109e+01             
       H -6.88693e+01 -2.14244e+01  4.29147e+01             
       O -5.37524e+01 -2.30650e+01  3.79066e+01             
       H -5.36039e+01 -2.37221e+01  3.72946e+01             
       H -5.28399e+01 -2.28101e+01  3.82499e+01             
       O -4.32775e+01 -2.57853e+01  4.81384e+01             
       H -4.23676e+01 -1.35362e+01  4.86078e+01             
       H -4.31099e+01 -2.53122e+01  4.72695e+01             
       O -5.63780e+01 -1.03460e+01  5.16789e+01             
       H -4.31444e+01 -1.07116e+01  5.13244e+01             
       H -5.61205e+01 -9.38632e+00  5.16056e+01             
       O -5.15965e+01  2.83977e+00  5.15081e+01             
       H -5.83637e+01 -3.04499e+01  4.07732e+01             
       H -6.18945e+01  1.94453e+00  4.32064e+01             
       O -6.56742e+01 -1.61698e+01  4.65935e+01             
       H -6.52896e+01 -1.68675e+01  4.59902e+01             
       H -6.49876e+01 -1.58737e+01  4.72195e+01             
       O -6.18659e+01 -3.84986e+00  3.69979e+01             
       H -6.09414e+01 -1.59574e+01  3.71137e+01             
       H -6.18058e+01 -4.78403e+00  3.68418e+01             
       O -7.00544e+01 -1.92311e+01  5.23437e+01             
       H -6.97156e+01 -1.88618e+01  5.15101e+01             
       H -6.92220e+01 -1.94145e+01  5.28656e+01             
       O -5.81550e+01 -1.75862e+01  5.63919e+01             
       H -5.81397e+01 -1.75893e+01  5.54268e+01             
       H -5.71835e+01 -1.77296e+01  5.65701e+01             
       O -7.27822e+01 -2.01288e+01  3.95107e+01             
       H -7.18376e+01 -1.98488e+01  5.17565e+01             
       H -6.61383e+01 -3.64559e+01  4.16349e+01             
       O -5.46822e+01 -2.07100e+01  6.17621e+01             
       H -5.42686e+01 -2.15000e+01  6.21894e+01             
       H -5.38827e+01 -2.03093e+01  6.14250e+01             
       O -5.94370e+01 -1.93444e+01  4.71594e+01             
       H -5.88167e+01 -1.86659e+01  4.75798e+01             
       H -5.88532e+01 -2.00507e+01  4.68750e+01             
       O -7.58402e+01 -1.59982e+01  5.51904e+01             
       H -7.51651e+01 -1.59394e+01  5.44441e+01             
       H -7.53151e+01 -1.63238e+01  5.59344e+01             
       O -5.61812e+01 -2.21976e+01  4.72874e+01             
       H -5.57102e+01 -2.13997e+01  4.76458e+01             
       H -5.55693e+01 -2.26109e+01  4.66713e+01             
       O -7.03501e+01 -1.37511e+01  2.66510e+01             
       H -7.02319e+01 -1.30581e+01  2.60139e+01             
       H -6.95271e+01 -1.40024e+01  2.71213e+01             
       O -6.05566e+01 -2.25762e+01  2.11710e+01             
       H -3.92355e+01 -8.57573e+00  3.89491e+01             
       H -6.01052e+01 -2.34084e+01  2.10497e+01             
       O -6.63768e+01 -1.69413e+01  5.19240e+01             
       H -6.60637e+01 -1.70634e+01  5.28881e+01             
       H -6.57663e+01 -1.63605e+01  5.15666e+01             
       O -6.55359e+01 -1.41393e+01  6.85316e+01             
       H -6.48475e+01 -1.48646e+01  6.84857e+01             
       H -6.51655e+01 -1.34609e+01  6.91371e+01             
192                                                         
# CELL(abcABC):   12.41850    12.41850    12.41850    90.00000    90.00000    90.00000  Step:      200000  Bead:       0 x_centroid{angstrom}  cell{angstrom}   
       O -8.30085e+01 -1.25327e+01  7.24226e+01             
       H -8.26277e+01 -1.33681e+01  7.26980e+01             
       H -8.23083e+01 -1.18745e+01  7.24798e+01             
       O -7.19419e+01 -8.78049e+00  6.25808e+01             
       H -7.42655e+01 -1.91827e+01  5.80781e+01             
       H -7.12532e+01 -8.67612e+00  6.18738e+01             
       O -7.65123e+01 -3.00258e+01  5.40123e+01             
       H -7.56450e+01 -1.71857e+01  5.43344e+01             
       H -7.61616e+01 -3.06684e+01  5.32738e+01             
       O -6.84993e+01 -2.31622e+01  5.98475e+01             
       H -6.76431e+01 -2.34199e+01  5.94439e+01             
       H -6.82247e+01 -2.25481e+01  6.06067e+01             
       O -6.30979e+01 -2.41306e+01  5.36221e+01             
       H -6.22386e+01 -2.36537e+01  5.36471e+01             
       H -6.27419e+01 -2.50370e+01  5.35739e+01             
       O -6.82315e+01 -2.08175e+01  6.83173e+01             
       H -6.76267e+01 -2.13927e+01  6.77709e+01             
       H -6.75781e+01 -2.04065e+01  6.89051e+01             
       O -7.32349e+01 -2.25297e+01  4.17931e+01             
       H -7.25531e+01 -2.24626e+01  4.11036e+01             
       H -6.40432e+01  9.93312e-01  5.56516e+01             
       O -5.54483e+01 -1.78344e+01  7.40176e+01             
       H -5.48179e+01 -1.70414e+01  7.37915e+01             
       H -5.48339e+01 -3.08082e+01  7.45390e+01             
       O -7.88483e+01 -1.19771e+01  4.65098e+01             
       H -7.80817e+01 -1.22772e+01  4.70779e+01             
       H -7.85273e+01 -1.17137e+01  4.56714e+01             
       O -7.42705e+01 -2.85596e+01  5.48725e+01             
       H -7.34217e+01 -2.87220e+01  5.43228e+01             
       H -7.40247e+01 -2.81279e+01  5.57491e+01             
       O -7.90605e+01 -1.05446e+01  6.29602e+01             
       H -7.81098e+01 -1.08302e+01  6.31309e+01             
       H -7.88826e+01 -9.66686e+00  6.26246e+01             
       O -7.27636e+01 -1.26142e+01  4.94722e+01             
       H -7.20364e+01 -1.25407e+01  5.01328e+01             
       H -6.41608e+01 -1.34965e+01  4.75994e+01             
       O -7.10607e+01 -3.22580e+01  4.73488e+01             
       H -7.04101e+01 -3.14969e+01  4.72104e+01             
       H -6.52149e+01 -2.60239e+01  6.39673e+01             
       O -8.18718e+01 -1.94785e+01  5.37294e+01             
       H -8.13298e+01 -1.99894e+01  5.44301e+01             
       H -8.11965e+01 -1.89704e+01  5.31624e+01             
       O -6.27527e+01 -2.67670e+01  6.54730e+01             
       H -6.23250e+01 -2.73579e+01  6.61662e+01             
       H -6.20878e+01 -2.67652e+01  6.46983e+01             
       O -7.42940e+01 -1.04374e+01  6.22840e+01             
       H -7.35104e+01 -9.84619e+00  6.24466e+01             
       H -7.37562e+01 -1.12123e+01  6.19937e+01             
       O -7.49513e+01 -9.97144e+00  4.52414e+01             
       H -7.49253e+01 -2.14393e+01  4.53031e+01             
       H -7.40181e+01 -1.02256e+01  4.49627e+01             
       O -7.36172e+01 -2.71030e+01  4.48377e+01             
       H -7.29615e+01 -2.64340e+01  4.47839e+01             
       H -7.31758e+01 -2.78381e+01  4.54119e+01             
       O -8.03339e+01 -1.60674e+01  5.57858e+01             
       H -7.97221e+01 -1.60786e+01  5.49782e+01             
       H -7.96782e+01 -1.60182e+01  5.65474e+01             
       O -7.39114e+01  5.53417e+00  5.05483e+01             
       H -5.82283e+01 -1.89495e+01  5.43089e+01             
       H -7.32441e+01  6.16612e+00  5.09091e+01             
       O -6.62538e+01 -1.98660e+01  6.25850e+01             
       H -7.15485e+01 -2.26668e+01  5.71404e+01             
       H -7.80946e+01 -1.98646e+01  6.33903e+01             
       O -6.84630e+01 -3.06893e+01  5.88925e+01             
       H -6.75891e+01 -3.09453e+01  5.84373e+01             
       H -6.82543e+01 -3.04843e+01  5.98203e+01             
       O -7.60822e+01 -2.26257e+01  6.01281e+01             
       H -7.53938e+01 -2.27002e+01  6.08435e+01             
       H -7.55618e+01 -2.25111e+01  5.93033e+01             
       O -7.32652e+01 -4.32695e+01  5.90912e+01             
       H -7.27115e+01 -4.24233e+01  5.87279e+01             
       H -7.25483e+01 -4.38920e+01  7.17584e+01             
       O -7.52105e+01 -7.10259e+00  5.28048e+01             
       H -7.46330e+01 -7.20393e+00  5.19791e+01             
       H -7.46436e+01 -7.35033e+00  5.36001e+01             
       O -6.49007e+01 -2.01447e+01  6.01815e+01             
       H -6.42479e+01 -1.94218e+01  6.03309e+01             
       H -6.42825e+01 -2.09093e+01  5.99820e+01             
       O -7.12990e+01 -2.54768e+01  6.98105e+01             
       H -7.10255e+01 -2.54000e+01  7.07729e+01             
       H -7.05112e+01 -2.56888e+01  6.93583e+01             
       O -8.88646e+01 -2.33537e+01  5.12155e+01             
       H -8.84919e+01 -2.37981e+01  5.21652e+01             
       H -8.80598e+01 -2.33048e+01  5.05652e+01             
       O -7.13440e+01 -1.12109e+00  6.65436e+01             
       H -7.12216e+01 -6.88425e-01  6.56815e+01             
       H -7.05143e+01 -1.36968e+00  6.69256e+01             
       O -7.18395e+01 -1.61508e+01  5.34899e+01             
       H -7.12730e+01 -1.68103e+01  5.39022e+01             
       H -7.15654e+01 -1.52281e+01  4.13221e+01             
       O -7.02754e+01 -1.50670e+01  3.52009e+01             
       H -7.02091e+01 -1.56166e+01  3.59942e+01             
       H -8.18063e+01 -1.51279e+01  3.47653e+01             
       O -6.02457e+01 -1.70343e+01  3.83691e+01             
       H -5.98682e+01 -1.67962e+01  3.92612e+01             
       H -5.94574e+01 -1.70629e+01  3.78270e+01             
       O -6.90560e+01 -2.59804e+01  4.32906e+01             
       H -6.85894e+01 -2.68509e+01  4.34794e+01             
       H -6.84618e+01 -2.54955e+01  5.51007e+01             
       O -6.80661e+01 -1.79269e+01  3.98872e+01             
       H -7.63486e+01 -1.33094e+01  4.45562e+01             
       H -6.74023e+01 -1.72638e+01  4.03985e+01             
       O -6.90597e+01 -2.69763e+01  6.38697e+01             
       H -6.85605e+01 -2.68791e+01  6.47860e+01             
       H -6.83530e+01 -2.65465e+01  6.32250e+01             
       O -5.95943e+01 -1.62756e+01  4.61050e+01             
       H -5.88731e+01 -1.64725e+01  4.54383e+01             
       H -5.90801e+01 -1.58210e+01  4.68761e+01             
       O -6.44312e+01 -3.05758e+01  5.64586e+01             
       H -6.35812e+01 -3.08945e+01  5.68722e+01             
       H -6.44938e+01 -3.06557e+01  5.54593e+01             
       O -6.88452e+01 -1.08321e+01  6.43905e+01             
       H -6.81405e+01 -1.07940e+01  6.37152e+01             
       H -6.84273e+01 -1.14317e+01  6.50291e+01             
       O -5.77303e+01  8.26626e+00  7.46137e+01             
       H -5.75619e+01  8.87512e+00  7.54132e+01             
       H -5.68436e+01  7.84644e+00  7.46212e+01             
       O -6.51914e+01 -2.65251e+01  6.48062e+01             
       H -7.28378e+01 -2.28385e+01  4.26181e+01             
       H -6.41621e+01 -2.66604e+01  6.50277e+01             
       O -7.48841e+01 -1.96425e+01  5.74484e+01             
       H -6.77690e+01 -1.82076e+01  3.90731e+01             
       H -7.44357e+01 -1.96131e+01  5.64945e+01             
       O -6.47118e+01 -1.29332e+01  4.81112e+01             
       H -7.34016e+01 -7.74498e+00  5.04139e+01             
       H -6.41392e+01 -1.20840e+01  4.82767e+01             
       O -6.65264e+01 -2.78888e+01  6.10005e+01             
       H -7.78819e+01 -2.79380e+01  7.34459e+01             
       H -5.89840e+01 -9.00700e+00  6.33610e+01             
       O -9.92660e+01 -1.46556e+01  6.30681e+01             
       H -9.87304e+01 -1.38877e+01  6.28086e+01             
       H -9.86092e+01 -1.53722e+01  6.30169e+01             
       O -7.14720e+01 -3.09426e+01  5.48189e+01             
       H -7.10193e+01 -3.06594e+01  5.56606e+01             
       H -6.56496e+01 -2.00574e+01  6.17802e+01             
       O -7.61992e+01 -1.40324e+01  4.51831e+01             
       H -7.52654e+01 -1.42152e+01  4.50888e+01             
       H -8.29786e+01 -2.43779e+01  2.67357e+01             
       O -8.00360e+01 -2.58241e+01  4.97411e+01             
       H -7.95017e+01 -2.50107e+01  4.98912e+01             
       H -7.94447e+01 -2.66154e+01  4.95112e+01             
       O -6.57892e+01 -2.83373e+01  4.50111e+01             
       H -6.52850e+01 -2.91930e+01  4.49646e+01             
       H -6.49901e+01 -2.77379e+01  4.50982e+01             
       O -5.39537e+01 -2.88898e+01  5.34608e+01             
       H -5.29876e+01 -1.69092e+01  5.35561e+01             
       H -5.36922e+01 -2.80219e+01  5.30867e+01             
       O -6.80409e+01 -1.46488e+01  5.86250e+01             
       H -5.48165e+01 -1.51079e+01  5.83027e+01             
       H -6.77953e+01 -1.36953e+01  5.87663e+01             
       O -6.46469e+01  1.35580e+00  5.63019e+01             
       H -7.08600e+01 -3.29718e+01  4.66660e+01             
       H -7.22575e+01 -2.52019e-01  4.86740e+01             
       O -7.74731e+01 -2.09324e+01  5.25158e+01             
       H -7.70108e+01 -2.15707e+01  5.18405e+01             
       H -7.66553e+01 -2.04779e+01  5.29066e+01             
       O -7.36020e+01 -7.43596e+00  4.25031e+01             
       H -7.26490e+01 -1.93438e+01  4.25472e+01             
       H -7.33987e+01 -8.38252e+00  4.23365e+01             
       O -8.25080e+01 -2.18818e+01  5.80697e+01             
       H -8.21189e+01 -2.14572e+01  5.72877e+01             
       H -8.18425e+01 -2.23161e+01  5.86986e+01             
       O -6.87233e+01 -2.09936e+01  6.15052e+01             
       H -6.89915e+01 -2.02320e+01  6.10051e+01             
       H -6.79091e+01 -2.07055e+01  6.20394e+01             
       O -8.47982e+01 -2.30765e+01  4.43684e+01             
       H -8.45356e+01 -2.40538e+01  5.69930e+01             
       H -7.92965e+01 -4.00215e+01  4.77631e+01             
       O -6.64897e+01 -2.23408e+01  6.68882e+01             
       H -6.57566e+01 -2.24300e+01  6.75482e+01             
       H -6.60621e+01 -2.19105e+01  6.60951e+01             
       O -7.09368e+01 -2.17133e+01  5.25836e+01             
       H -7.04094e+01 -2.10364e+01  5.30639e+01             
       H -7.01701e+01 -2.23488e+01  5.23578e+01             
       O -8.77679e+01 -1.82291e+01  6.05490e+01             
       H -8.69312e+01 -1.83320e+01  5.99658e+01             
       H -8.74910e+01 -1.85915e+01  6.14551e+01             
       O -6.73074e+01 -2.46794e+01  5.36278e+01             
       H -6.67866e+01 -2.39659e+01  5.40294e+01             
       H -6.66647e+01 -2.54143e+01  5.35472e+01             
       O -8.25099e+01 -1.72262e+01  3.22001e+01             
       H -8.18952e+01 -1.67614e+01  3.15758e+01             
       H -8.18832e+01 -1.75161e+01  3.29762e+01             
       O -7.10414e+01 -2.51913e+01  2.65977e+01             
       H -5.16019e+01 -1.06580e+01  4.45065e+01             
       H -7.03185e+01 -2.58929e+01  2.66448e+01             
       O -7.86957e+01 -1.92865e+01  5.77987e+01             
       H -7.81555e+01 -1.97495e+01  5.84768e+01             
       H -7.79826e+01 -1.88916e+01  5.71240e+01             
       O -7.64044e+01 -1.58492e+01  7.36569e+01             
       H -7.59196e+01 -1.66448e+01  7.33251e+01             
       H -7.58316e+01 -1.51806e+01  7.40955e+01             
