192                                                         
# CELL(abcABC):   12.41850    12.41850    12.41850    90.00000    90.00000    90.00000  Step:           0  Bead:       0 x_centroid{angstrom}  cell{angstrom}   
       O -7.66338e+01 -1.01935e+01  7.10489e+01             
       H -7.70019e+01 -1.06290e+01  7.03000e+01             
       H -7.56791e+01 -1.02272e+01  7.09688e+01             
       O -6.29857e+01 -6.41717e+00  5.64622e+01             
       H -6.62439e+01 -1.71448e+01  5.36285e+01             
       H -6.24685e+01 -5.86833e+00  5.71079e+01             
       O -6.84847e+01 -2.60353e+01  5.07286e+01             
       H -6.79406e+01 -1.38900e+01  5.14446e+01             
       H -6.78812e+01 -2.59619e+01  4.99233e+01             
       O -6.13860e+01 -2.06890e+01  5.57166e+01             
       H -6.12312e+01 -2.13252e+01  5.64573e+01             
       H -6.05073e+01 -2.02840e+01  5.56483e+01             
       O -5.36811e+01 -2.16247e+01  4.90063e+01             
       H -5.29307e+01 -2.09821e+01  4.90453e+01             
       H -5.33469e+01 -2.24665e+01  4.86995e+01             
       O -5.85289e+01 -1.95561e+01  6.37798e+01             
       H -5.79424e+01 -2.02085e+01  6.33567e+01             
       H -5.78577e+01 -1.91286e+01  6.43363e+01             
       O -6.41188e+01 -1.99319e+01  3.72672e+01             
       H -6.33946e+01 -1.97983e+01  3.66386e+01             
       H -5.38807e+01  2.10060e+00  5.28218e+01             
       O -4.88618e+01 -1.65776e+01  6.69616e+01             
       H -4.92979e+01 -1.72947e+01  6.65106e+01             
       H -4.78850e+01 -2.89837e+01  6.67587e+01             
       O -7.18987e+01 -1.07596e+01  4.02155e+01             
       H -7.16790e+01 -1.11122e+01  4.10886e+01             
       H -7.10264e+01 -1.07180e+01  3.98188e+01             
       O -7.06837e+01 -2.24402e+01  4.88413e+01             
       H -7.02088e+01 -2.30255e+01  4.82450e+01             
       H -6.99800e+01 -2.20202e+01  4.93529e+01             
       O -7.01684e+01 -6.59455e+00  5.87968e+01             
       H -6.94664e+01 -7.19212e+00  5.85270e+01             
       H -6.97655e+01 -6.10331e+00  5.95323e+01             
       O -6.51406e+01 -1.16408e+01  4.82503e+01             
       H -6.47529e+01 -1.11355e+01  4.75342e+01             
       H -5.59372e+01 -1.06229e+01  4.46811e+01             
       O -6.27123e+01 -3.11753e+01  4.07691e+01             
       H -6.26435e+01 -3.04829e+01  4.01269e+01             
       H -5.86099e+01 -2.54683e+01  5.94052e+01             
       O -7.23515e+01 -1.76901e+01  4.97357e+01             
       H -7.18795e+01 -1.82988e+01  5.02845e+01             
       H -7.16304e+01 -1.71444e+01  4.93438e+01             
       O -5.72991e+01 -2.44099e+01  5.95775e+01             
       H -5.69873e+01 -2.38490e+01  5.88275e+01             
       H -5.64638e+01 -2.48277e+01  5.99854e+01             
       O -6.49159e+01 -7.51603e+00  5.79191e+01             
       H -6.40851e+01 -7.15601e+00  5.74218e+01             
       H -6.46128e+01 -8.37619e+00  5.82995e+01             
       O -6.45707e+01 -8.14496e+00  4.08068e+01             
       H -6.40458e+01 -1.97834e+01  4.09648e+01             
       H -6.40618e+01 -8.78629e+00  4.03313e+01             
       O -6.44716e+01 -2.41383e+01  4.39028e+01             
       H -6.38946e+01 -2.37825e+01  4.31472e+01             
       H -6.39133e+01 -2.49137e+01  4.42665e+01             
       O -7.40923e+01 -1.22831e+01  5.21884e+01             
       H -7.33235e+01 -1.17404e+01  5.19071e+01             
       H -7.36908e+01 -1.31822e+01  5.24930e+01             
       O -6.60560e+01  7.28020e+00  4.69141e+01             
       H -4.87136e+01 -1.66223e+01  5.04776e+01             
       H -6.53591e+01  7.93482e+00  4.71879e+01             
       O -5.88071e+01 -1.59000e+01  5.82750e+01             
       H -6.21146e+01 -2.24959e+01  5.45819e+01             
       H -7.06458e+01 -1.61818e+01  5.89958e+01             
       O -5.86605e+01 -2.90640e+01  5.42920e+01             
       H -5.81032e+01 -2.95766e+01  5.37031e+01             
       H -5.79540e+01 -2.86075e+01  5.48068e+01             
       O -6.60867e+01 -2.09100e+01  5.54178e+01             
       H -6.54920e+01 -2.07885e+01  5.61829e+01             
       H -6.54439e+01 -2.07630e+01  5.46763e+01             
       O -6.50384e+01 -4.17718e+01  5.49840e+01             
       H -6.44636e+01 -4.25232e+01  5.52412e+01             
       H -6.44311e+01 -4.09873e+01  6.75475e+01             
       O -6.56041e+01 -2.61994e+00  4.92879e+01             
       H -6.48813e+01 -1.92364e+00  4.94056e+01             
       H -6.53208e+01 -3.37985e+00  4.98186e+01             
       O -5.57965e+01 -1.93995e+01  5.56499e+01             
       H -5.54636e+01 -1.86960e+01  5.62265e+01             
       H -5.50372e+01 -1.99513e+01  5.55857e+01             
       O -6.45690e+01 -2.66486e+01  6.50722e+01             
       H -6.39607e+01 -2.67630e+01  6.58388e+01             
       H -6.40394e+01 -2.70154e+01  6.43188e+01             
       O -8.00769e+01 -2.05072e+01  4.64641e+01             
       H -7.96150e+01 -2.07878e+01  4.72983e+01             
       H -7.93705e+01 -2.00345e+01  4.59870e+01             
       O -6.12783e+01 -1.53120e+00  6.10065e+01             
       H -6.07187e+01 -1.82435e+00  6.17494e+01             
       H -6.07152e+01 -1.49111e+00  6.02216e+01             
       O -6.34837e+01 -1.34041e+01  5.01017e+01             
       H -6.28286e+01 -1.35059e+01  4.94035e+01             
       H -6.30653e+01 -1.28452e+01  3.83397e+01             
       O -5.92650e+01 -1.23349e+01  3.00309e+01             
       H -5.83663e+01 -1.23118e+01  3.01679e+01             
       H -7.18537e+01 -1.29808e+01  2.93122e+01             
       O -5.04670e+01 -1.35627e+01  3.24707e+01             
       H -5.04458e+01 -1.41415e+01  3.32511e+01             
       H -4.95572e+01 -1.33081e+01  3.23165e+01             
       O -6.53030e+01 -2.37697e+01  3.93581e+01             
       H -6.50612e+01 -2.46774e+01  3.96246e+01             
       H -6.44305e+01 -2.33280e+01  5.17258e+01             
       O -5.74622e+01 -1.66475e+01  3.63934e+01             
       H -6.68044e+01 -1.01905e+01  4.31776e+01             
       H -5.65984e+01 -1.71788e+01  3.65658e+01             
       O -6.05286e+01 -2.47019e+01  5.72482e+01             
       H -6.00536e+01 -2.51118e+01  5.79811e+01             
       H -6.00997e+01 -2.47824e+01  5.63393e+01             
       O -5.09054e+01 -1.48314e+01  4.23349e+01             
       H -4.99822e+01 -1.52763e+01  4.23707e+01             
       H -5.08489e+01 -1.43189e+01  4.31450e+01             
       O -5.47578e+01 -2.64687e+01  5.34249e+01             
       H -5.38500e+01 -2.64110e+01  5.32075e+01             
       H -5.49815e+01 -2.73970e+01  5.35737e+01             
       O -5.99482e+01 -8.45503e+00  5.94990e+01             
       H -5.92148e+01 -7.99411e+00  5.91571e+01             
       H -5.94913e+01 -9.05824e+00  6.00954e+01             
       O -5.11972e+01  9.46775e+00  7.16931e+01             
       H -5.04584e+01  8.85432e+00  7.15738e+01             
       H -5.12285e+01  9.61550e+00  7.25978e+01             
       O -5.94649e+01 -2.59318e+01  5.91608e+01             
       H -6.37678e+01 -2.05917e+01  3.78729e+01             
       H -5.92603e+01 -2.68445e+01  5.87975e+01             
       O -6.67013e+01 -1.72172e+01  5.27728e+01             
       H -5.73441e+01 -1.58351e+01  3.68235e+01             
       H -6.60119e+01 -1.71952e+01  5.20728e+01             
       O -5.66481e+01 -1.02439e+01  4.51622e+01             
       H -6.55583e+01 -5.97387e+00  4.66303e+01             
       H -5.62774e+01 -9.42861e+00  4.54916e+01             
       O -5.67094e+01 -2.51998e+01  5.51234e+01             
       H -6.86497e+01 -2.55010e+01  6.67461e+01             
       H -5.00295e+01 -7.10278e+00  5.60918e+01             
       O -9.22941e+01 -1.31057e+01  6.07102e+01             
       H -9.14781e+01 -1.25691e+01  6.06789e+01             
       H -9.19407e+01 -1.40194e+01  6.05122e+01             
       O -6.18493e+01 -2.87708e+01  5.10832e+01             
       H -6.14583e+01 -2.81151e+01  5.17363e+01             
       H -5.82106e+01 -1.58180e+01  5.74851e+01             
       O -6.70186e+01 -1.10182e+01  4.36072e+01             
       H -6.60817e+01 -1.13841e+01  4.37027e+01             
       H -7.36891e+01 -2.33896e+01  2.04790e+01             
       O -7.09539e+01 -2.10071e+01  4.30497e+01             
       H -7.01092e+01 -2.05747e+01  4.33099e+01             
       H -7.07691e+01 -2.18848e+01  4.33173e+01             
       O -5.70319e+01 -2.33285e+01  3.94372e+01             
       H -5.66839e+01 -2.40729e+01  3.89627e+01             
       H -5.62761e+01 -2.29556e+01  3.99386e+01             
       O -4.62671e+01 -2.61812e+01  5.01089e+01             
       H -4.53058e+01 -1.39374e+01  5.01890e+01             
       H -4.63356e+01 -2.52046e+01  5.00535e+01             
       O -6.29921e+01 -9.42805e+00  5.12110e+01             
       H -5.01403e+01 -1.00152e+01  5.05745e+01             
       H -6.22478e+01 -9.08370e+00  5.17875e+01             
       O -5.46670e+01  2.70288e+00  5.28369e+01             
       H -6.20053e+01 -3.18431e+01  4.05202e+01             
       H -6.44313e+01  5.48834e-01  4.88869e+01             
       O -6.76730e+01 -1.80754e+01  4.89229e+01             
       H -6.71649e+01 -1.77650e+01  4.81567e+01             
       H -6.71442e+01 -1.77918e+01  4.96812e+01             
       O -6.45046e+01 -4.84029e+00  3.80807e+01             
       H -6.36576e+01 -1.68560e+01  3.83652e+01             
       H -6.42432e+01 -5.76297e+00  3.78282e+01             
       O -7.33018e+01 -2.06078e+01  5.25812e+01             
       H -7.25561e+01 -2.04914e+01  5.19775e+01             
       H -7.30236e+01 -2.12672e+01  5.32752e+01             
       O -6.16223e+01 -1.72317e+01  5.83180e+01             
       H -6.06693e+01 -1.68860e+01  5.81984e+01             
       H -6.14831e+01 -1.77876e+01  5.91382e+01             
       O -7.52710e+01 -2.30205e+01  4.18365e+01             
       H -7.49074e+01 -2.36737e+01  5.35366e+01             
       H -6.84651e+01 -3.70060e+01  4.31189e+01             
       O -5.61647e+01 -2.07402e+01  6.26564e+01             
       H -5.56968e+01 -2.14640e+01  6.32242e+01             
       H -5.53911e+01 -2.03759e+01  6.22292e+01             
       O -6.18346e+01 -1.91755e+01  4.81799e+01             
       H -6.12070e+01 -1.88654e+01  4.88865e+01             
       H -6.11605e+01 -1.97607e+01  4.76950e+01             
       O -7.94109e+01 -1.69757e+01  5.67570e+01             
       H -7.87071e+01 -1.67613e+01  5.61298e+01             
       H -7.90471e+01 -1.70835e+01  5.76503e+01             
       O -6.11741e+01 -2.34337e+01  4.95947e+01             
       H -6.02593e+01 -2.31446e+01  4.95734e+01             
       H -6.10624e+01 -2.39290e+01  4.87917e+01             
       O -7.21025e+01 -1.42867e+01  2.79491e+01             
       H -7.16872e+01 -1.42271e+01  2.70470e+01             
       H -7.18303e+01 -1.51528e+01  2.83691e+01             
       O -6.17121e+01 -2.25291e+01  2.05881e+01             
       H -4.20102e+01 -8.80337e+00  4.02906e+01             
       H -6.13042e+01 -2.20716e+01  2.13080e+01             
       O -6.91890e+01 -1.82179e+01  5.31899e+01             
       H -6.87342e+01 -1.87720e+01  5.38621e+01             
       H -6.84165e+01 -1.78197e+01  5.26477e+01             
       O -6.94351e+01 -1.54327e+01  6.87482e+01             
       H -6.87282e+01 -1.60652e+01  6.87498e+01             
       H -6.89459e+01 -1.45735e+01  6.86740e+01             
192                                                         
# CELL(abcABC):   12.41850    12.41850    12.41850    90.00000    90.00000    90.00000  Step:      200000  Bead:       0 x_centroid{angstrom}  cell{angstrom}   
       O -8.96500e+01 -1.46592e+01  7.79940e+01             
       H -8.92767e+01 -1.40795e+01  7.72945e+01             
       H -8.88467e+01 -1.51291e+01  7.83138e+01             
       O -7.73575e+01 -9.71738e+00  6.37166e+01             
       H -8.01917e+01 -2.10117e+01  6.02961e+01             
       H -7.69605e+01 -9.09854e+00  6.43461e+01             
       O -8.32480e+01 -3.16810e+01  5.92055e+01             
       H -8.30102e+01 -1.99694e+01  5.86020e+01             
       H -8.24405e+01 -3.15832e+01  5.97498e+01             
       O -7.37699e+01 -2.42295e+01  6.41372e+01             
       H -7.27977e+01 -2.42725e+01  6.37844e+01             
       H -7.40816e+01 -2.34696e+01  6.35775e+01             
       O -6.81440e+01 -2.44782e+01  5.88072e+01             
       H -6.83827e+01 -2.37518e+01  5.93409e+01             
       H -6.71382e+01 -2.44153e+01  5.89811e+01             
       O -7.22415e+01 -2.36759e+01  7.04471e+01             
       H -7.17592e+01 -2.41798e+01  6.97927e+01             
       H -7.16563e+01 -2.33634e+01  7.11560e+01             
       O -7.53389e+01 -2.26161e+01  4.31029e+01             
       H -7.49245e+01 -2.22174e+01  4.38206e+01             
       H -6.48892e+01  2.64244e-01  6.01440e+01             
       O -6.27898e+01 -1.96235e+01  7.26264e+01             
       H -6.23506e+01 -1.88583e+01  7.21474e+01             
       H -6.20279e+01 -3.25725e+01  7.29723e+01             
       O -8.47113e+01 -1.36528e+01  4.82554e+01             
       H -8.44511e+01 -1.34318e+01  4.91591e+01             
       H -8.38480e+01 -1.38096e+01  4.76996e+01             
       O -8.37247e+01 -2.62123e+01  5.66464e+01             
       H -8.29677e+01 -2.60014e+01  5.60162e+01             
       H -8.31520e+01 -2.64798e+01  5.73766e+01             
       O -8.50311e+01 -8.24866e+00  6.66762e+01             
       H -8.45495e+01 -7.46752e+00  6.62882e+01             
       H -8.44631e+01 -8.90593e+00  6.70520e+01             
       O -7.89789e+01 -1.29251e+01  5.47190e+01             
       H -7.82786e+01 -1.35737e+01  5.43942e+01             
       H -6.97167e+01 -1.50854e+01  5.21864e+01             
       O -7.51465e+01 -3.51232e+01  4.97897e+01             
       H -7.43951e+01 -3.45123e+01  4.94834e+01             
       H -7.30010e+01 -3.10653e+01  6.90180e+01             
       O -8.65301e+01 -2.16293e+01  5.76813e+01             
       H -8.57600e+01 -2.21572e+01  5.78837e+01             
       H -8.61535e+01 -2.07906e+01  5.73383e+01             
       O -7.24364e+01 -2.85956e+01  6.56696e+01             
       H -7.16520e+01 -2.79865e+01  6.54303e+01             
       H -7.19965e+01 -2.94849e+01  6.57288e+01             
       O -7.95151e+01 -1.14017e+01  6.50746e+01             
       H -7.87678e+01 -1.08907e+01  6.47294e+01             
       H -7.91528e+01 -1.19076e+01  6.58548e+01             
       O -7.75802e+01 -1.36310e+01  4.90703e+01             
       H -7.69451e+01 -2.59653e+01  4.98642e+01             
       H -7.74415e+01 -1.45536e+01  4.87962e+01             
       O -7.86679e+01 -2.92438e+01  5.22766e+01             
       H -7.81042e+01 -2.84890e+01  5.24970e+01             
       H -7.81712e+01 -2.99031e+01  5.18476e+01             
       O -8.88281e+01 -1.63602e+01  5.84317e+01             
       H -8.85889e+01 -1.54521e+01  5.82438e+01             
       H -8.79182e+01 -1.67749e+01  5.86371e+01             
       O -8.12906e+01  2.64540e+00  5.33387e+01             
       H -6.30911e+01 -2.17175e+01  5.85359e+01             
       H -8.05942e+01  3.06477e+00  5.39970e+01             
       O -7.11369e+01 -1.87914e+01  6.55752e+01             
       H -7.50644e+01 -2.53887e+01  6.38214e+01             
       H -8.26891e+01 -1.86015e+01  6.60964e+01             
       O -7.32326e+01 -3.37974e+01  6.10303e+01             
       H -7.27604e+01 -3.41737e+01  6.02898e+01             
       H -7.25326e+01 -3.32907e+01  6.15404e+01             
       O -7.98689e+01 -2.56280e+01  6.28444e+01             
       H -7.96415e+01 -2.50502e+01  6.35727e+01             
       H -7.90260e+01 -2.57036e+01  6.23033e+01             
       O -7.93504e+01 -4.55700e+01  6.23976e+01             
       H -7.86674e+01 -4.61879e+01  6.28228e+01             
       H -7.88152e+01 -4.48173e+01  7.45019e+01             
       O -8.05325e+01 -6.01792e+00  5.76111e+01             
       H -7.96549e+01 -5.78484e+00  5.71228e+01             
       H -8.03548e+01 -6.85285e+00  5.80534e+01             
       O -6.94661e+01 -2.38829e+01  6.21257e+01             
       H -6.89450e+01 -2.31946e+01  6.25874e+01             
       H -6.87383e+01 -2.45324e+01  6.21695e+01             
       O -7.84742e+01 -2.93142e+01  7.25973e+01             
       H -7.80394e+01 -2.98694e+01  7.32898e+01             
       H -7.76819e+01 -2.91089e+01  7.20173e+01             
       O -9.54399e+01 -2.34841e+01  5.45147e+01             
       H -9.46905e+01 -2.30129e+01  5.40539e+01             
       H -9.51256e+01 -2.39117e+01  5.53325e+01             
       O -7.60770e+01 -6.22223e+00  6.80277e+01             
       H -7.55741e+01 -5.59824e+00  6.74312e+01             
       H -7.52650e+01 -6.53993e+00  6.85806e+01             
       O -7.80651e+01 -1.74711e+01  5.68505e+01             
       H -7.74446e+01 -1.80204e+01  5.62965e+01             
       H -7.74297e+01 -1.69488e+01  4.49542e+01             
       O -7.27763e+01 -1.63985e+01  3.62843e+01             
       H -7.18855e+01 -1.68366e+01  3.65768e+01             
       H -8.49935e+01 -1.54637e+01  3.60137e+01             
       O -6.35854e+01 -1.80502e+01  3.92575e+01             
       H -6.30477e+01 -1.87846e+01  3.95994e+01             
       H -6.29228e+01 -1.72772e+01  3.91873e+01             
       O -7.73721e+01 -2.42935e+01  4.40360e+01             
       H -7.69870e+01 -2.49012e+01  4.47032e+01             
       H -7.65610e+01 -2.38841e+01  5.59567e+01             
       O -6.90306e+01 -1.85043e+01  4.21758e+01             
       H -8.06506e+01 -1.48777e+01  5.04691e+01             
       H -6.85756e+01 -1.76281e+01  4.23748e+01             
       O -7.42451e+01 -2.84067e+01  6.35793e+01             
       H -7.34837e+01 -2.83483e+01  6.43040e+01             
       H -7.37601e+01 -2.85721e+01  6.27542e+01             
       O -6.50098e+01 -1.89099e+01  4.93713e+01             
       H -6.43307e+01 -1.89294e+01  4.86741e+01             
       H -6.44795e+01 -1.87619e+01  5.01836e+01             
       O -6.84684e+01 -2.89391e+01  5.97652e+01             
       H -6.75512e+01 -2.89683e+01  6.02303e+01             
       H -6.82300e+01 -2.94580e+01  5.89407e+01             
       O -7.32476e+01 -1.16993e+01  6.68449e+01             
       H -7.35121e+01 -1.17083e+01  6.58835e+01             
       H -7.22619e+01 -1.14399e+01  6.68196e+01             
       O -6.71569e+01  4.14803e+00  7.96827e+01             
       H -6.71385e+01  3.74190e+00  8.06166e+01             
       H -6.61802e+01  4.06381e+00  7.94642e+01             
       O -7.36666e+01 -3.17448e+01  6.87784e+01             
       H -7.45548e+01 -2.30516e+01  4.26293e+01             
       H -7.32930e+01 -3.22451e+01  6.79639e+01             
       O -8.07976e+01 -2.09902e+01  5.95769e+01             
       H -6.83020e+01 -1.91335e+01  4.20394e+01             
       H -8.02101e+01 -2.13686e+01  5.88430e+01             
       O -7.04437e+01 -1.46748e+01  5.26753e+01             
       H -8.06013e+01 -1.03661e+01  5.30025e+01             
       H -6.99617e+01 -1.44349e+01  5.35478e+01             
       O -7.04390e+01 -2.96010e+01  6.17011e+01             
       H -8.22234e+01 -2.96091e+01  7.33689e+01             
       H -6.42017e+01 -9.90064e+00  6.31131e+01             
       O -1.06352e+02 -1.39648e+01  6.73747e+01             
       H -1.05698e+02 -1.33126e+01  6.74807e+01             
       H -1.05809e+02 -1.48142e+01  6.74922e+01             
       O -7.65069e+01 -3.39821e+01  5.88714e+01             
       H -7.63626e+01 -3.32193e+01  5.94781e+01             
       H -7.10128e+01 -1.89798e+01  6.46413e+01             
       O -8.10707e+01 -1.56812e+01  5.09275e+01             
       H -8.02304e+01 -1.61182e+01  5.12416e+01             
       H -8.67124e+01 -2.83949e+01  2.88656e+01             
       O -8.39025e+01 -2.49903e+01  5.08433e+01             
       H -8.32695e+01 -2.43047e+01  5.04869e+01             
       H -8.34950e+01 -2.53785e+01  5.16234e+01             
       O -6.98869e+01 -2.66252e+01  4.69023e+01             
       H -6.91718e+01 -2.73405e+01  4.71225e+01             
       H -6.94150e+01 -2.57950e+01  4.67265e+01             
       O -5.79274e+01 -3.28743e+01  5.65497e+01             
       H -5.75442e+01 -1.96453e+01  5.62096e+01             
       H -5.72870e+01 -3.35273e+01  5.62461e+01             
       O -7.58261e+01 -1.38775e+01  5.80217e+01             
       H -6.27700e+01 -1.38899e+01  5.73103e+01             
       H -7.53210e+01 -1.33663e+01  5.87414e+01             
       O -6.55493e+01  8.61711e-01  5.98228e+01             
       H -7.52487e+01 -3.57960e+01  4.91322e+01             
       H -7.84989e+01 -5.31689e-02  5.55403e+01             
       O -7.98076e+01 -1.63739e+01  5.52499e+01             
       H -7.92580e+01 -1.63485e+01  5.44183e+01             
       H -7.90633e+01 -1.66504e+01  5.59235e+01             
       O -7.89629e+01 -9.41843e+00  4.51530e+01             
       H -7.79756e+01 -2.15617e+01  4.54111e+01             
       H -7.89027e+01 -1.03004e+01  4.47504e+01             
       O -8.69232e+01 -2.48735e+01  5.97529e+01             
       H -8.65929e+01 -2.42131e+01  5.91410e+01             
       H -8.60941e+01 -2.54035e+01  6.01282e+01             
       O -7.40837e+01 -1.99913e+01  6.41671e+01             
       H -7.36617e+01 -2.05618e+01  6.47614e+01             
       H -7.33348e+01 -1.95874e+01  6.36802e+01             
       O -8.81652e+01 -2.60663e+01  5.11844e+01             
       H -8.76514e+01 -2.68929e+01  6.36791e+01             
       H -8.24514e+01 -4.15337e+01  5.00449e+01             
       O -7.39035e+01 -2.64268e+01  6.83424e+01             
       H -7.30116e+01 -2.67815e+01  6.83806e+01             
       H -7.36487e+01 -2.55193e+01  6.80472e+01             
       O -7.69304e+01 -2.10564e+01  5.40931e+01             
       H -7.63979e+01 -2.17490e+01  5.45552e+01             
       H -7.66694e+01 -2.02215e+01  5.44974e+01             
       O -9.43793e+01 -2.09147e+01  6.30877e+01             
       H -9.34330e+01 -2.07697e+01  6.30069e+01             
       H -9.45003e+01 -2.12585e+01  6.40231e+01             
       O -7.18326e+01 -3.00680e+01  5.72092e+01             
       H -7.13603e+01 -2.93754e+01  5.66844e+01             
       H -7.12421e+01 -3.04111e+01  5.79882e+01             
       O -8.63504e+01 -1.74390e+01  3.42807e+01             
       H -8.56189e+01 -1.73279e+01  3.36030e+01             
       H -8.59859e+01 -1.71115e+01  3.52047e+01             
       O -7.51664e+01 -2.83831e+01  2.93239e+01             
       H -5.27190e+01 -1.09604e+01  4.68058e+01             
       H -7.48874e+01 -2.76648e+01  2.99836e+01             
       O -8.31611e+01 -2.23112e+01  6.00237e+01             
       H -8.30287e+01 -2.27105e+01  6.08962e+01             
       H -8.23070e+01 -2.18024e+01  5.98661e+01             
       O -8.40652e+01 -1.98563e+01  7.47032e+01             
       H -8.31713e+01 -2.02315e+01  7.50087e+01             
       H -8.38627e+01 -1.91400e+01  7.40737e+01             
