192                                                         
# CELL(abcABC):   12.41850    12.41850    12.41850    90.00000    90.00000    90.00000  Step:           0  Bead:       0 x_centroid{angstrom}  cell{angstrom}   
       O -7.66661e+01 -1.01515e+01  7.04709e+01             
       H -7.64845e+01 -1.07223e+01  6.96223e+01             
       H -7.57084e+01 -1.00851e+01  7.07788e+01             
       O -6.29930e+01 -6.29846e+00  5.63980e+01             
       H -6.49359e+01 -1.72392e+01  5.34981e+01             
       H -6.23548e+01 -5.94873e+00  5.70805e+01             
       O -6.83559e+01 -2.68014e+01  5.10595e+01             
       H -6.77941e+01 -1.45982e+01  5.18566e+01             
       H -6.76055e+01 -2.67345e+01  5.03938e+01             
       O -6.08205e+01 -2.04282e+01  5.52171e+01             
       H -6.01309e+01 -2.09907e+01  5.56585e+01             
       H -6.03299e+01 -1.97211e+01  5.47349e+01             
       O -5.34588e+01 -2.11218e+01  4.79470e+01             
       H -5.26685e+01 -2.05510e+01  4.81289e+01             
       H -5.30835e+01 -2.20096e+01  4.78137e+01             
       O -5.79959e+01 -1.92891e+01  6.33203e+01             
       H -5.73789e+01 -1.98680e+01  6.28654e+01             
       H -5.72787e+01 -1.88761e+01  6.39528e+01             
       O -6.35503e+01 -1.97597e+01  3.61469e+01             
       H -6.26479e+01 -1.97358e+01  3.58712e+01             
       H -5.34122e+01  2.18590e+00  5.13337e+01             
       O -4.73678e+01 -1.83846e+01  6.59915e+01             
       H -4.70928e+01 -1.74699e+01  6.63726e+01             
       H -4.66051e+01 -3.13713e+01  6.59526e+01             
       O -7.03786e+01 -8.70696e+00  4.14811e+01             
       H -6.97037e+01 -8.02553e+00  4.17029e+01             
       H -6.98025e+01 -9.39308e+00  4.11287e+01             
       O -7.02531e+01 -2.28913e+01  4.92695e+01             
       H -6.98792e+01 -2.34592e+01  4.85805e+01             
       H -6.94257e+01 -2.23126e+01  4.94696e+01             
       O -6.98240e+01 -6.68114e+00  5.71134e+01             
       H -6.90655e+01 -6.83280e+00  5.77236e+01             
       H -6.92402e+01 -6.27078e+00  5.64666e+01             
       O -6.58305e+01 -1.16239e+01  4.73856e+01             
       H -6.53341e+01 -1.10882e+01  4.66246e+01             
       H -5.55856e+01 -1.04933e+01  4.48126e+01             
       O -6.27378e+01 -3.16576e+01  4.01948e+01             
       H -6.29160e+01 -3.11413e+01  3.94016e+01             
       H -5.86564e+01 -2.57608e+01  5.99170e+01             
       O -7.19204e+01 -1.76039e+01  4.94414e+01             
       H -7.14347e+01 -1.82386e+01  5.01104e+01             
       H -7.11327e+01 -1.71809e+01  4.90677e+01             
       O -5.74926e+01 -2.44776e+01  5.91972e+01             
       H -5.71873e+01 -2.36129e+01  5.89299e+01             
       H -5.66026e+01 -2.49082e+01  5.93202e+01             
       O -6.52136e+01 -7.67732e+00  5.74693e+01             
       H -6.44818e+01 -7.17974e+00  5.70096e+01             
       H -6.48532e+01 -8.56254e+00  5.77893e+01             
       O -6.47776e+01 -8.29955e+00  4.09043e+01             
       H -6.42103e+01 -1.99374e+01  4.07380e+01             
       H -6.41771e+01 -9.05963e+00  4.11196e+01             
       O -6.37676e+01 -2.39962e+01  4.34542e+01             
       H -6.31053e+01 -2.35101e+01  4.28454e+01             
       H -6.33464e+01 -2.48237e+01  4.36975e+01             
       O -7.35356e+01 -1.16464e+01  5.27978e+01             
       H -7.32536e+01 -1.16854e+01  5.18771e+01             
       H -7.26586e+01 -1.17630e+01  5.31865e+01             
       O -6.52096e+01  7.66209e+00  4.66501e+01             
       H -4.81593e+01 -1.66779e+01  5.03595e+01             
       H -6.44317e+01  8.23504e+00  4.66490e+01             
       O -5.89930e+01 -1.70106e+01  5.72862e+01             
       H -6.19922e+01 -2.15006e+01  5.43078e+01             
       H -7.09776e+01 -1.78592e+01  5.71842e+01             
       O -5.78956e+01 -2.82688e+01  5.40679e+01             
       H -5.72563e+01 -2.83992e+01  5.33454e+01             
       H -5.73110e+01 -2.82794e+01  5.48392e+01             
       O -6.66702e+01 -2.06587e+01  5.51457e+01             
       H -6.61635e+01 -2.06079e+01  5.59451e+01             
       H -6.59018e+01 -2.05686e+01  5.44686e+01             
       O -6.42105e+01 -4.16379e+01  5.50250e+01             
       H -6.37149e+01 -4.23853e+01  5.53996e+01             
       H -6.35310e+01 -4.09224e+01  6.72289e+01             
       O -6.58889e+01 -2.41724e+00  4.99442e+01             
       H -6.52704e+01 -1.73895e+00  4.95446e+01             
       H -6.52103e+01 -3.06581e+00  5.03647e+01             
       O -5.56539e+01 -1.82603e+01  5.53943e+01             
       H -5.50240e+01 -1.75735e+01  5.56767e+01             
       H -5.50570e+01 -1.90199e+01  5.51573e+01             
       O -6.41812e+01 -2.59614e+01  6.51332e+01             
       H -6.35141e+01 -2.63089e+01  6.57701e+01             
       H -6.38255e+01 -2.58499e+01  6.42880e+01             
       O -8.00871e+01 -1.98968e+01  4.60607e+01             
       H -7.97672e+01 -2.00572e+01  4.69462e+01             
       H -7.92896e+01 -1.97393e+01  4.55052e+01             
       O -6.15907e+01 -1.67647e+00  6.11389e+01             
       H -6.15580e+01 -2.40374e+00  6.18261e+01             
       H -6.07161e+01 -1.73376e+00  6.06794e+01             
       O -6.41157e+01 -1.29668e+01  4.89946e+01             
       H -6.31645e+01 -1.32206e+01  4.88385e+01             
       H -6.41225e+01 -1.22369e+01  3.72402e+01             
       O -5.86192e+01 -1.18600e+01  2.99017e+01             
       H -5.77857e+01 -1.22053e+01  2.98033e+01             
       H -7.08667e+01 -1.08815e+01  3.01364e+01             
       O -4.97315e+01 -1.38709e+01  3.19554e+01             
       H -5.00665e+01 -1.43823e+01  3.27122e+01             
       H -4.89125e+01 -1.33520e+01  3.21763e+01             
       O -6.41269e+01 -2.34695e+01  3.86280e+01             
       H -6.38589e+01 -2.38002e+01  3.94772e+01             
       H -6.34662e+01 -2.27483e+01  5.07591e+01             
       O -5.73575e+01 -1.62218e+01  3.65995e+01             
       H -6.66213e+01 -1.00775e+01  4.31575e+01             
       H -5.64901e+01 -1.63676e+01  3.60404e+01             
       O -5.98455e+01 -2.45490e+01  5.73974e+01             
       H -5.90596e+01 -2.43432e+01  5.78897e+01             
       H -5.95848e+01 -2.43455e+01  5.64532e+01             
       O -5.00555e+01 -1.46739e+01  4.19170e+01             
       H -4.92403e+01 -1.47251e+01  4.13841e+01             
       H -4.98285e+01 -1.43452e+01  4.28203e+01             
       O -5.43630e+01 -2.72692e+01  5.33789e+01             
       H -5.34647e+01 -2.68133e+01  5.31502e+01             
       H -5.40466e+01 -2.82088e+01  5.35342e+01             
       O -5.94730e+01 -8.70935e+00  5.99018e+01             
       H -5.90962e+01 -8.78154e+00  5.89861e+01             
       H -5.88456e+01 -9.23054e+00  6.05302e+01             
       O -5.06039e+01  9.10034e+00  7.14130e+01             
       H -4.98937e+01  8.44807e+00  7.10971e+01             
       H -5.02877e+01  9.66567e+00  7.21552e+01             
       O -5.89592e+01 -2.65548e+01  6.02980e+01             
       H -6.34362e+01 -2.03832e+01  3.68458e+01             
       H -5.84031e+01 -2.72451e+01  6.06526e+01             
       O -6.56013e+01 -1.72349e+01  5.27772e+01             
       H -5.70151e+01 -1.58919e+01  3.74565e+01             
       H -6.50586e+01 -1.74407e+01  5.19646e+01             
       O -5.63830e+01 -1.01219e+01  4.51915e+01             
       H -6.49412e+01 -5.60295e+00  4.70126e+01             
       H -5.60865e+01 -9.27118e+00  4.55338e+01             
       O -5.58762e+01 -2.52142e+01  5.46615e+01             
       H -6.79605e+01 -2.60396e+01  6.67179e+01             
       H -5.01446e+01 -7.01924e+00  5.58785e+01             
       O -9.26171e+01 -1.33415e+01  5.88804e+01             
       H -9.18771e+01 -1.26721e+01  5.89385e+01             
       H -9.23667e+01 -1.40536e+01  5.94391e+01             
       O -6.12334e+01 -2.84368e+01  5.06767e+01             
       H -6.07751e+01 -2.80241e+01  5.15205e+01             
       H -5.83332e+01 -1.63113e+01  5.73979e+01             
       O -6.65988e+01 -1.10082e+01  4.34601e+01             
       H -6.56631e+01 -1.12085e+01  4.35662e+01             
       H -7.36430e+01 -2.32482e+01  2.08475e+01             
       O -7.13688e+01 -2.15033e+01  4.46092e+01             
       H -7.09496e+01 -2.05830e+01  4.45831e+01             
       H -7.05361e+01 -2.20349e+01  4.45231e+01             
       O -5.64218e+01 -2.31384e+01  4.06038e+01             
       H -5.61282e+01 -2.39165e+01  4.11629e+01             
       H -5.55792e+01 -2.28187e+01  4.02307e+01             
       O -4.56962e+01 -2.49781e+01  5.17089e+01             
       H -4.49462e+01 -1.31359e+01  5.14073e+01             
       H -4.52094e+01 -2.41873e+01  5.20152e+01             
       O -6.22414e+01 -9.57779e+00  5.02610e+01             
       H -4.90387e+01 -1.02321e+01  5.01724e+01             
       H -6.18562e+01 -9.07018e+00  5.10323e+01             
       O -5.41207e+01  2.70535e+00  5.17676e+01             
       H -6.17806e+01 -3.18133e+01  4.01303e+01             
       H -6.51206e+01  2.58056e-01  4.78328e+01             
       O -6.72582e+01 -1.58279e+01  4.77341e+01             
       H -6.67511e+01 -1.65791e+01  4.73449e+01             
       H -6.66014e+01 -1.55328e+01  4.84258e+01             
       O -6.38226e+01 -4.57929e+00  3.79940e+01             
       H -6.29341e+01 -1.66053e+01  3.82198e+01             
       H -6.37465e+01 -5.11462e+00  3.72154e+01             
       O -7.26579e+01 -2.06869e+01  5.19996e+01             
       H -7.18701e+01 -2.01806e+01  5.17202e+01             
       H -7.21919e+01 -2.12840e+01  5.26258e+01             
       O -6.13941e+01 -1.76458e+01  5.80666e+01             
       H -6.06536e+01 -1.72411e+01  5.76163e+01             
       H -6.10274e+01 -1.81685e+01  5.87886e+01             
       O -7.49521e+01 -2.22325e+01  4.15608e+01             
       H -7.43801e+01 -2.29007e+01  5.35216e+01             
       H -6.75806e+01 -3.71728e+01  4.26553e+01             
       O -5.57342e+01 -2.10779e+01  6.23914e+01             
       H -5.52550e+01 -2.14837e+01  6.31273e+01             
       H -5.50088e+01 -2.10370e+01  6.17500e+01             
       O -6.10746e+01 -1.92342e+01  4.78330e+01             
       H -6.05620e+01 -1.87059e+01  4.84752e+01             
       H -6.05438e+01 -2.00400e+01  4.76957e+01             
       O -7.87346e+01 -1.65217e+01  5.65617e+01             
       H -7.79660e+01 -1.64484e+01  5.58900e+01             
       H -7.83923e+01 -1.69251e+01  5.73734e+01             
       O -6.03878e+01 -2.40190e+01  5.00770e+01             
       H -5.94245e+01 -2.37842e+01  5.00579e+01             
       H -6.04165e+01 -2.48988e+01  4.97146e+01             
       O -7.25065e+01 -1.46466e+01  2.81447e+01             
       H -7.20941e+01 -1.38580e+01  2.76994e+01             
       H -7.17539e+01 -1.50926e+01  2.86130e+01             
       O -6.18400e+01 -2.28226e+01  2.14570e+01             
       H -4.11933e+01 -8.94440e+00  3.97532e+01             
       H -6.12747e+01 -2.22337e+01  2.19883e+01             
       O -6.85631e+01 -1.78214e+01  5.24888e+01             
       H -6.83050e+01 -1.80800e+01  5.34230e+01             
       H -6.76746e+01 -1.76195e+01  5.21491e+01             
       O -6.91546e+01 -1.51682e+01  6.87282e+01             
       H -6.82932e+01 -1.55181e+01  6.91170e+01             
       H -6.90047e+01 -1.42162e+01  6.85690e+01             
192                                                         
# CELL(abcABC):   12.41850    12.41850    12.41850    90.00000    90.00000    90.00000  Step:      200000  Bead:       0 x_centroid{angstrom}  cell{angstrom}   
       O -8.93080e+01 -1.41892e+01  7.83734e+01             
       H -8.85540e+01 -1.47485e+01  7.81469e+01             
       H -8.89650e+01 -1.34957e+01  7.89900e+01             
       O -7.99482e+01 -1.12323e+01  6.50438e+01             
       H -8.22736e+01 -2.20127e+01  6.16137e+01             
       H -7.94554e+01 -1.08339e+01  6.57735e+01             
       O -8.44542e+01 -3.14586e+01  5.79435e+01             
       H -8.39633e+01 -1.91812e+01  5.88039e+01             
       H -8.37628e+01 -3.18405e+01  5.73498e+01             
       O -7.79836e+01 -2.53256e+01  6.39208e+01             
       H -7.75977e+01 -2.59006e+01  6.46167e+01             
       H -7.71454e+01 -2.50075e+01  6.34315e+01             
       O -6.98798e+01 -2.40780e+01  5.64127e+01             
       H -6.95093e+01 -2.42375e+01  5.55596e+01             
       H -6.90641e+01 -2.38705e+01  5.69031e+01             
       O -7.38500e+01 -2.41938e+01  7.25201e+01             
       H -7.30977e+01 -2.45427e+01  7.20720e+01             
       H -7.34120e+01 -2.35950e+01  7.32534e+01             
       O -8.01752e+01 -2.42284e+01  4.53063e+01             
       H -7.92886e+01 -2.39785e+01  4.50261e+01             
       H -6.95308e+01 -2.30388e+00  5.97121e+01             
       O -6.47134e+01 -2.16265e+01  7.29410e+01             
       H -6.40079e+01 -2.20125e+01  7.23398e+01             
       H -6.41840e+01 -3.35416e+01  7.35461e+01             
       O -8.78072e+01 -1.22723e+01  5.08928e+01             
       H -8.72798e+01 -1.14130e+01  5.10036e+01             
       H -8.71139e+01 -1.29395e+01  5.08966e+01             
       O -8.60583e+01 -2.58756e+01  5.62057e+01             
       H -8.53564e+01 -2.61566e+01  5.55540e+01             
       H -8.56294e+01 -2.55582e+01  5.70597e+01             
       O -8.64320e+01 -1.04249e+01  6.65831e+01             
       H -8.57118e+01 -1.04102e+01  6.72206e+01             
       H -8.59850e+01 -1.03503e+01  6.57526e+01             
       O -7.91591e+01 -1.47412e+01  5.49587e+01             
       H -7.83109e+01 -1.45498e+01  5.44584e+01             
       H -7.13265e+01 -1.50855e+01  5.43568e+01             
       O -7.87302e+01 -3.69453e+01  4.83002e+01             
       H -7.78564e+01 -3.73323e+01  4.83765e+01             
       H -7.52152e+01 -3.16416e+01  6.81007e+01             
       O -8.79862e+01 -2.29105e+01  5.87701e+01             
       H -8.72538e+01 -2.34472e+01  5.92375e+01             
       H -8.73394e+01 -2.21859e+01  5.83809e+01             
       O -7.42045e+01 -3.02680e+01  6.71552e+01             
       H -7.39584e+01 -2.96638e+01  6.78709e+01             
       H -7.33118e+01 -3.07123e+01  6.69976e+01             
       O -8.13976e+01 -1.29734e+01  6.66674e+01             
       H -8.08967e+01 -1.25363e+01  6.59694e+01             
       H -8.07705e+01 -1.36906e+01  6.69730e+01             
       O -8.19831e+01 -1.27087e+01  4.97875e+01             
       H -8.14670e+01 -2.42889e+01  4.96515e+01             
       H -8.11649e+01 -1.32774e+01  5.01953e+01             
       O -8.00619e+01 -2.95344e+01  5.44533e+01             
       H -7.97379e+01 -2.86505e+01  5.44778e+01             
       H -7.95803e+01 -3.00922e+01  5.38262e+01             
       O -9.04000e+01 -1.77668e+01  6.15278e+01             
       H -8.97430e+01 -1.76678e+01  6.23114e+01             
       H -8.96877e+01 -1.80989e+01  6.09531e+01             
       O -8.21461e+01  4.64241e+00  5.70770e+01             
       H -6.60225e+01 -1.96717e+01  5.87422e+01             
       H -8.15215e+01  5.40349e+00  5.70235e+01             
       O -7.67848e+01 -2.07275e+01  6.61333e+01             
       H -7.93916e+01 -2.63338e+01  6.34806e+01             
       H -8.85709e+01 -2.11402e+01  6.55766e+01             
       O -7.47201e+01 -3.28927e+01  6.16543e+01             
       H -7.40766e+01 -3.35900e+01  6.14640e+01             
       H -7.43898e+01 -3.24098e+01  6.23906e+01             
       O -8.32708e+01 -2.55205e+01  6.44519e+01             
       H -8.26103e+01 -2.57014e+01  6.51864e+01             
       H -8.27255e+01 -2.52938e+01  6.36031e+01             
       O -8.12850e+01 -4.65772e+01  6.36706e+01             
       H -8.07589e+01 -4.73368e+01  6.40861e+01             
       H -8.06281e+01 -4.58752e+01  7.58642e+01             
       O -8.52372e+01 -4.26560e+00  5.70631e+01             
       H -8.46532e+01 -3.57460e+00  5.67035e+01             
       H -8.46813e+01 -5.05887e+00  5.72584e+01             
       O -7.25855e+01 -2.32882e+01  6.42428e+01             
       H -7.19201e+01 -2.27227e+01  6.46813e+01             
       H -7.20168e+01 -2.41201e+01  6.42994e+01             
       O -8.07043e+01 -3.10595e+01  7.28797e+01             
       H -8.03549e+01 -3.01746e+01  7.29410e+01             
       H -7.99503e+01 -3.15940e+01  7.24666e+01             
       O -9.38450e+01 -2.17400e+01  5.48464e+01             
       H -9.40783e+01 -2.11624e+01  5.56347e+01             
       H -9.28359e+01 -2.18626e+01  5.48340e+01             
       O -7.74766e+01 -6.04884e+00  7.02394e+01             
       H -7.70119e+01 -6.05486e+00  7.11711e+01             
       H -7.68138e+01 -6.33842e+00  6.95658e+01             
       O -7.83251e+01 -1.56302e+01  5.72899e+01             
       H -7.82517e+01 -1.65569e+01  5.74622e+01             
       H -7.73892e+01 -1.52882e+01  4.50310e+01             
       O -7.36027e+01 -1.88220e+01  3.86865e+01             
       H -7.28353e+01 -1.83751e+01  3.83278e+01             
       H -8.57664e+01 -1.90591e+01  3.95796e+01             
       O -6.58622e+01 -1.86900e+01  4.02413e+01             
       H -6.53177e+01 -1.94047e+01  4.05957e+01             
       H -6.51393e+01 -1.80854e+01  3.99468e+01             
       O -8.04922e+01 -2.73666e+01  4.66248e+01             
       H -8.00597e+01 -2.76709e+01  4.58115e+01             
       H -7.97753e+01 -2.75063e+01  5.97245e+01             
       O -7.38739e+01 -2.10190e+01  4.51780e+01             
       H -8.11295e+01 -1.58982e+01  5.11907e+01             
       H -7.32458e+01 -2.16225e+01  4.47113e+01             
       O -7.61530e+01 -3.00289e+01  6.37309e+01             
       H -7.57431e+01 -2.93535e+01  6.44052e+01             
       H -7.53478e+01 -3.05111e+01  6.35247e+01             
       O -6.77525e+01 -1.92014e+01  5.10537e+01             
       H -6.75299e+01 -1.91110e+01  5.01057e+01             
       H -6.69289e+01 -1.91124e+01  5.16642e+01             
       O -7.07203e+01 -3.16274e+01  6.01625e+01             
       H -6.97688e+01 -3.12860e+01  6.01641e+01             
       H -7.06380e+01 -3.26235e+01  6.03072e+01             
       O -7.57945e+01 -1.20096e+01  6.78038e+01             
       H -7.53469e+01 -1.13646e+01  6.72623e+01             
       H -7.49752e+01 -1.24734e+01  6.81230e+01             
       O -6.77407e+01  6.37655e+00  8.16024e+01             
       H -6.69509e+01  6.43543e+00  8.20974e+01             
       H -6.75991e+01  6.84413e+00  8.07530e+01             
       O -7.57116e+01 -3.22473e+01  6.86450e+01             
       H -8.01141e+01 -2.50599e+01  4.58041e+01             
       H -7.49252e+01 -3.27870e+01  6.91749e+01             
       O -8.28402e+01 -2.20050e+01  6.08620e+01             
       H -7.32054e+01 -2.02104e+01  4.53604e+01             
       H -8.21020e+01 -2.20165e+01  6.01049e+01             
       O -7.16778e+01 -1.42512e+01  5.46997e+01             
       H -8.16736e+01 -8.43499e+00  5.76204e+01             
       H -7.08847e+01 -1.36519e+01  5.45773e+01             
       O -7.14692e+01 -3.01585e+01  6.23228e+01             
       H -8.34540e+01 -3.06137e+01  7.40070e+01             
       H -6.67737e+01 -1.16925e+01  6.45994e+01             
       O -1.07611e+02 -1.66428e+01  6.62380e+01             
       H -1.07352e+02 -1.65891e+01  6.52871e+01             
       H -1.06748e+02 -1.68077e+01  6.66369e+01             
       O -7.88508e+01 -3.27253e+01  5.93965e+01             
       H -7.81164e+01 -3.31995e+01  5.98997e+01             
       H -7.62875e+01 -2.04587e+01  6.69307e+01             
       O -8.17372e+01 -1.66597e+01  5.13441e+01             
       H -8.11551e+01 -1.74341e+01  5.12974e+01             
       H -8.69485e+01 -2.87943e+01  2.87077e+01             
       O -8.57027e+01 -2.65287e+01  5.12861e+01             
       H -8.54518e+01 -2.70208e+01  5.04642e+01             
       H -8.47898e+01 -2.62783e+01  5.17871e+01             
       O -7.25423e+01 -2.81033e+01  4.86823e+01             
       H -7.18584e+01 -2.88281e+01  4.90043e+01             
       H -7.20372e+01 -2.75227e+01  4.81243e+01             
       O -6.18755e+01 -2.88629e+01  5.92847e+01             
       H -6.13238e+01 -1.67398e+01  5.85758e+01             
       H -6.13156e+01 -2.86441e+01  6.01147e+01             
       O -7.87106e+01 -1.53530e+01  6.11412e+01             
       H -6.59445e+01 -1.63325e+01  6.13215e+01             
       H -7.78927e+01 -1.48940e+01  6.09030e+01             
       O -7.03595e+01 -1.98417e+00  6.01106e+01             
       H -7.84390e+01 -3.60831e+01  4.86790e+01             
       H -7.88422e+01 -2.70065e+00  5.58506e+01             
       O -8.42660e+01 -2.20439e+01  5.62507e+01             
       H -8.36450e+01 -2.28305e+01  5.61200e+01             
       H -8.35806e+01 -2.13011e+01  5.62120e+01             
       O -8.08368e+01 -9.39929e+00  4.66716e+01             
       H -8.00468e+01 -2.11661e+01  4.68247e+01             
       H -8.04650e+01 -1.03153e+01  4.63933e+01             
       O -8.86430e+01 -2.55203e+01  6.04467e+01             
       H -8.86109e+01 -2.57570e+01  5.94892e+01             
       H -8.78320e+01 -2.49864e+01  6.06798e+01             
       O -7.88510e+01 -2.22347e+01  6.70543e+01             
       H -7.81836e+01 -2.15531e+01  6.68058e+01             
       H -7.83287e+01 -2.26352e+01  6.78092e+01             
       O -9.26002e+01 -2.67644e+01  5.06504e+01             
       H -9.24068e+01 -2.71027e+01  6.21893e+01             
       H -8.31994e+01 -4.21606e+01  5.04711e+01             
       O -7.17286e+01 -2.49303e+01  7.04620e+01             
       H -7.11413e+01 -2.55315e+01  7.09157e+01             
       H -7.11019e+01 -2.47152e+01  6.97037e+01             
       O -7.76574e+01 -2.33998e+01  5.68832e+01             
       H -7.70601e+01 -2.30755e+01  5.75693e+01             
       H -7.70403e+01 -2.37924e+01  5.62620e+01             
       O -9.56779e+01 -2.14056e+01  6.53906e+01             
       H -9.48919e+01 -2.14274e+01  6.48109e+01             
       H -9.51753e+01 -2.16518e+01  6.62544e+01             
       O -7.58895e+01 -2.69700e+01  5.78332e+01             
       H -7.52053e+01 -2.66460e+01  5.72121e+01             
       H -7.52777e+01 -2.74564e+01  5.84896e+01             
       O -8.82809e+01 -1.84679e+01  3.52208e+01             
       H -8.77390e+01 -1.76632e+01  3.49307e+01             
       H -8.77373e+01 -1.92124e+01  3.55449e+01             
       O -7.48682e+01 -2.81379e+01  2.80100e+01             
       H -5.77184e+01 -1.36003e+01  4.82618e+01             
       H -7.40849e+01 -2.75814e+01  2.75767e+01             
       O -8.52996e+01 -2.25239e+01  6.17357e+01             
       H -8.49855e+01 -2.27820e+01  6.26571e+01             
       H -8.44173e+01 -2.23535e+01  6.12433e+01             
       O -8.41454e+01 -1.91000e+01  7.91152e+01             
       H -8.38989e+01 -1.99124e+01  7.86218e+01             
       H -8.34686e+01 -1.83606e+01  7.89832e+01             
