192                                                         
# CELL(abcABC):   12.41850    12.41850    12.41850    90.00000    90.00000    90.00000  Step:           0  Bead:       0 x_centroid{angstrom}  cell{angstrom}   
       O -7.41523e+01 -1.05904e+01  6.69264e+01             
       H -7.36316e+01 -1.13835e+01  6.66110e+01             
       H -7.34783e+01 -9.90339e+00  6.67974e+01             
       O -6.12616e+01 -6.22784e+00  5.70560e+01             
       H -6.30522e+01 -1.66837e+01  5.25544e+01             
       H -6.04085e+01 -5.75361e+00  5.68841e+01             
       O -6.60681e+01 -2.57951e+01  4.95794e+01             
       H -6.59952e+01 -1.36595e+01  5.05459e+01             
       H -6.53387e+01 -2.62055e+01  4.91114e+01             
       O -6.01148e+01 -2.06621e+01  5.48297e+01             
       H -5.91391e+01 -2.07593e+01  5.49644e+01             
       H -6.04048e+01 -1.99669e+01  5.54054e+01             
       O -5.23814e+01 -2.00988e+01  4.75383e+01             
       H -5.14977e+01 -1.96202e+01  4.76866e+01             
       H -5.20196e+01 -2.10303e+01  4.76124e+01             
       O -5.57249e+01 -1.87887e+01  6.25264e+01             
       H -5.50921e+01 -1.94102e+01  6.21718e+01             
       H -5.52340e+01 -1.80222e+01  6.27465e+01             
       O -6.21272e+01 -1.95052e+01  3.61252e+01             
       H -6.11791e+01 -1.94551e+01  3.57156e+01             
       H -5.10585e+01  2.07904e+00  5.14801e+01             
       O -4.45604e+01 -1.55630e+01  6.64007e+01             
       H -4.40147e+01 -1.53332e+01  6.71956e+01             
       H -4.40863e+01 -2.75976e+01  6.56231e+01             
       O -6.74121e+01 -8.07602e+00  4.12661e+01             
       H -6.73933e+01 -8.37535e+00  4.21991e+01             
       H -6.64818e+01 -7.98823e+00  4.10360e+01             
       O -6.34642e+01 -2.25835e+01  4.81585e+01             
       H -6.27663e+01 -2.29712e+01  4.76137e+01             
       H -6.29573e+01 -2.21663e+01  4.88912e+01             
       O -6.79324e+01 -6.15154e+00  5.64920e+01             
       H -6.71554e+01 -6.48147e+00  5.69954e+01             
       H -6.75748e+01 -5.72543e+00  5.56754e+01             
       O -6.28036e+01 -9.99922e+00  4.45613e+01             
       H -6.19416e+01 -1.02140e+01  4.50652e+01             
       H -5.35763e+01 -9.85514e+00  4.32414e+01             
       O -5.87491e+01 -3.03129e+01  4.17301e+01             
       H -5.81948e+01 -2.95174e+01  4.17037e+01             
       H -5.64808e+01 -2.62702e+01  5.73978e+01             
       O -7.03155e+01 -1.75710e+01  4.85569e+01             
       H -6.97172e+01 -1.80180e+01  4.91282e+01             
       H -6.97669e+01 -1.68611e+01  4.80918e+01             
       O -5.48269e+01 -2.35052e+01  5.80244e+01             
       H -5.46400e+01 -2.29305e+01  5.71985e+01             
       H -5.38936e+01 -2.39147e+01  5.81779e+01             
       O -6.33900e+01 -7.29837e+00  5.60790e+01             
       H -6.26504e+01 -6.64273e+00  5.61932e+01             
       H -6.30181e+01 -8.15535e+00  5.64107e+01             
       O -6.30219e+01 -6.76156e+00  3.97456e+01             
       H -6.32167e+01 -1.84230e+01  3.91382e+01             
       H -6.20510e+01 -6.81250e+00  3.96984e+01             
       O -6.31716e+01 -2.60757e+01  4.24255e+01             
       H -6.24005e+01 -2.60295e+01  4.18490e+01             
       H -6.27035e+01 -2.59657e+01  4.32926e+01             
       O -7.06823e+01 -1.19262e+01  4.98778e+01             
       H -6.98392e+01 -1.23550e+01  4.95604e+01             
       H -7.04467e+01 -1.11981e+01  5.04246e+01             
       O -6.34442e+01  8.41789e+00  4.56443e+01             
       H -4.65774e+01 -1.64850e+01  4.98182e+01             
       H -6.31478e+01  9.22977e+00  4.61130e+01             
       O -5.56387e+01 -1.52254e+01  5.63992e+01             
       H -6.02850e+01 -2.05347e+01  5.29433e+01             
       H -6.80726e+01 -1.60053e+01  5.69533e+01             
       O -5.58759e+01 -2.65500e+01  5.18172e+01             
       H -5.52765e+01 -2.72106e+01  5.14042e+01             
       H -5.52359e+01 -2.58707e+01  5.22510e+01             
       O -6.48206e+01 -2.01035e+01  5.38121e+01             
       H -6.43286e+01 -1.99618e+01  5.46838e+01             
       H -6.42478e+01 -1.96220e+01  5.31458e+01             
       O -6.11804e+01 -4.11257e+01  5.35103e+01             
       H -6.05476e+01 -4.16934e+01  5.38944e+01             
       H -6.07519e+01 -4.02790e+01  6.58619e+01             
       O -6.39713e+01 -2.44610e+00  4.82378e+01             
       H -6.33975e+01 -1.72170e+00  4.77627e+01             
       H -6.33199e+01 -3.07428e+00  4.86813e+01             
       O -5.40319e+01 -1.74565e+01  5.40971e+01             
       H -5.33479e+01 -1.68971e+01  5.44803e+01             
       H -5.35887e+01 -1.82524e+01  5.37266e+01             
       O -6.18109e+01 -2.20073e+01  6.28194e+01             
       H -6.13007e+01 -2.14065e+01  6.33980e+01             
       H -6.11488e+01 -2.25781e+01  6.23470e+01             
       O -7.82873e+01 -1.99095e+01  4.51376e+01             
       H -7.78850e+01 -1.99545e+01  4.60582e+01             
       H -7.74603e+01 -1.98086e+01  4.46322e+01             
       O -5.88081e+01 -1.29494e+00  5.93925e+01             
       H -5.79819e+01 -1.03428e+00  5.89636e+01             
       H -5.86113e+01 -1.68844e+00  6.02099e+01             
       O -6.25037e+01 -1.28634e+01  4.68877e+01             
       H -6.19146e+01 -1.30171e+01  4.60715e+01             
       H -6.19043e+01 -1.24699e+01  3.51023e+01             
       O -5.72113e+01 -1.05358e+01  2.97676e+01             
       H -5.62981e+01 -1.08783e+01  2.96446e+01             
       H -6.98793e+01 -1.03483e+01  2.88602e+01             
       O -4.89836e+01 -1.35571e+01  3.21301e+01             
       H -4.87909e+01 -1.44612e+01  3.23373e+01             
       H -4.80435e+01 -1.32127e+01  3.18917e+01             
       O -6.06191e+01 -2.37330e+01  3.59963e+01             
       H -5.98603e+01 -2.43842e+01  3.62795e+01             
       H -6.02698e+01 -2.32614e+01  4.75790e+01             
       O -5.62502e+01 -1.55596e+01  3.48083e+01             
       H -6.43519e+01 -1.09116e+01  4.15839e+01             
       H -5.62647e+01 -1.48481e+01  3.54536e+01             
       O -5.89305e+01 -2.46419e+01  5.64508e+01             
       H -5.81127e+01 -2.50019e+01  5.70030e+01             
       H -5.84525e+01 -2.40822e+01  5.57764e+01             
       O -4.77228e+01 -1.30121e+01  4.13198e+01             
       H -4.74599e+01 -1.31466e+01  4.03973e+01             
       H -4.69540e+01 -1.29554e+01  4.18757e+01             
       O -5.28507e+01 -2.66781e+01  5.22106e+01             
       H -5.27164e+01 -2.60809e+01  5.29522e+01             
       H -5.21578e+01 -2.73093e+01  5.21809e+01             
       O -5.84097e+01 -8.75524e+00  5.84648e+01             
       H -5.80433e+01 -8.49901e+00  5.76013e+01             
       H -5.76123e+01 -8.81388e+00  5.90227e+01             
       O -4.81153e+01  9.13902e+00  7.05977e+01             
       H -4.74585e+01  8.59724e+00  7.01986e+01             
       H -4.76069e+01  9.64598e+00  7.12850e+01             
       O -5.68468e+01 -2.54115e+01  5.77686e+01             
       H -6.20205e+01 -2.01467e+01  3.68353e+01             
       H -5.60958e+01 -2.48111e+01  5.78338e+01             
       O -6.37101e+01 -1.63709e+01  5.18998e+01             
       H -5.52782e+01 -1.58148e+01  3.48273e+01             
       H -6.32696e+01 -1.63564e+01  5.09751e+01             
       O -5.44160e+01 -9.61922e+00  4.35344e+01             
       H -6.26022e+01 -4.36415e+00  4.53583e+01             
       H -5.41294e+01 -8.91515e+00  4.41986e+01             
       O -5.50452e+01 -2.47287e+01  5.38259e+01             
       H -6.71938e+01 -2.54218e+01  6.68782e+01             
       H -4.84976e+01 -6.61180e+00  5.78948e+01             
       O -8.96053e+01 -1.21861e+01  5.79068e+01             
       H -8.92125e+01 -1.15298e+01  5.73092e+01             
       H -8.88694e+01 -1.22836e+01  5.85559e+01             
       O -5.98347e+01 -2.84133e+01  4.98917e+01             
       H -5.95321e+01 -2.76239e+01  5.04115e+01             
       H -5.47577e+01 -1.47681e+01  5.64857e+01             
       O -6.46952e+01 -1.13513e+01  4.23296e+01             
       H -6.39902e+01 -1.19909e+01  4.25415e+01             
       H -7.22120e+01 -2.21578e+01  2.09612e+01             
       O -7.00135e+01 -2.05739e+01  4.32608e+01             
       H -6.93851e+01 -1.98348e+01  4.33001e+01             
       H -6.95362e+01 -2.13056e+01  4.27428e+01             
       O -5.43083e+01 -2.30157e+01  3.83682e+01             
       H -5.39248e+01 -2.38424e+01  3.79695e+01             
       H -5.35873e+01 -2.25067e+01  3.87287e+01             
       O -4.37583e+01 -2.57345e+01  4.87380e+01             
       H -4.27359e+01 -1.34373e+01  4.90035e+01             
       H -4.36751e+01 -2.52071e+01  4.79052e+01             
       O -5.69180e+01 -1.03110e+01  5.18526e+01             
       H -4.36365e+01 -1.05861e+01  5.15798e+01             
       H -5.66775e+01 -9.33660e+00  5.19779e+01             
       O -5.18419e+01  2.36584e+00  5.21017e+01             
       H -5.83589e+01 -3.08599e+01  4.10733e+01             
       H -6.25418e+01  2.07543e+00  4.36854e+01             
       O -6.61376e+01 -1.67314e+01  4.73056e+01             
       H -6.54010e+01 -1.66552e+01  4.66789e+01             
       H -6.57096e+01 -1.60905e+01  4.79188e+01             
       O -6.23698e+01 -4.15404e+00  3.71209e+01             
       H -6.13924e+01 -1.63385e+01  3.72647e+01             
       H -6.23580e+01 -5.03115e+00  3.67270e+01             
       O -6.98195e+01 -1.95421e+01  5.23236e+01             
       H -6.94052e+01 -1.94362e+01  5.14336e+01             
       H -6.89885e+01 -1.94584e+01  5.28632e+01             
       O -5.88197e+01 -1.74501e+01  5.67765e+01             
       H -5.86101e+01 -1.78302e+01  5.58773e+01             
       H -5.79974e+01 -1.77012e+01  5.72348e+01             
       O -7.28351e+01 -2.03005e+01  3.95261e+01             
       H -7.19592e+01 -1.99903e+01  5.16635e+01             
       H -6.66893e+01 -3.65790e+01  4.14835e+01             
       O -5.44047e+01 -2.08203e+01  6.13457e+01             
       H -5.42659e+01 -2.16462e+01  6.18314e+01             
       H -5.35160e+01 -2.06179e+01  6.10143e+01             
       O -5.95493e+01 -1.93045e+01  4.75728e+01             
       H -5.88714e+01 -1.86280e+01  4.78109e+01             
       H -5.91380e+01 -2.00194e+01  4.70290e+01             
       O -7.67880e+01 -1.59928e+01  5.51630e+01             
       H -7.60854e+01 -1.54454e+01  5.47693e+01             
       H -7.64560e+01 -1.62097e+01  5.60571e+01             
       O -5.63514e+01 -2.18205e+01  4.72592e+01             
       H -5.56111e+01 -2.13728e+01  4.77096e+01             
       H -5.57650e+01 -2.23726e+01  4.66371e+01             
       O -7.14665e+01 -1.38507e+01  2.65438e+01             
       H -7.12951e+01 -1.32060e+01  2.58205e+01             
       H -7.04591e+01 -1.39491e+01  2.67563e+01             
       O -6.04550e+01 -2.29115e+01  2.10239e+01             
       H -3.93614e+01 -9.12134e+00  3.99203e+01             
       H -6.00601e+01 -2.36224e+01  2.05084e+01             
       O -6.68990e+01 -1.65379e+01  5.12316e+01             
       H -6.67064e+01 -1.68067e+01  5.21609e+01             
       H -6.59832e+01 -1.63767e+01  5.09044e+01             
       O -6.59599e+01 -1.37822e+01  6.83917e+01             
       H -6.51694e+01 -1.42593e+01  6.79744e+01             
       H -6.55546e+01 -1.31787e+01  6.90391e+01             
192                                                         
# CELL(abcABC):   12.41850    12.41850    12.41850    90.00000    90.00000    90.00000  Step:      200000  Bead:       0 x_centroid{angstrom}  cell{angstrom}   
       O -8.49580e+01 -1.56082e+01  7.16647e+01             
       H -8.42903e+01 -1.62202e+01  7.11962e+01             
       H -8.44222e+01 -1.48493e+01  7.19253e+01             
       O -7.37697e+01 -1.03682e+01  6.13258e+01             
       H -7.56587e+01 -1.82176e+01  5.88592e+01             
       H -7.32618e+01 -1.04420e+01  6.04892e+01             
       O -7.76999e+01 -2.83529e+01  5.50971e+01             
       H -7.74135e+01 -1.54874e+01  5.58754e+01             
       H -7.68832e+01 -2.87068e+01  5.46785e+01             
       O -7.12144e+01 -2.27885e+01  6.01542e+01             
       H -7.04626e+01 -2.24453e+01  6.06597e+01             
       H -7.08679e+01 -2.34814e+01  5.95685e+01             
       O -6.30696e+01 -2.46975e+01  5.47016e+01             
       H -6.28820e+01 -2.37014e+01  5.46756e+01             
       H -6.21915e+01 -2.51799e+01  5.47269e+01             
       O -6.49312e+01 -2.10605e+01  6.74111e+01             
       H -6.39722e+01 -2.13417e+01  6.74098e+01             
       H -6.49562e+01 -2.01548e+01  6.71403e+01             
       O -7.48552e+01 -2.20861e+01  4.21517e+01             
       H -7.44323e+01 -2.17775e+01  4.13109e+01             
       H -6.20374e+01  3.42850e-01  5.80033e+01             
       O -5.82170e+01 -1.99214e+01  7.48138e+01             
       H -5.74320e+01 -1.96028e+01  7.54219e+01             
       H -5.79561e+01 -3.22974e+01  7.38420e+01             
       O -7.82928e+01 -1.18771e+01  4.72948e+01             
       H -7.77710e+01 -1.27258e+01  4.76099e+01             
       H -7.75802e+01 -1.11637e+01  4.71011e+01             
       O -7.10049e+01 -2.50299e+01  5.30013e+01             
       H -7.03908e+01 -2.46364e+01  5.23339e+01             
       H -7.04901e+01 -2.55492e+01  5.36795e+01             
       O -7.83870e+01 -1.02514e+01  6.34047e+01             
       H -7.79784e+01 -1.09971e+01  6.38663e+01             
       H -7.77934e+01 -9.43094e+00  6.34003e+01             
       O -7.32745e+01 -1.37734e+01  5.12636e+01             
       H -7.26848e+01 -1.32463e+01  5.18931e+01             
       H -6.58210e+01 -1.50001e+01  5.17052e+01             
       O -6.85369e+01 -3.40911e+01  4.59861e+01             
       H -6.83555e+01 -3.46575e+01  4.67952e+01             
       H -6.95433e+01 -3.00679e+01  6.47521e+01             
       O -8.33629e+01 -2.03015e+01  5.40554e+01             
       H -8.31773e+01 -2.12356e+01  5.44352e+01             
       H -8.25028e+01 -2.01364e+01  5.35984e+01             
       O -6.83571e+01 -2.71882e+01  6.63071e+01             
       H -6.76776e+01 -2.71061e+01  6.56298e+01             
       H -6.80290e+01 -2.75988e+01  6.71075e+01             
       O -7.51576e+01 -1.27290e+01  6.21938e+01             
       H -7.46799e+01 -1.19369e+01  6.18570e+01             
       H -7.43251e+01 -1.31862e+01  6.25915e+01             
       O -7.29422e+01 -9.52137e+00  4.40434e+01             
       H -7.26019e+01 -2.11237e+01  4.45057e+01             
       H -7.22133e+01 -9.89156e+00  4.34596e+01             
       O -7.56296e+01 -3.33156e+01  4.87578e+01             
       H -7.52638e+01 -3.25983e+01  4.82368e+01             
       H -7.47904e+01 -3.37770e+01  4.90446e+01             
       O -8.27898e+01 -1.33208e+01  5.61169e+01             
       H -8.23423e+01 -1.42169e+01  5.62636e+01             
       H -8.21040e+01 -1.27783e+01  5.64700e+01             
       O -7.54175e+01  5.81771e+00  5.27071e+01             
       H -5.91383e+01 -1.90529e+01  5.54477e+01             
       H -7.52520e+01  6.68555e+00  5.22844e+01             
       O -6.87523e+01 -1.89189e+01  6.38646e+01             
       H -7.10066e+01 -2.34148e+01  5.43022e+01             
       H -8.08648e+01 -1.94752e+01  6.46125e+01             
       O -6.98047e+01 -3.19072e+01  5.96964e+01             
       H -6.93258e+01 -3.25913e+01  5.92204e+01             
       H -6.90928e+01 -3.12595e+01  5.99374e+01             
       O -7.66545e+01 -2.22907e+01  5.92098e+01             
       H -7.62864e+01 -2.18344e+01  5.99893e+01             
       H -7.58453e+01 -2.26877e+01  5.87383e+01             
       O -7.23275e+01 -4.52583e+01  5.86827e+01             
       H -7.20345e+01 -4.60681e+01  5.91757e+01             
       H -7.15366e+01 -4.47030e+01  7.11933e+01             
       O -7.49961e+01 -3.26221e+00  5.40138e+01             
       H -7.49891e+01 -2.31580e+00  5.38168e+01             
       H -7.40344e+01 -3.51621e+00  5.40425e+01             
       O -6.62459e+01 -1.86113e+01  5.81819e+01             
       H -6.52376e+01 -1.83044e+01  5.82307e+01             
       H -6.61027e+01 -1.96171e+01  5.79708e+01             
       O -7.42241e+01 -2.67235e+01  7.00062e+01             
       H -7.36030e+01 -2.73096e+01  7.05663e+01             
       H -7.37855e+01 -2.64607e+01  6.91543e+01             
       O -8.94892e+01 -2.48557e+01  5.19925e+01             
       H -8.89704e+01 -2.48464e+01  5.28859e+01             
       H -8.87665e+01 -2.49002e+01  5.12546e+01             
       O -7.26102e+01 -4.13002e+00  6.66096e+01             
       H -7.19376e+01 -3.97454e+00  6.58655e+01             
       H -7.22793e+01 -4.82030e+00  6.72093e+01             
       O -7.47282e+01 -1.67295e+01  5.09185e+01             
       H -7.40278e+01 -1.73071e+01  5.04730e+01             
       H -7.43307e+01 -1.59963e+01  3.89016e+01             
       O -7.08380e+01 -1.32422e+01  3.45230e+01             
       H -7.01439e+01 -1.38648e+01  3.49435e+01             
       H -8.30457e+01 -1.32016e+01  3.35728e+01             
       O -6.03394e+01 -1.82200e+01  3.70267e+01             
       H -5.96767e+01 -1.88500e+01  3.74109e+01             
       H -5.99496e+01 -1.73117e+01  3.69485e+01             
       O -7.30330e+01 -2.61922e+01  4.28198e+01             
       H -7.29019e+01 -2.70440e+01  4.24272e+01             
       H -7.21510e+01 -2.57365e+01  5.53835e+01             
       O -6.79979e+01 -1.94468e+01  4.17732e+01             
       H -7.61899e+01 -1.46226e+01  4.76580e+01             
       H -6.72677e+01 -2.00685e+01  4.16120e+01             
       O -7.13336e+01 -2.84534e+01  6.23634e+01             
       H -7.06642e+01 -2.80730e+01  6.17907e+01             
       H -7.08679e+01 -2.86533e+01  6.31626e+01             
       O -6.19617e+01 -1.90171e+01  4.74800e+01             
       H -6.13924e+01 -1.95095e+01  4.68360e+01             
       H -6.12388e+01 -1.87688e+01  4.81843e+01             
       O -6.42723e+01 -2.76037e+01  5.74782e+01             
       H -6.33745e+01 -2.71353e+01  5.73348e+01             
       H -6.40371e+01 -2.85435e+01  5.77574e+01             
       O -6.80728e+01 -9.51648e+00  6.47196e+01             
       H -6.72561e+01 -9.72670e+00  6.41311e+01             
       H -6.77272e+01 -1.00842e+01  6.54103e+01             
       O -5.95278e+01  2.60122e+00  7.55347e+01             
       H -5.89274e+01  3.38267e+00  7.53474e+01             
       H -5.89317e+01  1.84750e+00  7.55103e+01             
       O -7.00492e+01 -2.93279e+01  6.50514e+01             
       H -7.41693e+01 -2.18181e+01  4.28638e+01             
       H -6.94965e+01 -2.86907e+01  6.55757e+01             
       O -7.62230e+01 -1.78307e+01  5.80995e+01             
       H -6.77195e+01 -1.87132e+01  4.24314e+01             
       H -7.56727e+01 -1.81740e+01  5.73087e+01             
       O -6.64166e+01 -1.43080e+01  5.19027e+01             
       H -7.45789e+01 -7.08078e+00  5.28075e+01             
       H -6.58478e+01 -1.34889e+01  5.20114e+01             
       O -6.93301e+01 -2.74894e+01  6.07494e+01             
       H -8.10731e+01 -2.81836e+01  7.28897e+01             
       H -6.05768e+01 -1.01890e+01  6.19162e+01             
       O -1.02143e+02 -1.62235e+01  6.29783e+01             
       H -1.01951e+02 -1.54794e+01  6.23966e+01             
       H -1.01162e+02 -1.65223e+01  6.30585e+01             
       O -7.19813e+01 -3.07645e+01  5.59989e+01             
       H -7.14074e+01 -3.03179e+01  5.67236e+01             
       H -6.78586e+01 -1.85180e+01  6.34556e+01             
       O -7.67275e+01 -1.40500e+01  4.81824e+01             
       H -7.60806e+01 -1.36506e+01  4.88364e+01             
       H -8.15977e+01 -2.29310e+01  2.65441e+01             
       O -8.03525e+01 -2.59823e+01  4.99492e+01             
       H -8.00196e+01 -2.54178e+01  4.92177e+01             
       H -7.96267e+01 -2.61440e+01  5.05883e+01             
       O -6.68234e+01 -2.65814e+01  4.55634e+01             
       H -6.67483e+01 -2.61094e+01  4.64128e+01             
       H -6.59468e+01 -2.71138e+01  4.54803e+01             
       O -5.63503e+01 -2.79100e+01  5.70251e+01             
       H -5.56554e+01 -1.48956e+01  5.74645e+01             
       H -5.57829e+01 -2.86286e+01  5.65893e+01             
       O -6.88353e+01 -1.06707e+01  5.62647e+01             
       H -5.56428e+01 -1.07132e+01  5.56923e+01             
       H -6.87089e+01 -1.00407e+01  5.70312e+01             
       O -6.23207e+01  1.23632e+00  5.78848e+01             
       H -6.76249e+01 -3.36980e+01  4.56588e+01             
       H -7.26684e+01 -2.07262e+00  5.09272e+01             
       O -7.96581e+01 -1.74532e+01  5.57471e+01             
       H -7.93960e+01 -1.79452e+01  5.66005e+01             
       H -7.88823e+01 -1.68600e+01  5.54534e+01             
       O -7.49503e+01 -6.31998e+00  4.34118e+01             
       H -7.39414e+01 -1.87372e+01  4.34751e+01             
       H -7.51438e+01 -5.76268e+00  4.26627e+01             
       O -7.84883e+01 -2.12163e+01  5.76700e+01             
       H -7.79548e+01 -2.16106e+01  5.84256e+01             
       H -7.78802e+01 -2.12987e+01  5.69229e+01             
       O -6.79581e+01 -2.31445e+01  6.06401e+01             
       H -6.71732e+01 -2.37506e+01  6.02697e+01             
       H -6.75649e+01 -2.26580e+01  6.14196e+01             
       O -8.33128e+01 -2.27201e+01  4.25730e+01             
       H -8.23677e+01 -2.29128e+01  5.55711e+01             
       H -8.13548e+01 -3.93776e+01  4.91073e+01             
       O -6.54411e+01 -2.52177e+01  6.80075e+01             
       H -6.44674e+01 -2.51258e+01  6.78274e+01             
       H -6.55591e+01 -2.51580e+01  6.89945e+01             
       O -7.32687e+01 -2.04908e+01  5.26969e+01             
       H -7.24746e+01 -2.04070e+01  5.31694e+01             
       H -7.29827e+01 -2.11546e+01  5.19919e+01             
       O -8.95079e+01 -2.02543e+01  6.32881e+01             
       H -8.89516e+01 -2.04800e+01  6.24888e+01             
       H -8.88430e+01 -1.98988e+01  6.38973e+01             
       O -6.68165e+01 -2.31985e+01  5.46296e+01             
       H -6.63136e+01 -2.23853e+01  5.45957e+01             
       H -6.62269e+01 -2.39469e+01  5.50173e+01             
       O -8.30311e+01 -1.72496e+01  3.31154e+01             
       H -8.23953e+01 -1.65652e+01  3.27758e+01             
       H -8.25799e+01 -1.79340e+01  3.36309e+01             
       O -6.97143e+01 -2.36884e+01  2.60897e+01             
       H -4.92138e+01 -1.06231e+01  4.50095e+01             
       H -6.90329e+01 -2.42667e+01  2.56693e+01             
       O -8.02441e+01 -1.77770e+01  6.01960e+01             
       H -7.96269e+01 -1.80645e+01  5.94454e+01             
       H -7.98178e+01 -1.80423e+01  6.10232e+01             
       O -7.89447e+01 -1.83605e+01  7.51928e+01             
       H -7.82784e+01 -1.91111e+01  7.54076e+01             
       H -7.84486e+01 -1.74974e+01  7.51281e+01             
