192                                                         
# CELL(abcABC):   12.41850    12.41850    12.41850    90.00000    90.00000    90.00000  Step:           0  Bead:       0 x_centroid{angstrom}  cell{angstrom}   
       O -7.65864e+01 -1.02063e+01  7.10936e+01             
       H -7.67638e+01 -1.09482e+01  7.04175e+01             
       H -7.56160e+01 -1.02288e+01  7.11820e+01             
       O -6.32142e+01 -6.40295e+00  5.63786e+01             
       H -6.63355e+01 -1.70748e+01  5.33581e+01             
       H -6.26805e+01 -5.87746e+00  5.69692e+01             
       O -6.91441e+01 -2.57576e+01  5.07599e+01             
       H -6.85293e+01 -1.37326e+01  5.14433e+01             
       H -6.84022e+01 -2.54126e+01  5.01723e+01             
       O -6.14168e+01 -2.03403e+01  5.52047e+01             
       H -6.06972e+01 -2.06730e+01  5.57475e+01             
       H -6.09715e+01 -1.97691e+01  5.45367e+01             
       O -5.38869e+01 -2.09786e+01  4.84320e+01             
       H -5.30777e+01 -2.05510e+01  4.87791e+01             
       H -5.37350e+01 -2.19563e+01  4.84148e+01             
       O -5.84234e+01 -1.93882e+01  6.31831e+01             
       H -5.78283e+01 -1.99605e+01  6.27108e+01             
       H -5.78826e+01 -1.89426e+01  6.38543e+01             
       O -6.39932e+01 -1.98522e+01  3.66927e+01             
       H -6.33914e+01 -1.96115e+01  3.60080e+01             
       H -5.36353e+01  2.51072e+00  5.19903e+01             
       O -4.84509e+01 -1.75145e+01  6.70912e+01             
       H -4.83659e+01 -1.76878e+01  6.80399e+01             
       H -4.75768e+01 -2.94866e+01  6.69255e+01             
       O -7.16924e+01 -1.00323e+01  4.12316e+01             
       H -7.15763e+01 -9.56966e+00  4.20611e+01             
       H -7.07347e+01 -1.03487e+01  4.10661e+01             
       O -7.06852e+01 -2.30205e+01  4.89812e+01             
       H -7.01806e+01 -2.37036e+01  4.85032e+01             
       H -7.00394e+01 -2.23579e+01  4.92911e+01             
       O -6.98170e+01 -7.17503e+00  5.74276e+01             
       H -6.90991e+01 -7.28420e+00  5.80945e+01             
       H -6.92637e+01 -7.04485e+00  5.65737e+01             
       O -6.51976e+01 -1.13117e+01  4.84955e+01             
       H -6.47043e+01 -1.10226e+01  4.77417e+01             
       H -5.58418e+01 -1.09732e+01  4.46646e+01             
       O -6.29474e+01 -3.08233e+01  4.05626e+01             
       H -6.22986e+01 -3.04835e+01  4.11898e+01             
       H -5.82164e+01 -2.59865e+01  5.92913e+01             
       O -7.22043e+01 -1.73378e+01  4.93411e+01             
       H -7.17299e+01 -1.79876e+01  4.98966e+01             
       H -7.15001e+01 -1.68354e+01  4.88566e+01             
       O -5.70348e+01 -2.48286e+01  5.97839e+01             
       H -5.67105e+01 -2.42079e+01  5.91285e+01             
       H -5.63214e+01 -2.52594e+01  6.02012e+01             
       O -6.50241e+01 -7.73183e+00  5.78755e+01             
       H -6.42971e+01 -7.21428e+00  5.73036e+01             
       H -6.46207e+01 -8.53806e+00  5.82233e+01             
       O -6.44986e+01 -8.07696e+00  4.10587e+01             
       H -6.38389e+01 -1.98441e+01  4.09280e+01             
       H -6.41062e+01 -9.01028e+00  4.11243e+01             
       O -6.45341e+01 -2.43029e+01  4.41021e+01             
       H -6.39682e+01 -2.37089e+01  4.35412e+01             
       H -6.40014e+01 -2.51072e+01  4.43260e+01             
       O -7.40673e+01 -1.20923e+01  5.28085e+01             
       H -7.31954e+01 -1.17204e+01  5.26620e+01             
       H -7.39627e+01 -1.29858e+01  5.32065e+01             
       O -6.54666e+01  7.74227e+00  4.65825e+01             
       H -4.85100e+01 -1.65212e+01  5.02324e+01             
       H -6.46512e+01  8.31049e+00  4.65902e+01             
       O -5.83671e+01 -1.69577e+01  5.81046e+01             
       H -6.27103e+01 -2.19021e+01  5.44808e+01             
       H -7.03084e+01 -1.78008e+01  5.81514e+01             
       O -5.85646e+01 -2.89520e+01  5.39006e+01             
       H -5.80080e+01 -2.94698e+01  5.32395e+01             
       H -5.79958e+01 -2.85672e+01  5.46309e+01             
       O -6.62812e+01 -2.07637e+01  5.53619e+01             
       H -6.57303e+01 -2.07220e+01  5.61632e+01             
       H -6.56577e+01 -2.05982e+01  5.46350e+01             
       O -6.49381e+01 -4.17577e+01  5.49522e+01             
       H -6.43308e+01 -4.25130e+01  5.50448e+01             
       H -6.42309e+01 -4.10733e+01  6.71113e+01             
       O -6.48682e+01 -1.88601e+00  4.99029e+01             
       H -6.43455e+01 -1.09196e+00  4.98223e+01             
       H -6.42444e+01 -2.54722e+00  4.96729e+01             
       O -5.60209e+01 -1.90618e+01  5.52652e+01             
       H -5.56663e+01 -1.81850e+01  5.55104e+01             
       H -5.52646e+01 -1.97034e+01  5.53108e+01             
       O -6.48947e+01 -2.59623e+01  6.49799e+01             
       H -6.44625e+01 -2.64657e+01  6.57051e+01             
       H -6.44968e+01 -2.62977e+01  6.41451e+01             
       O -8.00531e+01 -2.04915e+01  4.63010e+01             
       H -7.95833e+01 -2.06615e+01  4.71444e+01             
       H -7.92337e+01 -2.02597e+01  4.58119e+01             
       O -6.14469e+01 -1.84135e+00  6.04454e+01             
       H -6.14417e+01 -2.25165e+00  6.13578e+01             
       H -6.05297e+01 -1.91200e+00  6.01949e+01             
       O -6.28833e+01 -1.27165e+01  5.02002e+01             
       H -6.22202e+01 -1.24170e+01  4.96229e+01             
       H -6.26549e+01 -1.23908e+01  3.86555e+01             
       O -5.86579e+01 -1.22649e+01  3.10313e+01             
       H -5.77157e+01 -1.24856e+01  3.11243e+01             
       H -7.12292e+01 -1.18736e+01  3.01448e+01             
       O -5.04773e+01 -1.40337e+01  3.21049e+01             
       H -5.06841e+01 -1.46909e+01  3.28200e+01             
       H -4.95601e+01 -1.36816e+01  3.21900e+01             
       O -6.45895e+01 -2.30316e+01  3.91587e+01             
       H -6.43710e+01 -2.38133e+01  3.96892e+01             
       H -6.36676e+01 -2.27144e+01  5.13112e+01             
       O -5.73433e+01 -1.57309e+01  3.63489e+01             
       H -6.67938e+01 -1.02229e+01  4.30142e+01             
       H -5.65711e+01 -1.61762e+01  3.60566e+01             
       O -6.05411e+01 -2.52252e+01  5.75465e+01             
       H -5.98532e+01 -2.57074e+01  5.81264e+01             
       H -5.99554e+01 -2.50995e+01  5.67444e+01             
       O -5.06230e+01 -1.50902e+01  4.21568e+01             
       H -4.97070e+01 -1.53620e+01  4.19651e+01             
       H -5.05441e+01 -1.46499e+01  4.30840e+01             
       O -5.49626e+01 -2.68534e+01  5.23446e+01             
       H -5.40092e+01 -2.66084e+01  5.25867e+01             
       H -5.50017e+01 -2.77699e+01  5.20987e+01             
       O -5.93388e+01 -8.43669e+00  5.91520e+01             
       H -5.86552e+01 -8.10723e+00  5.85601e+01             
       H -5.88960e+01 -9.02633e+00  5.97539e+01             
       O -5.06166e+01  8.92817e+00  7.13514e+01             
       H -4.98402e+01  8.35853e+00  7.11343e+01             
       H -5.00645e+01  9.55701e+00  7.19159e+01             
       O -5.89478e+01 -2.65639e+01  5.90758e+01             
       H -6.34102e+01 -2.04046e+01  3.72861e+01             
       H -5.86031e+01 -2.74472e+01  5.89580e+01             
       O -6.68730e+01 -1.73799e+01  5.26005e+01             
       H -5.69915e+01 -1.50334e+01  3.69806e+01             
       H -6.62090e+01 -1.74250e+01  5.19211e+01             
       O -5.65149e+01 -1.06579e+01  4.52488e+01             
       H -6.51609e+01 -5.56912e+00  4.63182e+01             
       H -5.60580e+01 -9.82539e+00  4.55462e+01             
       O -5.61293e+01 -2.55540e+01  5.47826e+01             
       H -6.80379e+01 -2.59647e+01  6.65013e+01             
       H -5.02471e+01 -7.12723e+00  5.59744e+01             
       O -9.20084e+01 -1.31445e+01  6.11312e+01             
       H -9.11598e+01 -1.26066e+01  6.11523e+01             
       H -9.17044e+01 -1.40404e+01  6.13279e+01             
       O -6.14440e+01 -2.84196e+01  5.08801e+01             
       H -6.08707e+01 -2.80442e+01  5.15890e+01             
       H -5.78570e+01 -1.65482e+01  5.73995e+01             
       O -6.69385e+01 -1.11074e+01  4.33625e+01             
       H -6.60784e+01 -1.15202e+01  4.36932e+01             
       H -7.35489e+01 -2.39017e+01  2.09154e+01             
       O -7.12901e+01 -2.16758e+01  4.38535e+01             
       H -7.07016e+01 -2.09967e+01  4.43171e+01             
       H -7.08581e+01 -2.24918e+01  4.41039e+01             
       O -5.66375e+01 -2.30762e+01  4.09383e+01             
       H -5.63902e+01 -2.39123e+01  4.13219e+01             
       H -5.58336e+01 -2.26222e+01  4.05956e+01             
       O -4.65717e+01 -2.45132e+01  5.14992e+01             
       H -4.57304e+01 -1.26015e+01  5.13778e+01             
       H -4.64063e+01 -2.35790e+01  5.13500e+01             
       O -6.24878e+01 -9.32468e+00  5.04689e+01             
       H -4.95109e+01 -9.86287e+00  4.98898e+01             
       H -6.17560e+01 -8.89447e+00  5.09412e+01             
       O -5.44735e+01  2.92048e+00  5.22836e+01             
       H -6.26267e+01 -3.04934e+01  3.97102e+01             
       H -6.45931e+01  1.19614e+00  4.92641e+01             
       O -6.70208e+01 -1.67365e+01  4.87073e+01             
       H -6.65187e+01 -1.70555e+01  4.79026e+01             
       H -6.63005e+01 -1.67410e+01  4.93667e+01             
       O -6.48272e+01 -4.96743e+00  3.80281e+01             
       H -6.39490e+01 -1.69435e+01  3.81765e+01             
       H -6.44172e+01 -5.86634e+00  3.76981e+01             
       O -7.28754e+01 -2.07474e+01  5.21249e+01             
       H -7.22066e+01 -2.02977e+01  5.15450e+01             
       H -7.22641e+01 -2.13981e+01  5.25722e+01             
       O -6.11449e+01 -1.75644e+01  5.80193e+01             
       H -6.01662e+01 -1.72856e+01  5.78714e+01             
       H -6.11435e+01 -1.81317e+01  5.87884e+01             
       O -7.56068e+01 -2.27169e+01  4.18951e+01             
       H -7.50711e+01 -2.33376e+01  5.37376e+01             
       H -6.79575e+01 -3.72669e+01  4.26712e+01             
       O -5.61786e+01 -2.10383e+01  6.25206e+01             
       H -5.58297e+01 -2.14695e+01  6.32796e+01             
       H -5.53715e+01 -2.07592e+01  6.20704e+01             
       O -6.12604e+01 -1.91326e+01  4.78054e+01             
       H -6.07706e+01 -1.85598e+01  4.83942e+01             
       H -6.07826e+01 -1.99010e+01  4.75154e+01             
       O -7.92521e+01 -1.68560e+01  5.65341e+01             
       H -7.84037e+01 -1.68566e+01  5.60179e+01             
       H -7.89748e+01 -1.68408e+01  5.74466e+01             
       O -6.09844e+01 -2.34125e+01  4.89932e+01             
       H -6.00385e+01 -2.34795e+01  4.93172e+01             
       H -6.09776e+01 -2.35146e+01  4.80434e+01             
       O -7.24831e+01 -1.45768e+01  2.80748e+01             
       H -7.21405e+01 -1.37635e+01  2.77118e+01             
       H -7.16867e+01 -1.50693e+01  2.83686e+01             
       O -6.14744e+01 -2.30991e+01  2.13954e+01             
       H -4.18133e+01 -8.70558e+00  4.03997e+01             
       H -6.07728e+01 -2.24348e+01  2.13126e+01             
       O -6.93544e+01 -1.82339e+01  5.28082e+01             
       H -6.92164e+01 -1.87605e+01  5.35870e+01             
       H -6.85044e+01 -1.79209e+01  5.24952e+01             
       O -6.92007e+01 -1.56681e+01  6.83223e+01             
       H -6.82923e+01 -1.59707e+01  6.87425e+01             
       H -6.89498e+01 -1.48421e+01  6.79216e+01             
192                                                         
# CELL(abcABC):   12.41850    12.41850    12.41850    90.00000    90.00000    90.00000  Step:      200000  Bead:       0 x_centroid{angstrom}  cell{angstrom}   
       O -9.10382e+01 -1.46256e+01  7.83075e+01             
       H -9.08130e+01 -1.51896e+01  7.75373e+01             
       H -9.01869e+01 -1.42635e+01  7.85658e+01             
       O -7.85169e+01 -1.05621e+01  6.43214e+01             
       H -7.98336e+01 -2.08070e+01  6.10073e+01             
       H -7.80203e+01 -9.98149e+00  6.49105e+01             
       O -8.32704e+01 -3.06207e+01  5.77093e+01             
       H -8.24978e+01 -1.83509e+01  5.82992e+01             
       H -8.28173e+01 -3.00685e+01  5.70220e+01             
       O -7.66087e+01 -2.48317e+01  6.34011e+01             
       H -7.61572e+01 -2.53419e+01  6.40886e+01             
       H -7.59186e+01 -2.43683e+01  6.28978e+01             
       O -6.76750e+01 -2.50264e+01  5.57669e+01             
       H -6.67755e+01 -2.46492e+01  5.61147e+01             
       H -6.75696e+01 -2.60135e+01  5.56621e+01             
       O -7.17874e+01 -2.31727e+01  7.06066e+01             
       H -7.09647e+01 -2.36476e+01  7.03973e+01             
       H -7.14410e+01 -2.25012e+01  7.11978e+01             
       O -7.77300e+01 -2.37488e+01  4.44283e+01             
       H -7.70179e+01 -2.35073e+01  4.37651e+01             
       H -6.71233e+01 -3.47779e+00  6.08684e+01             
       O -6.25668e+01 -2.32641e+01  7.44846e+01             
       H -6.20113e+01 -2.27322e+01  7.50773e+01             
       H -6.19526e+01 -3.61221e+01  7.37865e+01             
       O -8.35274e+01 -1.32543e+01  4.88706e+01             
       H -8.33470e+01 -1.29261e+01  4.98013e+01             
       H -8.26878e+01 -1.31333e+01  4.82522e+01             
       O -8.44841e+01 -2.61028e+01  5.60098e+01             
       H -8.39496e+01 -2.67704e+01  5.54235e+01             
       H -8.38382e+01 -2.57338e+01  5.66354e+01             
       O -8.57923e+01 -9.31503e+00  6.41319e+01             
       H -8.55903e+01 -1.00759e+01  6.47219e+01             
       H -8.48499e+01 -9.14588e+00  6.37094e+01             
       O -7.98922e+01 -1.52526e+01  5.56563e+01             
       H -7.91908e+01 -1.53128e+01  5.49172e+01             
       H -6.96257e+01 -1.31879e+01  5.16832e+01             
       O -7.69256e+01 -3.46661e+01  4.81112e+01             
       H -7.63468e+01 -3.42990e+01  4.73524e+01             
       H -7.12964e+01 -2.88967e+01  6.54343e+01             
       O -8.61038e+01 -2.22304e+01  5.65227e+01             
       H -8.53874e+01 -2.26867e+01  5.71972e+01             
       H -8.55249e+01 -2.15125e+01  5.61421e+01             
       O -7.06226e+01 -2.80582e+01  6.66999e+01             
       H -6.99621e+01 -2.75510e+01  6.61478e+01             
       H -7.00058e+01 -2.87064e+01  6.71300e+01             
       O -8.12819e+01 -1.44557e+01  6.48653e+01             
       H -8.04766e+01 -1.40988e+01  6.52901e+01             
       H -8.10430e+01 -1.52297e+01  6.42479e+01             
       O -7.85751e+01 -1.20516e+01  4.77175e+01             
       H -7.78540e+01 -2.50891e+01  4.76579e+01             
       H -7.80922e+01 -1.11985e+01  4.77644e+01             
       O -7.81041e+01 -2.85292e+01  5.13008e+01             
       H -7.77279e+01 -2.79058e+01  5.06373e+01             
       H -7.74163e+01 -2.92244e+01  5.13933e+01             
       O -8.72596e+01 -1.40940e+01  6.00789e+01             
       H -8.66656e+01 -1.32898e+01  6.01493e+01             
       H -8.65388e+01 -1.47673e+01  6.00705e+01             
       O -8.03051e+01  4.92867e+00  5.56822e+01             
       H -6.23803e+01 -2.15279e+01  5.76660e+01             
       H -7.94714e+01  5.36409e+00  5.52763e+01             
       O -7.50368e+01 -1.96248e+01  6.50787e+01             
       H -7.70799e+01 -2.61398e+01  6.21841e+01             
       H -8.68724e+01 -2.03092e+01  6.47018e+01             
       O -7.27518e+01 -3.15544e+01  6.22889e+01             
       H -7.19513e+01 -3.09819e+01  6.20144e+01             
       H -7.23973e+01 -3.24676e+01  6.22156e+01             
       O -8.08788e+01 -2.27408e+01  6.29880e+01             
       H -7.99816e+01 -2.25173e+01  6.32909e+01             
       H -8.08046e+01 -2.28169e+01  6.20091e+01             
       O -7.86430e+01 -4.52258e+01  6.22364e+01             
       H -7.80675e+01 -4.59936e+01  6.23220e+01             
       H -7.80386e+01 -4.45217e+01  7.42979e+01             
       O -7.65970e+01 -5.89816e+00  5.78720e+01             
       H -7.60172e+01 -6.10053e+00  5.71546e+01             
       H -7.60155e+01 -6.27344e+00  5.85735e+01             
       O -7.09803e+01 -2.12649e+01  6.31090e+01             
       H -7.06052e+01 -2.07498e+01  6.38796e+01             
       H -7.01632e+01 -2.18534e+01  6.30574e+01             
       O -7.87446e+01 -2.95299e+01  7.22659e+01             
       H -7.79181e+01 -2.98959e+01  7.26843e+01             
       H -7.85022e+01 -2.90805e+01  7.14319e+01             
       O -9.33492e+01 -2.36002e+01  5.36719e+01             
       H -9.29633e+01 -2.41031e+01  5.44980e+01             
       H -9.26173e+01 -2.34849e+01  5.30443e+01             
       O -7.33961e+01 -6.04965e+00  6.68809e+01             
       H -7.27446e+01 -6.45432e+00  6.75250e+01             
       H -7.28117e+01 -5.61434e+00  6.62147e+01             
       O -7.61576e+01 -1.72408e+01  5.46850e+01             
       H -7.60756e+01 -1.63155e+01  5.44486e+01             
       H -7.52829e+01 -1.75916e+01  4.20492e+01             
       O -7.23994e+01 -1.55258e+01  3.59868e+01             
       H -7.17537e+01 -1.63176e+01  3.61716e+01             
       H -8.42674e+01 -1.47075e+01  3.62376e+01             
       O -6.33878e+01 -1.73377e+01  3.86744e+01             
       H -6.29767e+01 -1.80971e+01  3.91501e+01             
       H -6.25967e+01 -1.67135e+01  3.87160e+01             
       O -7.80531e+01 -2.82841e+01  4.50982e+01             
       H -7.74527e+01 -2.90032e+01  4.48352e+01             
       H -7.74597e+01 -2.75455e+01  5.78474e+01             
       O -7.18128e+01 -2.03534e+01  4.37179e+01             
       H -8.06227e+01 -1.58526e+01  5.00992e+01             
       H -7.10594e+01 -2.06942e+01  4.32701e+01             
       O -7.34236e+01 -2.81146e+01  6.33645e+01             
       H -7.26222e+01 -2.86130e+01  6.38062e+01             
       H -7.30565e+01 -2.80330e+01  6.24599e+01             
       O -6.43505e+01 -1.85838e+01  4.88290e+01             
       H -6.36325e+01 -1.88587e+01  4.82291e+01             
       H -6.38959e+01 -1.81092e+01  4.95731e+01             
       O -6.86784e+01 -3.08447e+01  5.96962e+01             
       H -6.78531e+01 -3.03015e+01  5.95559e+01             
       H -6.83074e+01 -3.17855e+01  5.98411e+01             
       O -7.22320e+01 -1.20632e+01  6.54532e+01             
       H -7.17167e+01 -1.22358e+01  6.62544e+01             
       H -7.14567e+01 -1.22112e+01  6.48244e+01             
       O -6.56138e+01  5.82653e+00  7.93126e+01             
       H -6.50958e+01  5.02130e+00  7.90754e+01             
       H -6.48704e+01  6.51621e+00  7.93226e+01             
       O -7.17072e+01 -2.96498e+01  6.49403e+01             
       H -7.73246e+01 -2.44234e+01  4.50028e+01             
       H -7.09727e+01 -3.03568e+01  6.47973e+01             
       O -8.04369e+01 -2.11279e+01  6.03056e+01             
       H -7.13902e+01 -1.97405e+01  4.43766e+01             
       H -7.97755e+01 -2.14946e+01  5.95914e+01             
       O -7.01877e+01 -1.25220e+01  5.12063e+01             
       H -7.99999e+01 -8.01767e+00  5.64183e+01             
       H -6.96104e+01 -1.18006e+01  5.07519e+01             
       O -7.06776e+01 -3.00258e+01  6.15971e+01             
       H -8.23858e+01 -3.03997e+01  7.34305e+01             
       H -6.54392e+01 -1.12561e+01  6.40849e+01             
       O -1.06460e+02 -1.73036e+01  6.83427e+01             
       H -1.05802e+02 -1.66097e+01  6.84257e+01             
       H -1.05960e+02 -1.81419e+01  6.83044e+01             
       O -7.55195e+01 -3.36504e+01  5.83507e+01             
       H -7.50345e+01 -3.29577e+01  5.88179e+01             
       H -7.44133e+01 -1.91656e+01  6.56211e+01             
       O -8.11345e+01 -1.64120e+01  5.07783e+01             
       H -8.04004e+01 -1.70090e+01  5.10589e+01             
       H -8.75518e+01 -2.62535e+01  2.89044e+01             
       O -8.65930e+01 -2.59287e+01  5.23617e+01             
       H -8.57869e+01 -2.53865e+01  5.25739e+01             
       H -8.61756e+01 -2.66463e+01  5.17614e+01             
       O -6.87618e+01 -2.54681e+01  4.76976e+01             
       H -6.78935e+01 -2.49381e+01  4.75792e+01             
       H -6.83666e+01 -2.63652e+01  4.80185e+01             
       O -6.07664e+01 -2.92849e+01  5.85617e+01             
       H -6.01007e+01 -1.74553e+01  5.82658e+01             
       H -6.03216e+01 -2.88241e+01  5.92837e+01             
       O -7.66488e+01 -1.38186e+01  5.81873e+01             
       H -6.35827e+01 -1.39032e+01  5.73978e+01             
       H -7.59691e+01 -1.39958e+01  5.88959e+01             
       O -6.74936e+01 -2.63178e+00  6.12589e+01             
       H -7.61823e+01 -3.50152e+01  4.86733e+01             
       H -7.93790e+01 -2.99383e+00  5.65127e+01             
       O -8.21632e+01 -2.12348e+01  5.43972e+01             
       H -8.16950e+01 -2.21140e+01  5.41099e+01             
       H -8.13362e+01 -2.08078e+01  5.48654e+01             
       O -7.86804e+01 -9.05786e+00  4.53692e+01             
       H -7.80544e+01 -2.08303e+01  4.56067e+01             
       H -7.82421e+01 -9.91334e+00  4.51805e+01             
       O -8.56879e+01 -2.45090e+01  6.03189e+01             
       H -8.53771e+01 -2.42162e+01  5.94184e+01             
       H -8.48111e+01 -2.48521e+01  6.07230e+01             
       O -7.67878e+01 -2.14249e+01  6.61251e+01             
       H -7.60952e+01 -2.08789e+01  6.56771e+01             
       H -7.61832e+01 -2.20666e+01  6.65666e+01             
       O -8.97791e+01 -2.69288e+01  4.92713e+01             
       H -8.89915e+01 -2.70741e+01  6.11658e+01             
       H -8.25863e+01 -4.21975e+01  5.00201e+01             
       O -6.97824e+01 -2.47989e+01  6.98896e+01             
       H -6.94398e+01 -2.52462e+01  7.06882e+01             
       H -6.90246e+01 -2.48374e+01  6.92483e+01             
       O -7.55537e+01 -2.32666e+01  5.53106e+01             
       H -7.47646e+01 -2.29684e+01  5.58742e+01             
       H -7.54195e+01 -2.41748e+01  5.49176e+01             
       O -9.19298e+01 -1.87553e+01  6.43300e+01             
       H -9.15680e+01 -1.93997e+01  6.37727e+01             
       H -9.15053e+01 -1.88240e+01  6.52389e+01             
       O -7.44275e+01 -2.72519e+01  5.65327e+01             
       H -7.36098e+01 -2.67778e+01  5.62595e+01             
       H -7.41806e+01 -2.80780e+01  5.71124e+01             
       O -8.68319e+01 -1.89337e+01  3.50855e+01             
       H -8.66578e+01 -1.80220e+01  3.46996e+01             
       H -8.63029e+01 -1.89307e+01  3.59153e+01             
       O -7.58739e+01 -2.64753e+01  2.95084e+01             
       H -5.42113e+01 -1.46257e+01  4.89397e+01             
       H -7.54389e+01 -2.67876e+01  3.03934e+01             
       O -8.29393e+01 -2.13729e+01  5.98731e+01             
       H -8.33525e+01 -2.08846e+01  6.05879e+01             
       H -8.19986e+01 -2.12943e+01  6.00402e+01             
       O -8.22290e+01 -1.93204e+01  7.73727e+01             
       H -8.22161e+01 -1.99792e+01  7.81054e+01             
       H -8.13423e+01 -1.92956e+01  7.70390e+01             
