192                                                         
# CELL(abcABC):   12.41850    12.41850    12.41850    90.00000    90.00000    90.00000  Step:           0  Bead:       0 x_centroid{angstrom}  cell{angstrom}   
       O -7.63895e+01 -1.01340e+01  7.16144e+01             
       H -7.64702e+01 -1.06204e+01  7.08214e+01             
       H -7.54188e+01 -1.01257e+01  7.16591e+01             
       O -6.34732e+01 -6.70398e+00  5.64245e+01             
       H -6.68091e+01 -1.76188e+01  5.39019e+01             
       H -6.26773e+01 -6.34811e+00  5.68836e+01             
       O -6.88524e+01 -2.62152e+01  5.11080e+01             
       H -6.81411e+01 -1.42569e+01  5.17339e+01             
       H -6.83905e+01 -2.60566e+01  5.02364e+01             
       O -6.13206e+01 -2.13827e+01  5.59410e+01             
       H -6.12129e+01 -2.16294e+01  5.69160e+01             
       H -6.03480e+01 -2.12312e+01  5.57130e+01             
       O -5.47281e+01 -2.04613e+01  4.88037e+01             
       H -5.41817e+01 -1.96507e+01  4.86996e+01             
       H -5.40102e+01 -2.11735e+01  4.87860e+01             
       O -5.90602e+01 -1.92028e+01  6.37490e+01             
       H -5.84570e+01 -1.98228e+01  6.33671e+01             
       H -5.84701e+01 -1.87698e+01  6.43706e+01             
       O -6.37998e+01 -1.97272e+01  3.70217e+01             
       H -6.29178e+01 -1.93390e+01  3.66505e+01             
       H -5.32654e+01  1.64931e+00  5.19679e+01             
       O -4.92422e+01 -1.64649e+01  6.71729e+01             
       H -4.92815e+01 -1.72763e+01  6.66639e+01             
       H -4.82658e+01 -2.87040e+01  6.71969e+01             
       O -7.17792e+01 -1.12323e+01  4.07242e+01             
       H -7.16060e+01 -1.20242e+01  4.13071e+01             
       H -7.08483e+01 -1.10349e+01  4.05356e+01             
       O -7.07440e+01 -2.27692e+01  4.84744e+01             
       H -7.01164e+01 -2.33600e+01  4.80543e+01             
       H -7.01533e+01 -2.23496e+01  4.91920e+01             
       O -6.99210e+01 -6.33079e+00  5.92524e+01             
       H -6.91429e+01 -6.86672e+00  5.90977e+01             
       H -6.97405e+01 -5.81266e+00  6.00022e+01             
       O -6.56731e+01 -1.02856e+01  4.88307e+01             
       H -6.49596e+01 -1.02195e+01  4.81574e+01             
       H -5.61522e+01 -1.05711e+01  4.42948e+01             
       O -6.26265e+01 -3.12943e+01  4.09169e+01             
       H -6.25585e+01 -3.08929e+01  4.00554e+01             
       H -5.85228e+01 -2.60367e+01  5.92855e+01             
       O -7.19679e+01 -1.71807e+01  4.93867e+01             
       H -7.19445e+01 -1.78229e+01  5.01363e+01             
       H -7.10203e+01 -1.69429e+01  4.93851e+01             
       O -5.72652e+01 -2.48195e+01  5.92795e+01             
       H -5.69603e+01 -2.42415e+01  5.85347e+01             
       H -5.65124e+01 -2.49830e+01  5.98634e+01             
       O -6.51967e+01 -7.54855e+00  5.83630e+01             
       H -6.45943e+01 -7.39784e+00  5.76376e+01             
       H -6.46738e+01 -8.25670e+00  5.88020e+01             
       O -6.47720e+01 -8.06473e+00  4.13550e+01             
       H -6.41292e+01 -1.97879e+01  4.11337e+01             
       H -6.42178e+01 -8.77349e+00  4.16456e+01             
       O -6.45680e+01 -2.37485e+01  4.42938e+01             
       H -6.39222e+01 -2.33755e+01  4.35393e+01             
       H -6.42118e+01 -2.46008e+01  4.44703e+01             
       O -7.43540e+01 -1.19635e+01  5.26855e+01             
       H -7.34531e+01 -1.15429e+01  5.25817e+01             
       H -7.41138e+01 -1.29387e+01  5.27111e+01             
       O -6.56723e+01  7.69664e+00  4.71392e+01             
       H -4.95287e+01 -1.75880e+01  5.03898e+01             
       H -6.49223e+01  8.24139e+00  4.69608e+01             
       O -5.90519e+01 -1.69266e+01  5.79583e+01             
       H -6.23290e+01 -2.21761e+01  5.51602e+01             
       H -7.09009e+01 -1.76566e+01  5.83715e+01             
       O -5.89186e+01 -2.85670e+01  5.44128e+01             
       H -5.85106e+01 -2.92336e+01  5.38072e+01             
       H -5.82480e+01 -2.85282e+01  5.51168e+01             
       O -6.70340e+01 -2.06068e+01  5.54940e+01             
       H -6.66489e+01 -2.13393e+01  5.59387e+01             
       H -6.63047e+01 -2.03503e+01  5.48778e+01             
       O -6.52392e+01 -4.22155e+01  5.49517e+01             
       H -6.45172e+01 -4.27754e+01  5.53362e+01             
       H -6.47782e+01 -4.13699e+01  6.71726e+01             
       O -6.55862e+01 -1.53544e+00  4.83725e+01             
       H -6.47222e+01 -1.21653e+00  4.86638e+01             
       H -6.57514e+01 -2.37307e+00  4.88216e+01             
       O -5.68723e+01 -1.89966e+01  5.57804e+01             
       H -5.63292e+01 -1.82113e+01  5.60738e+01             
       H -5.61760e+01 -1.96436e+01  5.55053e+01             
       O -6.47337e+01 -2.64464e+01  6.44825e+01             
       H -6.41794e+01 -2.66004e+01  6.52587e+01             
       H -6.41556e+01 -2.60554e+01  6.37346e+01             
       O -8.03698e+01 -2.04078e+01  4.62352e+01             
       H -7.99262e+01 -2.04626e+01  4.71066e+01             
       H -7.96862e+01 -2.00086e+01  4.56532e+01             
       O -6.13090e+01 -2.65844e+00  6.08404e+01             
       H -6.07431e+01 -3.29176e+00  6.13303e+01             
       H -6.06745e+01 -2.16414e+00  6.02912e+01             
       O -6.32259e+01 -1.35054e+01  4.94808e+01             
       H -6.24301e+01 -1.41194e+01  4.92073e+01             
       H -6.30271e+01 -1.25796e+01  3.67961e+01             
       O -5.90874e+01 -1.34705e+01  3.01642e+01             
       H -5.82451e+01 -1.32154e+01  3.05247e+01             
       H -7.13369e+01 -1.42955e+01  2.96889e+01             
       O -5.09753e+01 -1.37356e+01  3.23669e+01             
       H -5.11129e+01 -1.45228e+01  3.29162e+01             
       H -4.99540e+01 -1.35176e+01  3.24011e+01             
       O -6.41434e+01 -2.34687e+01  3.86102e+01             
       H -6.37652e+01 -2.41902e+01  3.91154e+01             
       H -6.34105e+01 -2.28449e+01  5.11472e+01             
       O -5.71156e+01 -1.61783e+01  3.68902e+01             
       H -6.68478e+01 -1.07719e+01  4.24350e+01             
       H -5.61721e+01 -1.63695e+01  3.68004e+01             
       O -6.08905e+01 -2.51212e+01  5.74883e+01             
       H -6.03265e+01 -2.56700e+01  5.80422e+01             
       H -6.03984e+01 -2.49642e+01  5.66667e+01             
       O -5.14992e+01 -1.48164e+01  4.24011e+01             
       H -5.05948e+01 -1.51232e+01  4.21755e+01             
       H -5.13331e+01 -1.43804e+01  4.32831e+01             
       O -5.47174e+01 -2.72196e+01  5.29989e+01             
       H -5.38132e+01 -2.69112e+01  5.26060e+01             
       H -5.45329e+01 -2.81477e+01  5.31978e+01             
       O -5.93751e+01 -8.16191e+00  5.99119e+01             
       H -5.87895e+01 -7.50913e+00  5.95543e+01             
       H -5.87657e+01 -8.89585e+00  6.01957e+01             
       O -5.09623e+01  8.94178e+00  7.14648e+01             
       H -5.03338e+01  8.21101e+00  7.11635e+01             
       H -5.05524e+01  9.14287e+00  7.23401e+01             
       O -5.93739e+01 -2.65529e+01  5.92792e+01             
       H -6.35506e+01 -2.04811e+01  3.75423e+01             
       H -5.90626e+01 -2.74067e+01  5.89612e+01             
       O -6.72781e+01 -1.74851e+01  5.30624e+01             
       H -5.70265e+01 -1.53659e+01  3.74494e+01             
       H -6.66417e+01 -1.78000e+01  5.24056e+01             
       O -5.69064e+01 -1.03004e+01  4.48549e+01             
       H -6.53943e+01 -5.62231e+00  4.71444e+01             
       H -5.64656e+01 -9.60354e+00  4.53551e+01             
       O -5.62635e+01 -2.59479e+01  5.52023e+01             
       H -6.83181e+01 -2.61209e+01  6.67425e+01             
       H -5.06505e+01 -7.39299e+00  5.58754e+01             
       O -9.25677e+01 -1.27049e+01  6.11310e+01             
       H -9.22850e+01 -1.18195e+01  6.13461e+01             
       H -9.15876e+01 -1.31201e+01  6.08829e+01             
       O -6.27169e+01 -2.97106e+01  5.09360e+01             
       H -6.25385e+01 -2.87774e+01  5.10965e+01             
       H -5.83627e+01 -1.65081e+01  5.73909e+01             
       O -6.70594e+01 -1.09647e+01  4.33769e+01             
       H -6.61131e+01 -1.11977e+01  4.37753e+01             
       H -7.34170e+01 -2.31574e+01  2.11315e+01             
       O -7.11166e+01 -2.09977e+01  4.30514e+01             
       H -7.06553e+01 -2.01925e+01  4.33659e+01             
       H -7.05708e+01 -2.16450e+01  4.35171e+01             
       O -5.65304e+01 -2.33023e+01  3.94701e+01             
       H -5.62024e+01 -2.40828e+01  3.90085e+01             
       H -5.57190e+01 -2.30935e+01  4.00009e+01             
       O -4.69233e+01 -2.59506e+01  5.10324e+01             
       H -4.59665e+01 -1.38483e+01  5.10322e+01             
       H -4.68761e+01 -2.50974e+01  5.14636e+01             
       O -6.21576e+01 -9.37167e+00  5.05619e+01             
       H -4.92910e+01 -1.00003e+01  4.99713e+01             
       H -6.15464e+01 -9.10983e+00  5.12487e+01             
       O -5.38064e+01  2.20253e+00  5.26485e+01             
       H -6.18841e+01 -3.19535e+01  4.09208e+01             
       H -6.51220e+01  2.02842e+00  4.95591e+01             
       O -6.68352e+01 -1.63579e+01  4.94465e+01             
       H -6.64284e+01 -1.66163e+01  4.85932e+01             
       H -6.64022e+01 -1.68676e+01  5.01371e+01             
       O -6.53472e+01 -5.72877e+00  3.86259e+01             
       H -6.44739e+01 -1.77460e+01  3.88630e+01             
       H -6.49594e+01 -6.30712e+00  3.79472e+01             
       O -7.31050e+01 -2.05942e+01  5.29007e+01             
       H -7.24568e+01 -2.01017e+01  5.23897e+01             
       H -7.26053e+01 -2.11205e+01  5.34928e+01             
       O -6.18051e+01 -1.78239e+01  5.80909e+01             
       H -6.10216e+01 -1.73898e+01  5.78127e+01             
       H -6.15086e+01 -1.83251e+01  5.89029e+01             
       O -7.56071e+01 -2.26585e+01  4.23575e+01             
       H -7.52578e+01 -2.34206e+01  5.41757e+01             
       H -6.82011e+01 -3.75256e+01  4.29693e+01             
       O -5.71557e+01 -2.11888e+01  6.27255e+01             
       H -5.68111e+01 -2.16595e+01  6.35423e+01             
       H -5.63106e+01 -2.08543e+01  6.23710e+01             
       O -6.13378e+01 -1.89321e+01  4.82556e+01             
       H -6.06978e+01 -1.81948e+01  4.84812e+01             
       H -6.07255e+01 -1.96985e+01  4.82628e+01             
       O -7.97650e+01 -1.71843e+01  5.69966e+01             
       H -7.90365e+01 -1.69956e+01  5.63663e+01             
       H -7.93433e+01 -1.71412e+01  5.78698e+01             
       O -6.06231e+01 -2.35080e+01  4.94391e+01             
       H -5.97386e+01 -2.32928e+01  4.90312e+01             
       H -6.04774e+01 -2.43623e+01  4.98518e+01             
       O -7.40299e+01 -1.46496e+01  2.74725e+01             
       H -7.32486e+01 -1.43215e+01  2.69871e+01             
       H -7.35521e+01 -1.51005e+01  2.81946e+01             
       O -6.13431e+01 -2.23070e+01  2.14110e+01             
       H -4.07550e+01 -9.50992e+00  4.04310e+01             
       H -6.06079e+01 -2.18126e+01  2.18194e+01             
       O -6.99076e+01 -1.81527e+01  5.31160e+01             
       H -6.98364e+01 -1.87792e+01  5.38591e+01             
       H -6.89925e+01 -1.78669e+01  5.28471e+01             
       O -6.94993e+01 -1.57371e+01  6.89794e+01             
       H -6.86746e+01 -1.62045e+01  6.92632e+01             
       H -6.92659e+01 -1.49249e+01  6.85708e+01             
192                                                         
# CELL(abcABC):   12.41850    12.41850    12.41850    90.00000    90.00000    90.00000  Step:      200000  Bead:       0 x_centroid{angstrom}  cell{angstrom}   
       O -9.00644e+01 -1.49917e+01  7.77783e+01             
       H -8.99644e+01 -1.55569e+01  7.69882e+01             
       H -8.91505e+01 -1.46624e+01  7.78736e+01             
       O -7.61252e+01 -9.83929e+00  6.69595e+01             
       H -7.84080e+01 -1.95573e+01  6.07843e+01             
       H -7.54422e+01 -1.04176e+01  6.70319e+01             
       O -8.09678e+01 -3.20491e+01  5.75995e+01             
       H -8.00187e+01 -1.99480e+01  5.74126e+01             
       H -8.09019e+01 -3.11450e+01  5.79578e+01             
       O -7.40113e+01 -2.42951e+01  6.18687e+01             
       H -7.36656e+01 -2.44640e+01  6.27684e+01             
       H -7.32019e+01 -2.42007e+01  6.13636e+01             
       O -6.69882e+01 -2.52212e+01  5.59785e+01             
       H -6.62861e+01 -2.45253e+01  5.61885e+01             
       H -6.66092e+01 -2.61037e+01  5.59666e+01             
       O -7.06427e+01 -2.38276e+01  7.09502e+01             
       H -6.98771e+01 -2.43978e+01  7.07442e+01             
       H -7.02907e+01 -2.30128e+01  7.14290e+01             
       O -7.77367e+01 -2.33229e+01  4.41253e+01             
       H -7.73402e+01 -2.30071e+01  4.32946e+01             
       H -6.58258e+01 -2.25423e+00  5.97732e+01             
       O -6.15151e+01 -2.04367e+01  7.59798e+01             
       H -6.05773e+01 -2.06055e+01  7.55209e+01             
       H -6.17701e+01 -3.20517e+01  7.55042e+01             
       O -8.38881e+01 -1.24519e+01  4.87255e+01             
       H -8.31696e+01 -1.23245e+01  4.93681e+01             
       H -8.35518e+01 -1.21859e+01  4.78665e+01             
       O -8.35333e+01 -2.58804e+01  5.38054e+01             
       H -8.28903e+01 -2.66976e+01  5.37714e+01             
       H -8.28046e+01 -2.52497e+01  5.40170e+01             
       O -8.36012e+01 -1.04115e+01  6.41301e+01             
       H -8.28986e+01 -1.08919e+01  6.37270e+01             
       H -8.31514e+01 -1.00403e+01  6.49327e+01             
       O -7.82958e+01 -1.52585e+01  5.56107e+01             
       H -7.79507e+01 -1.52059e+01  5.46703e+01             
       H -6.77169e+01 -1.44077e+01  5.13354e+01             
       O -7.58766e+01 -3.45589e+01  5.01162e+01             
       H -7.52009e+01 -3.40409e+01  5.05484e+01             
       H -7.08041e+01 -2.90064e+01  6.53168e+01             
       O -8.44381e+01 -2.27404e+01  5.65658e+01             
       H -8.36683e+01 -2.32377e+01  5.70910e+01             
       H -8.39228e+01 -2.19764e+01  5.61850e+01             
       O -6.95801e+01 -2.81388e+01  6.60286e+01             
       H -6.88200e+01 -2.77843e+01  6.55147e+01             
       H -6.93303e+01 -2.85867e+01  6.68834e+01             
       O -7.76345e+01 -9.97661e+00  6.45214e+01             
       H -7.69542e+01 -9.87540e+00  6.38202e+01             
       H -7.71205e+01 -1.01491e+01  6.52897e+01             
       O -7.73841e+01 -1.18728e+01  4.83894e+01             
       H -7.68693e+01 -2.39676e+01  4.76015e+01             
       H -7.66951e+01 -1.24556e+01  4.87789e+01             
       O -7.73137e+01 -2.84844e+01  5.03140e+01             
       H -7.67603e+01 -2.77638e+01  5.00589e+01             
       H -7.67029e+01 -2.92610e+01  5.01107e+01             
       O -8.62487e+01 -1.50389e+01  5.99380e+01             
       H -8.53591e+01 -1.49507e+01  6.04390e+01             
       H -8.60913e+01 -1.45037e+01  5.91286e+01             
       O -7.97125e+01  3.96482e+00  5.24396e+01             
       H -6.27069e+01 -2.07287e+01  5.75449e+01             
       H -7.96222e+01  4.44591e+00  5.32914e+01             
       O -7.16220e+01 -2.05692e+01  6.21791e+01             
       H -7.51742e+01 -2.59244e+01  6.19009e+01             
       H -8.36848e+01 -2.13129e+01  6.26803e+01             
       O -7.21904e+01 -3.26965e+01  5.93735e+01             
       H -7.12908e+01 -3.30766e+01  5.91632e+01             
       H -7.20708e+01 -3.27925e+01  6.03390e+01             
       O -7.93658e+01 -2.34181e+01  6.25281e+01             
       H -7.88885e+01 -2.29290e+01  6.32120e+01             
       H -7.86239e+01 -2.38265e+01  6.20074e+01             
       O -7.73376e+01 -4.47633e+01  6.17955e+01             
       H -7.66943e+01 -4.55063e+01  6.16816e+01             
       H -7.67743e+01 -4.40984e+01  7.46956e+01             
       O -7.91471e+01 -7.04387e+00  5.45522e+01             
       H -7.85827e+01 -7.39169e+00  5.53183e+01             
       H -7.84213e+01 -6.52982e+00  5.40793e+01             
       O -6.84023e+01 -2.12793e+01  6.14804e+01             
       H -6.77340e+01 -2.06217e+01  6.11708e+01             
       H -6.78675e+01 -2.20734e+01  6.17812e+01             
       O -7.71958e+01 -2.82675e+01  7.18257e+01             
       H -7.65697e+01 -2.88330e+01  7.23298e+01             
       H -7.67396e+01 -2.82707e+01  7.09823e+01             
       O -9.35191e+01 -2.47425e+01  5.41258e+01             
       H -9.29102e+01 -2.48384e+01  5.49184e+01             
       H -9.32816e+01 -2.54451e+01  5.35179e+01             
       O -7.24889e+01 -6.46104e+00  6.73160e+01             
       H -7.16847e+01 -7.03223e+00  6.75859e+01             
       H -7.21218e+01 -5.88871e+00  6.65524e+01             
       O -7.70071e+01 -1.84290e+01  5.36755e+01             
       H -7.68132e+01 -1.77386e+01  5.42764e+01             
       H -7.60892e+01 -1.89890e+01  4.11611e+01             
       O -7.18262e+01 -1.51829e+01  3.67613e+01             
       H -7.08778e+01 -1.56201e+01  3.66678e+01             
       H -8.40188e+01 -1.42361e+01  3.66524e+01             
       O -6.30183e+01 -1.80978e+01  3.77457e+01             
       H -6.27152e+01 -1.79474e+01  3.68019e+01             
       H -6.23621e+01 -1.75888e+01  3.82720e+01             
       O -7.58430e+01 -2.79754e+01  4.44145e+01             
       H -7.53165e+01 -2.87631e+01  4.41647e+01             
       H -7.53532e+01 -2.71328e+01  5.66143e+01             
       O -7.03010e+01 -2.05409e+01  4.31712e+01             
       H -7.96813e+01 -1.44153e+01  4.90491e+01             
       H -6.98564e+01 -2.09452e+01  4.24038e+01             
       O -7.34564e+01 -2.89434e+01  6.38857e+01             
       H -7.26756e+01 -2.94200e+01  6.44781e+01             
       H -7.30083e+01 -2.85181e+01  6.31850e+01             
       O -6.26550e+01 -1.74940e+01  4.74661e+01             
       H -6.25334e+01 -1.82977e+01  4.68782e+01             
       H -6.18235e+01 -1.69817e+01  4.72733e+01             
       O -6.79739e+01 -2.98467e+01  5.92961e+01             
       H -6.73695e+01 -2.91053e+01  5.90035e+01             
       H -6.73782e+01 -3.06049e+01  5.95745e+01             
       O -7.30322e+01 -1.21554e+01  6.46783e+01             
       H -7.25574e+01 -1.13076e+01  6.43765e+01             
       H -7.23526e+01 -1.26705e+01  6.51230e+01             
       O -6.17903e+01  7.26668e+00  8.13816e+01             
       H -6.12084e+01  7.53240e+00  8.21327e+01             
       H -6.11233e+01  7.03021e+00  8.07496e+01             
       O -7.14031e+01 -2.97985e+01  6.52283e+01             
       H -7.69600e+01 -2.33770e+01  4.47716e+01             
       H -7.09220e+01 -3.01715e+01  6.43973e+01             
       O -7.91233e+01 -1.95727e+01  6.01076e+01             
       H -6.97179e+01 -2.00347e+01  4.37537e+01             
       H -7.86444e+01 -1.99171e+01  5.93082e+01             
       O -6.76857e+01 -1.41173e+01  5.22358e+01             
       H -7.88625e+01 -9.09710e+00  5.23577e+01             
       H -6.68056e+01 -1.45023e+01  5.25729e+01             
       O -6.93937e+01 -2.88216e+01  6.12635e+01             
       H -8.13668e+01 -2.93301e+01  7.29978e+01             
       H -6.33502e+01 -8.96497e+00  6.66842e+01             
       O -1.05387e+02 -1.66806e+01  6.84801e+01             
       H -1.04685e+02 -1.60478e+01  6.82660e+01             
       H -1.04963e+02 -1.75011e+01  6.85388e+01             
       O -7.57298e+01 -3.23676e+01  5.73813e+01             
       H -7.52689e+01 -3.16089e+01  5.70354e+01             
       H -7.09129e+01 -1.98796e+01  6.23884e+01             
       O -7.99293e+01 -1.49951e+01  4.98474e+01             
       H -7.89803e+01 -1.52676e+01  5.00433e+01             
       H -8.68526e+01 -2.77802e+01  2.75752e+01             
       O -8.18288e+01 -2.44133e+01  5.05505e+01             
       H -8.08779e+01 -2.41815e+01  5.02552e+01             
       H -8.16532e+01 -2.50017e+01  5.12762e+01             
       O -7.03117e+01 -2.79052e+01  4.52219e+01             
       H -6.96352e+01 -2.84578e+01  4.47681e+01             
       H -6.98806e+01 -2.71260e+01  4.54916e+01             
       O -6.00443e+01 -2.71106e+01  5.61438e+01             
       H -5.97431e+01 -1.44047e+01  5.52885e+01             
       H -5.92435e+01 -2.74244e+01  5.67265e+01             
       O -7.58936e+01 -1.12190e+01  5.83150e+01             
       H -6.30085e+01 -1.19754e+01  5.77995e+01             
       H -7.51123e+01 -1.05750e+01  5.83539e+01             
       O -6.65321e+01 -1.54454e+00  5.99219e+01             
       H -7.53862e+01 -3.53014e+01  4.96522e+01             
       H -7.74756e+01 -2.99050e+00  5.61726e+01             
       O -8.19387e+01 -2.20458e+01  5.36194e+01             
       H -8.14948e+01 -2.28378e+01  5.40674e+01             
       H -8.11221e+01 -2.16255e+01  5.31820e+01             
       O -7.83985e+01 -8.22019e+00  4.46983e+01             
       H -7.73577e+01 -2.04181e+01  4.46836e+01             
       H -7.84017e+01 -9.17987e+00  4.44771e+01             
       O -8.63059e+01 -2.18879e+01  5.83366e+01             
       H -8.57314e+01 -2.23576e+01  5.76340e+01             
       H -8.56922e+01 -2.11797e+01  5.87947e+01             
       O -7.48501e+01 -1.99091e+01  6.62804e+01             
       H -7.44245e+01 -2.01533e+01  6.54467e+01             
       H -7.40930e+01 -1.95294e+01  6.67879e+01             
       O -8.81874e+01 -2.65155e+01  4.90696e+01             
       H -8.76405e+01 -2.67784e+01  6.07413e+01             
       H -8.10365e+01 -4.06769e+01  4.92027e+01             
       O -6.87187e+01 -2.57292e+01  7.06637e+01             
       H -6.79891e+01 -2.59695e+01  7.13076e+01             
       H -6.82662e+01 -2.56346e+01  6.98325e+01             
       O -7.37860e+01 -2.37463e+01  5.47601e+01             
       H -7.29753e+01 -2.36390e+01  5.52245e+01             
       H -7.35234e+01 -2.39690e+01  5.38529e+01             
       O -9.23658e+01 -1.85775e+01  6.34607e+01             
       H -9.15869e+01 -1.80957e+01  6.31487e+01             
       H -9.20756e+01 -1.93797e+01  6.39360e+01             
       O -7.44748e+01 -2.53292e+01  5.67649e+01             
       H -7.43619e+01 -2.49439e+01  5.58614e+01             
       H -7.37174e+01 -2.59657e+01  5.67066e+01             
       O -8.49070e+01 -1.73873e+01  3.38912e+01             
       H -8.41935e+01 -1.67547e+01  3.36698e+01             
       H -8.46030e+01 -1.82769e+01  3.41381e+01             
       O -7.50606e+01 -2.72576e+01  2.81050e+01             
       H -5.35035e+01 -1.31849e+01  4.77016e+01             
       H -7.46289e+01 -2.64247e+01  2.81827e+01             
       O -8.23522e+01 -2.13718e+01  5.94053e+01             
       H -8.18272e+01 -2.13465e+01  6.02457e+01             
       H -8.18047e+01 -2.09624e+01  5.87044e+01             
       O -8.25157e+01 -1.82532e+01  7.55102e+01             
       H -8.15640e+01 -1.84438e+01  7.58531e+01             
       H -8.22985e+01 -1.76162e+01  7.48233e+01             
