192                                                         
# CELL(abcABC):   12.41850    12.41850    12.41850    90.00000    90.00000    90.00000  Step:           0  Bead:       0 x_centroid{angstrom}  cell{angstrom}   
       O -7.64232e+01 -1.01494e+01  7.06440e+01             
       H -7.64228e+01 -1.05527e+01  6.96910e+01             
       H -7.56504e+01 -1.03962e+01  7.11598e+01             
       O -6.23141e+01 -6.47340e+00  5.64744e+01             
       H -6.52015e+01 -1.77716e+01  5.37811e+01             
       H -6.19990e+01 -5.84792e+00  5.70949e+01             
       O -6.82841e+01 -2.71849e+01  5.12631e+01             
       H -6.77710e+01 -1.45895e+01  5.21163e+01             
       H -6.75105e+01 -2.71945e+01  5.06668e+01             
       O -6.03978e+01 -2.07131e+01  5.53009e+01             
       H -5.99435e+01 -2.11259e+01  5.60654e+01             
       H -5.97482e+01 -2.00164e+01  5.50448e+01             
       O -5.28319e+01 -2.12149e+01  4.82681e+01             
       H -5.19799e+01 -2.07208e+01  4.83576e+01             
       H -5.26230e+01 -2.21095e+01  4.79899e+01             
       O -5.79893e+01 -1.89246e+01  6.34452e+01             
       H -5.72877e+01 -1.93703e+01  6.29467e+01             
       H -5.75487e+01 -1.83403e+01  6.41114e+01             
       O -6.31415e+01 -1.94829e+01  3.66805e+01             
       H -6.25236e+01 -1.90696e+01  3.60269e+01             
       H -5.31714e+01  3.05073e+00  5.15112e+01             
       O -4.58422e+01 -1.88772e+01  6.67491e+01             
       H -4.58430e+01 -1.78666e+01  6.65304e+01             
       H -4.50006e+01 -3.14337e+01  6.72103e+01             
       O -7.02670e+01 -9.53761e+00  4.07064e+01             
       H -7.01749e+01 -8.60023e+00  4.07470e+01             
       H -6.95488e+01 -9.99715e+00  4.01543e+01             
       O -6.98647e+01 -2.21745e+01  4.89918e+01             
       H -6.93860e+01 -2.28980e+01  4.85505e+01             
       H -6.90799e+01 -2.16997e+01  4.94293e+01             
       O -6.92609e+01 -6.40185e+00  5.79029e+01             
       H -6.85651e+01 -6.74534e+00  5.84276e+01             
       H -6.88505e+01 -6.15376e+00  5.70646e+01             
       O -6.58322e+01 -1.17650e+01  4.70297e+01             
       H -6.51337e+01 -1.13913e+01  4.64091e+01             
       H -5.54784e+01 -1.02180e+01  4.40735e+01             
       O -6.22240e+01 -3.10806e+01  3.98187e+01             
       H -6.19057e+01 -3.03887e+01  3.92552e+01             
       H -5.90610e+01 -2.67411e+01  6.06768e+01             
       O -7.19992e+01 -1.75872e+01  4.94530e+01             
       H -7.13916e+01 -1.81457e+01  5.01401e+01             
       H -7.15200e+01 -1.67502e+01  4.92602e+01             
       O -5.80146e+01 -2.40179e+01  5.90126e+01             
       H -5.74950e+01 -2.32579e+01  5.87950e+01             
       H -5.73594e+01 -2.47831e+01  5.88929e+01             
       O -6.46359e+01 -7.66515e+00  5.76692e+01             
       H -6.38385e+01 -7.08070e+00  5.72931e+01             
       H -6.41857e+01 -8.55038e+00  5.78143e+01             
       O -6.41093e+01 -8.04868e+00  4.07762e+01             
       H -6.36493e+01 -1.97896e+01  4.02543e+01             
       H -6.34444e+01 -8.76917e+00  4.09325e+01             
       O -6.37632e+01 -2.37880e+01  4.33154e+01             
       H -6.31380e+01 -2.33542e+01  4.25825e+01             
       H -6.34492e+01 -2.46069e+01  4.36338e+01             
       O -7.32169e+01 -1.16131e+01  5.23392e+01             
       H -7.27567e+01 -1.14450e+01  5.14494e+01             
       H -7.25002e+01 -1.18662e+01  5.29897e+01             
       O -6.54519e+01  7.81265e+00  4.62412e+01             
       H -4.84523e+01 -1.67199e+01  5.03109e+01             
       H -6.45946e+01  8.37066e+00  4.62811e+01             
       O -5.83827e+01 -1.66329e+01  5.75786e+01             
       H -6.15307e+01 -2.19015e+01  5.44888e+01             
       H -7.03092e+01 -1.73012e+01  5.80783e+01             
       O -5.81630e+01 -2.85720e+01  5.37453e+01             
       H -5.73986e+01 -2.88548e+01  5.31766e+01             
       H -5.77132e+01 -2.82546e+01  5.45632e+01             
       O -6.58413e+01 -2.02263e+01  5.52624e+01             
       H -6.53685e+01 -2.02011e+01  5.61422e+01             
       H -6.51290e+01 -2.02887e+01  5.45473e+01             
       O -6.39796e+01 -4.18447e+01  5.50034e+01             
       H -6.35044e+01 -4.26856e+01  5.52105e+01             
       H -6.32492e+01 -4.12334e+01  6.70703e+01             
       O -6.62885e+01 -2.53500e+00  4.95923e+01             
       H -6.56906e+01 -1.77815e+00  4.95134e+01             
       H -6.57879e+01 -3.38940e+00  4.95547e+01             
       O -5.54651e+01 -1.84679e+01  5.52942e+01             
       H -5.50034e+01 -1.76340e+01  5.55416e+01             
       H -5.47206e+01 -1.90509e+01  5.53191e+01             
       O -6.41388e+01 -2.66150e+01  6.46290e+01             
       H -6.36115e+01 -2.69139e+01  6.54187e+01             
       H -6.35930e+01 -2.67344e+01  6.38506e+01             
       O -7.94305e+01 -2.06066e+01  4.63374e+01             
       H -7.89364e+01 -2.08260e+01  4.71580e+01             
       H -7.86082e+01 -2.04088e+01  4.58305e+01             
       O -6.23213e+01 -2.06390e+00  6.08257e+01             
       H -6.23960e+01 -2.80837e+00  6.14469e+01             
       H -6.13496e+01 -1.87364e+00  6.09138e+01             
       O -6.43910e+01 -1.28173e+01  4.92436e+01             
       H -6.36423e+01 -1.34277e+01  4.91008e+01             
       H -6.41296e+01 -1.21165e+01  3.74333e+01             
       O -5.86636e+01 -1.16800e+01  2.96101e+01             
       H -5.79223e+01 -1.22599e+01  2.96024e+01             
       H -7.07205e+01 -1.08727e+01  2.92577e+01             
       O -5.00183e+01 -1.36610e+01  3.16768e+01             
       H -5.01404e+01 -1.43236e+01  3.23741e+01             
       H -4.91759e+01 -1.31998e+01  3.17421e+01             
       O -6.39382e+01 -2.30616e+01  3.87011e+01             
       H -6.37153e+01 -2.35998e+01  3.95068e+01             
       H -6.32247e+01 -2.24967e+01  5.08008e+01             
       O -5.74424e+01 -1.58453e+01  3.63187e+01             
       H -6.61499e+01 -9.93094e+00  4.25262e+01             
       H -5.68269e+01 -1.60661e+01  3.55275e+01             
       O -6.00042e+01 -2.42566e+01  5.67470e+01             
       H -5.93966e+01 -2.41912e+01  5.74971e+01             
       H -5.93348e+01 -2.42000e+01  5.60129e+01             
       O -5.02281e+01 -1.49997e+01  4.18136e+01             
       H -4.94365e+01 -1.49283e+01  4.12285e+01             
       H -5.00189e+01 -1.46014e+01  4.26964e+01             
       O -5.39986e+01 -2.72513e+01  5.33900e+01             
       H -5.31348e+01 -2.69937e+01  5.28515e+01             
       H -5.38355e+01 -2.82375e+01  5.34208e+01             
       O -5.95283e+01 -8.82944e+00  5.99004e+01             
       H -5.91301e+01 -8.59865e+00  5.90520e+01             
       H -5.88109e+01 -9.20867e+00  6.03984e+01             
       O -5.05864e+01  9.20739e+00  7.09885e+01             
       H -4.96992e+01  8.74385e+00  7.08544e+01             
       H -5.03842e+01  9.73849e+00  7.18179e+01             
       O -5.96956e+01 -2.63573e+01  6.12770e+01             
       H -6.25520e+01 -1.99502e+01  3.72927e+01             
       H -5.93760e+01 -2.64255e+01  6.21980e+01             
       O -6.57671e+01 -1.76281e+01  5.30148e+01             
       H -5.68361e+01 -1.54440e+01  3.69525e+01             
       H -6.51997e+01 -1.75675e+01  5.22037e+01             
       O -5.60787e+01 -9.77950e+00  4.46733e+01             
       H -6.50313e+01 -5.45025e+00  4.60631e+01             
       H -5.54164e+01 -9.32271e+00  4.53627e+01             
       O -5.54938e+01 -2.51045e+01  5.44636e+01             
       H -6.73779e+01 -2.58173e+01  6.65098e+01             
       H -4.91274e+01 -6.95695e+00  5.60688e+01             
       O -9.29767e+01 -1.33618e+01  5.86990e+01             
       H -9.21696e+01 -1.26909e+01  5.86429e+01             
       H -9.26442e+01 -1.42417e+01  5.88257e+01             
       O -6.15777e+01 -2.85948e+01  5.07094e+01             
       H -6.10625e+01 -2.81116e+01  5.14654e+01             
       H -5.77802e+01 -1.59747e+01  5.72157e+01             
       O -6.62010e+01 -1.07934e+01  4.29086e+01             
       H -6.52536e+01 -1.10679e+01  4.30606e+01             
       H -7.33228e+01 -2.24841e+01  2.23752e+01             
       O -7.07744e+01 -2.09257e+01  4.46229e+01             
       H -7.04724e+01 -2.00551e+01  4.49584e+01             
       H -6.99227e+01 -2.13559e+01  4.43147e+01             
       O -5.59593e+01 -2.36283e+01  3.96281e+01             
       H -5.58520e+01 -2.41629e+01  4.04083e+01             
       H -5.52345e+01 -2.30001e+01  3.95075e+01             
       O -4.59412e+01 -2.60061e+01  5.13051e+01             
       H -4.51655e+01 -1.42980e+01  5.13399e+01             
       H -4.54362e+01 -2.51847e+01  5.11165e+01             
       O -6.15811e+01 -9.20575e+00  5.01678e+01             
       H -4.87373e+01 -9.77101e+00  4.95136e+01             
       H -6.08516e+01 -8.83468e+00  5.06889e+01             
       O -5.39006e+01  3.51651e+00  5.20335e+01             
       H -6.14734e+01 -3.16557e+01  3.99465e+01             
       H -6.54107e+01  1.27382e-01  4.77476e+01             
       O -6.75957e+01 -1.59493e+01  4.73035e+01             
       H -6.69681e+01 -1.66495e+01  4.70527e+01             
       H -6.71918e+01 -1.57370e+01  4.82126e+01             
       O -6.44469e+01 -4.72901e+00  3.80132e+01             
       H -6.35039e+01 -1.67492e+01  3.81011e+01             
       H -6.42219e+01 -5.58801e+00  3.75589e+01             
       O -7.24945e+01 -2.04950e+01  5.21312e+01             
       H -7.17646e+01 -1.99835e+01  5.17748e+01             
       H -7.20697e+01 -2.10984e+01  5.28331e+01             
       O -6.10606e+01 -1.72670e+01  5.81109e+01             
       H -6.01847e+01 -1.69674e+01  5.78362e+01             
       H -6.09031e+01 -1.78171e+01  5.88884e+01             
       O -7.45855e+01 -2.25218e+01  4.15776e+01             
       H -7.40807e+01 -2.29646e+01  5.32280e+01             
       H -6.72216e+01 -3.69150e+01  4.24118e+01             
       O -5.55993e+01 -2.06889e+01  6.24339e+01             
       H -5.49372e+01 -2.07361e+01  6.32074e+01             
       H -5.49510e+01 -2.05052e+01  6.16903e+01             
       O -6.08736e+01 -1.87613e+01  4.77497e+01             
       H -6.02262e+01 -1.84235e+01  4.84639e+01             
       H -6.06191e+01 -1.96943e+01  4.75995e+01             
       O -7.87395e+01 -1.62761e+01  5.61819e+01             
       H -7.78122e+01 -1.62459e+01  5.58413e+01             
       H -7.85631e+01 -1.66166e+01  5.70725e+01             
       O -5.95642e+01 -2.36328e+01  4.97495e+01             
       H -5.87587e+01 -2.31491e+01  4.96061e+01             
       H -5.95184e+01 -2.43173e+01  4.90438e+01             
       O -7.26727e+01 -1.49459e+01  2.78739e+01             
       H -7.22166e+01 -1.41250e+01  2.75990e+01             
       H -7.19172e+01 -1.55126e+01  2.82067e+01             
       O -6.17288e+01 -2.30480e+01  2.25027e+01             
       H -4.10241e+01 -8.43808e+00  4.03597e+01             
       H -6.14897e+01 -2.39787e+01  2.27864e+01             
       O -6.87082e+01 -1.73570e+01  5.23160e+01             
       H -6.79348e+01 -1.75640e+01  5.28794e+01             
       H -6.83667e+01 -1.66837e+01  5.17183e+01             
       O -6.90140e+01 -1.51599e+01  6.82549e+01             
       H -6.81336e+01 -1.54807e+01  6.85452e+01             
       H -6.88087e+01 -1.41927e+01  6.80845e+01             
192                                                         
# CELL(abcABC):   12.41850    12.41850    12.41850    90.00000    90.00000    90.00000  Step:      200000  Bead:       0 x_centroid{angstrom}  cell{angstrom}   
       O -8.71852e+01 -1.39261e+01  7.65956e+01             
       H -8.62831e+01 -1.42138e+01  7.66060e+01             
       H -8.72817e+01 -1.32600e+01  7.73414e+01             
       O -7.47829e+01 -9.44407e+00  6.31782e+01             
       H -7.74519e+01 -2.10923e+01  5.98975e+01             
       H -7.39846e+01 -1.00177e+01  6.35997e+01             
       O -7.95244e+01 -3.07525e+01  5.69810e+01             
       H -7.92537e+01 -1.78869e+01  5.77546e+01             
       H -7.86926e+01 -3.06437e+01  5.64618e+01             
       O -7.16004e+01 -2.19593e+01  6.04904e+01             
       H -7.09163e+01 -2.23579e+01  6.10549e+01             
       H -7.09484e+01 -2.13026e+01  6.00111e+01             
       O -6.44901e+01 -2.27872e+01  5.45154e+01             
       H -6.37168e+01 -2.34787e+01  5.46290e+01             
       H -6.41157e+01 -2.18734e+01  5.45463e+01             
       O -6.91696e+01 -2.22458e+01  6.86914e+01             
       H -6.83866e+01 -2.26030e+01  6.82166e+01             
       H -6.86667e+01 -2.18031e+01  6.94619e+01             
       O -7.48653e+01 -2.46974e+01  4.18984e+01             
       H -7.43493e+01 -2.41297e+01  4.12491e+01             
       H -6.34338e+01 -9.39969e-01  5.78483e+01             
       O -6.12417e+01 -2.01607e+01  7.38013e+01             
       H -6.09225e+01 -1.94103e+01  7.42293e+01             
       H -6.04973e+01 -3.32716e+01  7.35549e+01             
       O -8.19091e+01 -1.30619e+01  4.64697e+01             
       H -8.11933e+01 -1.25196e+01  4.68869e+01             
       H -8.15155e+01 -1.35352e+01  4.57174e+01             
       O -7.84186e+01 -2.53060e+01  5.61181e+01             
       H -7.81009e+01 -2.58164e+01  5.52640e+01             
       H -7.76983e+01 -2.51355e+01  5.68175e+01             
       O -7.97643e+01 -9.12535e+00  6.35416e+01             
       H -7.90898e+01 -9.70017e+00  6.38398e+01             
       H -7.93606e+01 -8.35128e+00  6.30418e+01             
       O -7.78111e+01 -1.46545e+01  5.41726e+01             
       H -7.74946e+01 -1.43800e+01  5.32450e+01             
       H -6.60090e+01 -1.39977e+01  5.10106e+01             
       O -7.31445e+01 -3.45015e+01  4.47806e+01             
       H -7.24638e+01 -3.51577e+01  4.49165e+01             
       H -7.07083e+01 -2.72527e+01  6.65543e+01             
       O -8.30158e+01 -2.01452e+01  5.54377e+01             
       H -8.24242e+01 -2.08782e+01  5.57816e+01             
       H -8.23879e+01 -1.96511e+01  5.47703e+01             
       O -6.99164e+01 -2.70638e+01  6.53632e+01             
       H -6.93227e+01 -2.63137e+01  6.54664e+01             
       H -6.92091e+01 -2.77474e+01  6.52194e+01             
       O -7.54576e+01 -1.25570e+01  6.20235e+01             
       H -7.47118e+01 -1.23030e+01  6.14259e+01             
       H -7.50107e+01 -1.30214e+01  6.27854e+01             
       O -7.53939e+01 -1.05799e+01  4.59799e+01             
       H -7.46552e+01 -2.28013e+01  4.53815e+01             
       H -7.47804e+01 -1.08386e+01  4.67290e+01             
       O -7.59388e+01 -2.86361e+01  5.01490e+01             
       H -7.55739e+01 -2.79523e+01  5.06318e+01             
       H -7.51003e+01 -2.91130e+01  4.99449e+01             
       O -8.64486e+01 -1.59714e+01  5.94529e+01             
       H -8.54549e+01 -1.60344e+01  5.91409e+01             
       H -8.64361e+01 -1.54162e+01  6.02308e+01             
       O -7.60321e+01  4.61614e+00  5.30012e+01             
       H -5.90587e+01 -1.93254e+01  5.65268e+01             
       H -7.51926e+01  5.20582e+00  5.31039e+01             
       O -6.99116e+01 -2.04502e+01  6.41741e+01             
       H -7.29499e+01 -2.33267e+01  6.02154e+01             
       H -8.17283e+01 -2.12089e+01  6.41168e+01             
       O -7.00113e+01 -3.24731e+01  5.95690e+01             
       H -6.92085e+01 -3.26643e+01  5.90407e+01             
       H -6.96613e+01 -3.21944e+01  6.04235e+01             
       O -7.76644e+01 -2.53400e+01  6.06881e+01             
       H -7.67707e+01 -2.53213e+01  6.12582e+01             
       H -7.73616e+01 -2.52510e+01  5.97508e+01             
       O -7.89652e+01 -4.38538e+01  6.22128e+01             
       H -7.86629e+01 -4.31347e+01  6.28347e+01             
       H -7.81732e+01 -4.40454e+01  7.40513e+01             
       O -7.69986e+01 -5.86999e+00  5.57793e+01             
       H -7.66606e+01 -4.92088e+00  5.56232e+01             
       H -7.61757e+01 -6.35088e+00  5.61560e+01             
       O -6.75401e+01 -2.40108e+01  6.04006e+01             
       H -6.69796e+01 -2.32818e+01  6.00107e+01             
       H -6.67063e+01 -2.45805e+01  6.07390e+01             
       O -7.62320e+01 -3.01876e+01  7.15028e+01             
       H -7.54873e+01 -2.96002e+01  7.17101e+01             
       H -7.59448e+01 -3.07055e+01  7.07289e+01             
       O -8.99229e+01 -2.31994e+01  5.16019e+01             
       H -8.95577e+01 -2.28745e+01  5.24687e+01             
       H -8.92772e+01 -2.30752e+01  5.09076e+01             
       O -7.30796e+01 -4.62611e+00  6.74875e+01             
       H -7.27668e+01 -5.20854e+00  6.81965e+01             
       H -7.23483e+01 -3.99635e+00  6.73847e+01             
       O -7.57189e+01 -1.59559e+01  5.55756e+01             
       H -7.47760e+01 -1.61489e+01  5.52627e+01             
       H -7.54797e+01 -1.52929e+01  4.38720e+01             
       O -7.20863e+01 -1.40447e+01  3.55958e+01             
       H -7.19590e+01 -1.39766e+01  3.65326e+01             
       H -8.36397e+01 -1.37836e+01  3.51907e+01             
       O -6.10831e+01 -1.71359e+01  3.77205e+01             
       H -6.10715e+01 -1.75606e+01  3.85839e+01             
       H -6.02370e+01 -1.68939e+01  3.74405e+01             
       O -7.48080e+01 -2.67264e+01  4.51018e+01             
       H -7.45464e+01 -2.72635e+01  4.59644e+01             
       H -7.39754e+01 -2.64090e+01  5.70464e+01             
       O -6.87413e+01 -1.91581e+01  4.13492e+01             
       H -7.81221e+01 -1.42511e+01  4.88603e+01             
       H -6.78437e+01 -1.95497e+01  4.16073e+01             
       O -7.10336e+01 -2.93226e+01  6.14205e+01             
       H -7.03777e+01 -3.01269e+01  6.15709e+01             
       H -7.04460e+01 -2.85991e+01  6.15420e+01             
       O -6.40864e+01 -1.95378e+01  4.86685e+01             
       H -6.32771e+01 -2.00083e+01  4.87940e+01             
       H -6.38902e+01 -1.88486e+01  4.80202e+01             
       O -6.62315e+01 -2.91120e+01  5.91706e+01             
       H -6.52692e+01 -2.94252e+01  5.90557e+01             
       H -6.63173e+01 -2.88168e+01  6.00832e+01             
       O -7.06241e+01 -1.13180e+01  6.39607e+01             
       H -7.02246e+01 -1.09198e+01  6.32212e+01             
       H -6.98355e+01 -1.16448e+01  6.44488e+01             
       O -6.13687e+01  6.53873e+00  7.73820e+01             
       H -6.06685e+01  5.83961e+00  7.74622e+01             
       H -6.12844e+01  7.00796e+00  7.82466e+01             
       O -7.13612e+01 -2.75088e+01  6.73205e+01             
       H -7.41070e+01 -2.49002e+01  4.25062e+01             
       H -7.06641e+01 -2.78129e+01  6.80140e+01             
       O -7.78282e+01 -2.17865e+01  5.93840e+01             
       H -6.84140e+01 -1.82793e+01  4.10522e+01             
       H -7.70432e+01 -2.20692e+01  5.87951e+01             
       O -6.61206e+01 -1.33816e+01  5.16985e+01             
       H -7.56872e+01 -8.44726e+00  5.23275e+01             
       H -6.55563e+01 -1.25390e+01  5.14718e+01             
       O -6.88555e+01 -2.77248e+01  6.22272e+01             
       H -8.02507e+01 -2.77049e+01  7.44524e+01             
       H -6.20251e+01 -8.89830e+00  6.23702e+01             
       O -1.04968e+02 -1.64538e+01  6.53214e+01             
       H -1.04378e+02 -1.57895e+01  6.58004e+01             
       H -1.04361e+02 -1.67599e+01  6.46622e+01             
       O -7.21353e+01 -3.11545e+01  5.69851e+01             
       H -7.16701e+01 -3.07581e+01  5.77338e+01             
       H -6.94680e+01 -1.98414e+01  6.49050e+01             
       O -7.84709e+01 -1.50049e+01  4.94253e+01             
       H -7.76972e+01 -1.54746e+01  4.97675e+01             
       H -8.38764e+01 -2.53000e+01  2.63179e+01             
       O -8.17299e+01 -2.27740e+01  4.94771e+01             
       H -8.11036e+01 -2.21630e+01  4.99642e+01             
       H -8.11325e+01 -2.33419e+01  4.88716e+01             
       O -6.74232e+01 -2.70421e+01  4.52410e+01             
       H -6.68830e+01 -2.75233e+01  4.59111e+01             
       H -6.68223e+01 -2.63169e+01  4.48019e+01             
       O -5.71091e+01 -2.84198e+01  5.68599e+01             
       H -5.66743e+01 -1.67785e+01  5.64338e+01             
       H -5.62865e+01 -2.79651e+01  5.71112e+01             
       O -7.27702e+01 -1.32040e+01  5.62135e+01             
       H -5.99202e+01 -1.39156e+01  5.56733e+01             
       H -7.20876e+01 -1.24974e+01  5.64442e+01             
       O -6.43100e+01 -3.64950e-01  5.80758e+01             
       H -7.27797e+01 -3.36675e+01  4.49825e+01             
       H -7.70021e+01 -2.64589e+00  5.45640e+01             
       O -7.85555e+01 -1.98471e+01  5.40864e+01             
       H -7.78937e+01 -2.02487e+01  5.34146e+01             
       H -7.79995e+01 -1.92155e+01  5.46770e+01             
       O -7.47976e+01 -6.99593e+00  4.46281e+01             
       H -7.47288e+01 -2.03351e+01  4.44380e+01             
       H -7.38524e+01 -6.64549e+00  4.47168e+01             
       O -8.35089e+01 -2.37454e+01  5.72309e+01             
       H -8.28276e+01 -2.31905e+01  5.67209e+01             
       H -8.30300e+01 -2.41754e+01  5.79665e+01             
       O -7.22741e+01 -2.01998e+01  6.57210e+01             
       H -7.17090e+01 -2.04032e+01  6.49174e+01             
       H -7.15868e+01 -2.02750e+01  6.65023e+01             
       O -8.60401e+01 -2.40496e+01  4.77558e+01             
       H -8.55509e+01 -2.48998e+01  6.00574e+01             
       H -8.14543e+01 -3.95299e+01  5.04715e+01             
       O -6.72409e+01 -2.32561e+01  6.71110e+01             
       H -6.69187e+01 -2.40410e+01  6.76308e+01             
       H -6.64634e+01 -2.27383e+01  6.69548e+01             
       O -7.31070e+01 -2.30103e+01  5.30688e+01             
       H -7.22606e+01 -2.32159e+01  5.25972e+01             
       H -7.29779e+01 -2.20898e+01  5.33311e+01             
       O -9.00756e+01 -1.74210e+01  6.40185e+01             
       H -8.91957e+01 -1.71743e+01  6.36074e+01             
       H -8.99556e+01 -1.81321e+01  6.46559e+01             
       O -6.84996e+01 -2.48058e+01  5.26549e+01             
       H -6.76958e+01 -2.50945e+01  5.21553e+01             
       H -6.80660e+01 -2.43150e+01  5.33850e+01             
       O -8.40006e+01 -1.67961e+01  3.38776e+01             
       H -8.33309e+01 -1.63721e+01  3.32950e+01             
       H -8.37054e+01 -1.69245e+01  3.48399e+01             
       O -7.18242e+01 -2.61621e+01  2.60247e+01             
       H -5.14013e+01 -1.19249e+01  4.58163e+01             
       H -7.11402e+01 -2.67777e+01  2.63970e+01             
       O -8.01063e+01 -2.06077e+01  5.81091e+01             
       H -7.93430e+01 -2.10961e+01  5.85188e+01             
       H -7.97717e+01 -1.98429e+01  5.75918e+01             
       O -8.17311e+01 -1.90802e+01  7.43034e+01             
       H -8.07547e+01 -1.89223e+01  7.44376e+01             
       H -8.18856e+01 -1.97031e+01  7.50747e+01             
