192                                                         
# CELL(abcABC):   12.41850    12.41850    12.41850    90.00000    90.00000    90.00000  Step:           0  Bead:       0 x_centroid{angstrom}  cell{angstrom}   
       O -7.63957e+01 -9.88593e+00  7.07004e+01             
       H -7.60602e+01 -1.01032e+01  6.97924e+01             
       H -7.56590e+01 -1.02790e+01  7.12737e+01             
       O -6.23741e+01 -5.86325e+00  5.60587e+01             
       H -6.55272e+01 -1.81618e+01  5.29264e+01             
       H -6.17697e+01 -5.33728e+00  5.65985e+01             
       O -6.77615e+01 -2.68279e+01  5.03894e+01             
       H -6.73342e+01 -1.40179e+01  5.12240e+01             
       H -6.70419e+01 -2.73920e+01  4.99922e+01             
       O -6.08874e+01 -2.05806e+01  5.53673e+01             
       H -6.04087e+01 -2.11421e+01  5.60091e+01             
       H -6.01906e+01 -1.99476e+01  5.51516e+01             
       O -5.34806e+01 -2.10413e+01  4.77992e+01             
       H -5.26144e+01 -2.05888e+01  4.80134e+01             
       H -5.31914e+01 -2.18636e+01  4.73788e+01             
       O -5.75523e+01 -1.91533e+01  6.27021e+01             
       H -5.70181e+01 -1.96699e+01  6.20970e+01             
       H -5.71040e+01 -1.83488e+01  6.29772e+01             
       O -6.36052e+01 -1.97516e+01  3.64574e+01             
       H -6.29065e+01 -1.96578e+01  3.57955e+01             
       H -5.36665e+01  2.88872e+00  5.14313e+01             
       O -4.59789e+01 -1.87077e+01  6.71411e+01             
       H -4.58230e+01 -1.78738e+01  6.67723e+01             
       H -4.51393e+01 -3.15348e+01  6.71910e+01             
       O -7.06775e+01 -9.37382e+00  4.13557e+01             
       H -7.05932e+01 -9.09781e+00  4.22592e+01             
       H -6.97538e+01 -9.79649e+00  4.10697e+01             
       O -7.03496e+01 -2.22632e+01  4.89184e+01             
       H -6.99776e+01 -2.30085e+01  4.84734e+01             
       H -6.95342e+01 -2.18076e+01  4.92687e+01             
       O -6.95931e+01 -6.44652e+00  5.77407e+01             
       H -6.88514e+01 -6.63443e+00  5.83320e+01             
       H -6.91413e+01 -6.39707e+00  5.69283e+01             
       O -6.58314e+01 -1.15536e+01  4.72338e+01             
       H -6.52302e+01 -1.11201e+01  4.65297e+01             
       H -5.53664e+01 -1.02120e+01  4.48778e+01             
       O -6.18929e+01 -3.15012e+01  4.07893e+01             
       H -6.19754e+01 -3.06215e+01  4.04763e+01             
       H -5.86847e+01 -2.62655e+01  6.12635e+01             
       O -7.19144e+01 -1.77652e+01  4.91431e+01             
       H -7.12272e+01 -1.83345e+01  4.95885e+01             
       H -7.14298e+01 -1.71486e+01  4.86096e+01             
       O -5.74079e+01 -2.46101e+01  5.88762e+01             
       H -5.70173e+01 -2.37216e+01  5.85736e+01             
       H -5.66231e+01 -2.51644e+01  5.85909e+01             
       O -6.44313e+01 -7.24132e+00  5.72611e+01             
       H -6.36092e+01 -6.69698e+00  5.69371e+01             
       H -6.42480e+01 -8.10918e+00  5.76834e+01             
       O -6.40103e+01 -8.36525e+00  4.08185e+01             
       H -6.32492e+01 -2.01496e+01  4.07413e+01             
       H -6.36215e+01 -9.22614e+00  4.08473e+01             
       O -6.32803e+01 -2.38240e+01  4.37238e+01             
       H -6.28996e+01 -2.34999e+01  4.28873e+01             
       H -6.26899e+01 -2.45304e+01  4.40572e+01             
       O -7.26410e+01 -1.21740e+01  5.28425e+01             
       H -7.22421e+01 -1.16377e+01  5.21329e+01             
       H -7.19084e+01 -1.22739e+01  5.35039e+01             
       O -6.50709e+01  7.86923e+00  4.57907e+01             
       H -4.81806e+01 -1.69746e+01  5.03445e+01             
       H -6.43274e+01  8.40406e+00  4.61914e+01             
       O -5.83595e+01 -1.65553e+01  5.81215e+01             
       H -6.15257e+01 -2.21191e+01  5.43626e+01             
       H -7.03382e+01 -1.74357e+01  5.81055e+01             
       O -5.78406e+01 -2.85700e+01  5.35268e+01             
       H -5.71707e+01 -2.89380e+01  5.28392e+01             
       H -5.73132e+01 -2.83557e+01  5.42793e+01             
       O -6.58338e+01 -2.07158e+01  5.50418e+01             
       H -6.53269e+01 -2.01934e+01  5.57445e+01             
       H -6.52150e+01 -2.07396e+01  5.41697e+01             
       O -6.41610e+01 -4.17653e+01  5.41847e+01             
       H -6.35313e+01 -4.23315e+01  5.47086e+01             
       H -6.37435e+01 -4.08830e+01  6.66987e+01             
       O -6.57373e+01 -3.17631e+00  4.90960e+01             
       H -6.52058e+01 -2.36459e+00  4.88949e+01             
       H -6.49959e+01 -3.76376e+00  4.94299e+01             
       O -5.56331e+01 -1.91704e+01  5.50559e+01             
       H -5.49821e+01 -1.84626e+01  5.52284e+01             
       H -5.50539e+01 -1.99285e+01  5.48432e+01             
       O -6.37141e+01 -2.56891e+01  6.50204e+01             
       H -6.30782e+01 -2.58628e+01  6.57669e+01             
       H -6.32952e+01 -2.60805e+01  6.42693e+01             
       O -7.96767e+01 -1.95684e+01  4.60423e+01             
       H -7.91537e+01 -1.99441e+01  4.67437e+01             
       H -7.90854e+01 -1.92948e+01  4.53888e+01             
       O -6.16522e+01 -1.79117e+00  6.16314e+01             
       H -6.14724e+01 -2.56926e+00  6.21871e+01             
       H -6.07215e+01 -1.41930e+00  6.15075e+01             
       O -6.40887e+01 -1.29916e+01  4.92511e+01             
       H -6.32753e+01 -1.35818e+01  4.92266e+01             
       H -6.38515e+01 -1.21793e+01  3.72946e+01             
       O -5.84063e+01 -1.20933e+01  2.99246e+01             
       H -5.75403e+01 -1.22846e+01  2.95815e+01             
       H -7.08532e+01 -1.11336e+01  2.98140e+01             
       O -4.94986e+01 -1.35265e+01  3.22431e+01             
       H -4.98336e+01 -1.40705e+01  3.30170e+01             
       H -4.85591e+01 -1.34281e+01  3.24428e+01             
       O -6.43937e+01 -2.29923e+01  3.86700e+01             
       H -6.42410e+01 -2.35105e+01  3.94670e+01             
       H -6.35839e+01 -2.24374e+01  5.11366e+01             
       O -5.77650e+01 -1.52943e+01  3.57754e+01             
       H -6.60470e+01 -9.98261e+00  4.33721e+01             
       H -5.76717e+01 -1.55405e+01  3.48624e+01             
       O -5.95848e+01 -2.54439e+01  5.77455e+01             
       H -5.89169e+01 -2.51055e+01  5.84075e+01             
       H -5.90578e+01 -2.51599e+01  5.69786e+01             
       O -5.00742e+01 -1.46139e+01  4.22126e+01             
       H -4.92964e+01 -1.50693e+01  4.19078e+01             
       H -5.00010e+01 -1.43192e+01  4.31226e+01             
       O -5.37951e+01 -2.64581e+01  5.29432e+01             
       H -5.28636e+01 -2.62390e+01  5.28512e+01             
       H -5.39125e+01 -2.72431e+01  5.34912e+01             
       O -5.96786e+01 -8.87011e+00  5.94635e+01             
       H -5.91961e+01 -8.96759e+00  5.85764e+01             
       H -5.90134e+01 -9.04379e+00  6.01381e+01             
       O -5.02294e+01  9.47102e+00  7.15729e+01             
       H -4.94303e+01  8.97456e+00  7.11774e+01             
       H -4.97905e+01  9.97704e+00  7.23145e+01             
       O -5.92554e+01 -2.54707e+01  6.14235e+01             
       H -6.31991e+01 -2.03942e+01  3.70447e+01             
       H -5.85765e+01 -2.48697e+01  6.18522e+01             
       O -6.58154e+01 -1.82792e+01  5.19620e+01             
       H -5.68572e+01 -1.52852e+01  3.61475e+01             
       H -6.51279e+01 -1.78938e+01  5.13621e+01             
       O -5.61755e+01 -9.86247e+00  4.52896e+01             
       H -6.48172e+01 -5.48320e+00  4.58162e+01             
       H -5.58763e+01 -9.21710e+00  4.58708e+01             
       O -5.53366e+01 -2.46199e+01  5.41120e+01             
       H -6.71266e+01 -2.51929e+01  6.60518e+01             
       H -4.93994e+01 -6.52163e+00  5.55941e+01             
       O -9.24651e+01 -1.35814e+01  5.81937e+01             
       H -9.18359e+01 -1.30706e+01  5.86699e+01             
       H -9.25231e+01 -1.43863e+01  5.87480e+01             
       O -6.13217e+01 -2.90477e+01  5.09363e+01             
       H -6.08455e+01 -2.86326e+01  5.16921e+01             
       H -5.79718e+01 -1.60752e+01  5.73978e+01             
       O -6.63133e+01 -1.08560e+01  4.38060e+01             
       H -6.54735e+01 -1.11470e+01  4.40376e+01             
       H -7.36282e+01 -2.23663e+01  2.21862e+01             
       O -7.08831e+01 -2.12041e+01  4.45375e+01             
       H -7.05722e+01 -2.02286e+01  4.46949e+01             
       H -7.00487e+01 -2.16885e+01  4.45208e+01             
       O -5.62461e+01 -2.27943e+01  4.01295e+01             
       H -5.56810e+01 -2.34636e+01  4.07222e+01             
       H -5.56389e+01 -2.21557e+01  3.97161e+01             
       O -4.44765e+01 -2.45904e+01  5.02584e+01             
       H -4.38467e+01 -1.28886e+01  5.01813e+01             
       H -4.42065e+01 -2.39788e+01  5.10370e+01             
       O -6.22226e+01 -8.93383e+00  5.07860e+01             
       H -4.90505e+01 -9.53024e+00  5.05232e+01             
       H -6.17685e+01 -8.38169e+00  5.14448e+01             
       O -5.43174e+01  3.58702e+00  5.16090e+01             
       H -6.09534e+01 -3.17066e+01  4.05427e+01             
       H -6.52676e+01  3.20586e-01  4.78506e+01             
       O -6.75203e+01 -1.61007e+01  4.70225e+01             
       H -6.69317e+01 -1.64854e+01  4.63773e+01             
       H -6.68878e+01 -1.60807e+01  4.77272e+01             
       O -6.38942e+01 -4.90657e+00  3.75799e+01             
       H -6.31100e+01 -1.70851e+01  3.80428e+01             
       H -6.36779e+01 -5.79187e+00  3.71604e+01             
       O -7.21098e+01 -2.02536e+01  5.21084e+01             
       H -7.15694e+01 -1.97957e+01  5.14738e+01             
       H -7.15384e+01 -2.06910e+01  5.28047e+01             
       O -6.09871e+01 -1.70530e+01  5.80958e+01             
       H -6.00486e+01 -1.69354e+01  5.78986e+01             
       H -6.10526e+01 -1.79128e+01  5.86001e+01             
       O -7.44645e+01 -2.28251e+01  4.15020e+01             
       H -7.38552e+01 -2.33756e+01  5.34203e+01             
       H -6.71835e+01 -3.66505e+01  4.24276e+01             
       O -5.58196e+01 -2.08756e+01  6.18465e+01             
       H -5.52940e+01 -2.10325e+01  6.26289e+01             
       H -5.51599e+01 -2.08351e+01  6.11340e+01             
       O -6.11006e+01 -1.92042e+01  4.75042e+01             
       H -6.05035e+01 -1.87061e+01  4.81261e+01             
       H -6.05400e+01 -1.99019e+01  4.72192e+01             
       O -7.86281e+01 -1.71995e+01  5.57050e+01             
       H -7.79340e+01 -1.70663e+01  5.50229e+01             
       H -7.82995e+01 -1.70721e+01  5.66007e+01             
       O -6.01712e+01 -2.29754e+01  5.03978e+01             
       H -5.92414e+01 -2.26719e+01  5.02921e+01             
       H -6.02282e+01 -2.36860e+01  4.97187e+01             
       O -7.27907e+01 -1.50778e+01  2.80590e+01             
       H -7.28109e+01 -1.41378e+01  2.78813e+01             
       H -7.18976e+01 -1.53920e+01  2.82648e+01             
       O -6.17549e+01 -2.31525e+01  2.22528e+01             
       H -4.14672e+01 -7.98199e+00  3.90473e+01             
       H -6.13343e+01 -2.39122e+01  2.18857e+01             
       O -6.83989e+01 -1.70049e+01  5.14733e+01             
       H -6.76035e+01 -1.75329e+01  5.16088e+01             
       H -6.81425e+01 -1.61648e+01  5.10643e+01             
       O -6.86463e+01 -1.57951e+01  6.85200e+01             
       H -6.78673e+01 -1.63390e+01  6.83944e+01             
       H -6.82789e+01 -1.48976e+01  6.84889e+01             
192                                                         
# CELL(abcABC):   12.41850    12.41850    12.41850    90.00000    90.00000    90.00000  Step:      200000  Bead:       0 x_centroid{angstrom}  cell{angstrom}   
       O -8.91436e+01 -1.40608e+01  7.76856e+01             
       H -8.89598e+01 -1.45880e+01  7.68969e+01             
       H -8.82664e+01 -1.38766e+01  7.81561e+01             
       O -7.47136e+01 -1.05500e+01  6.31843e+01             
       H -7.84551e+01 -2.04517e+01  5.81842e+01             
       H -7.45259e+01 -9.65662e+00  6.34939e+01             
       O -8.12431e+01 -2.90920e+01  5.83204e+01             
       H -8.07316e+01 -1.68935e+01  5.91486e+01             
       H -8.06589e+01 -2.97281e+01  5.77717e+01             
       O -7.23464e+01 -2.43583e+01  6.26674e+01             
       H -7.17508e+01 -2.47051e+01  6.33213e+01             
       H -7.17087e+01 -2.38901e+01  6.20144e+01             
       O -6.63199e+01 -2.39401e+01  5.58464e+01             
       H -6.58149e+01 -2.42629e+01  5.66118e+01             
       H -6.55376e+01 -2.37591e+01  5.51853e+01             
       O -7.04693e+01 -2.29189e+01  6.97405e+01             
       H -6.97602e+01 -2.34209e+01  6.92624e+01             
       H -6.98711e+01 -2.24302e+01  7.03451e+01             
       O -7.60763e+01 -2.28430e+01  4.30662e+01             
       H -7.52761e+01 -2.25720e+01  4.25764e+01             
       H -6.52765e+01 -1.48895e+00  5.78818e+01             
       O -5.84764e+01 -2.33476e+01  7.29627e+01             
       H -5.83667e+01 -2.24370e+01  7.30656e+01             
       H -5.76315e+01 -3.63090e+01  7.30061e+01             
       O -8.11662e+01 -1.26722e+01  4.80179e+01             
       H -8.03718e+01 -1.28420e+01  4.84813e+01             
       H -8.10158e+01 -1.31556e+01  4.71721e+01             
       O -8.35794e+01 -2.56347e+01  5.54077e+01             
       H -8.32315e+01 -2.64767e+01  5.49847e+01             
       H -8.27067e+01 -2.52014e+01  5.56861e+01             
       O -8.13056e+01 -1.01694e+01  6.43191e+01             
       H -8.04513e+01 -9.84137e+00  6.46869e+01             
       H -8.08924e+01 -1.01911e+01  6.34221e+01             
       O -7.88009e+01 -1.54154e+01  5.37684e+01             
       H -7.80806e+01 -1.48036e+01  5.34259e+01             
       H -6.77162e+01 -1.37606e+01  5.16197e+01             
       O -7.51667e+01 -3.49596e+01  4.58145e+01             
       H -7.48863e+01 -3.39743e+01  4.56798e+01             
       H -7.22142e+01 -3.06456e+01  6.73162e+01             
       O -8.47025e+01 -2.10415e+01  5.59451e+01             
       H -8.40641e+01 -2.16850e+01  5.63859e+01             
       H -8.40188e+01 -2.04614e+01  5.53994e+01             
       O -7.03817e+01 -2.77765e+01  6.61396e+01             
       H -6.97617e+01 -2.72769e+01  6.55406e+01             
       H -6.98800e+01 -2.85200e+01  6.65610e+01             
       O -7.70927e+01 -1.14448e+01  6.39944e+01             
       H -7.60629e+01 -1.11813e+01  6.38246e+01             
       H -7.70053e+01 -1.23570e+01  6.44095e+01             
       O -7.65402e+01 -1.18046e+01  4.74573e+01             
       H -7.60023e+01 -2.35027e+01  4.70298e+01             
       H -7.57635e+01 -1.22105e+01  4.79897e+01             
       O -7.60128e+01 -2.74266e+01  4.98387e+01             
       H -7.55535e+01 -2.65899e+01  4.97538e+01             
       H -7.54148e+01 -2.80708e+01  5.03648e+01             
       O -8.52936e+01 -1.57050e+01  6.12372e+01             
       H -8.51230e+01 -1.63894e+01  6.05728e+01             
       H -8.43948e+01 -1.51933e+01  6.15077e+01             
       O -7.79544e+01  5.13178e+00  5.11298e+01             
       H -6.12409e+01 -2.02626e+01  5.69760e+01             
       H -7.69111e+01  5.34783e+00  5.10782e+01             
       O -7.08740e+01 -2.03439e+01  6.39899e+01             
       H -7.36408e+01 -2.51331e+01  6.18538e+01             
       H -8.27421e+01 -2.11175e+01  6.42101e+01             
       O -7.09795e+01 -3.24085e+01  6.03525e+01             
       H -7.03132e+01 -3.27016e+01  5.97127e+01             
       H -7.05128e+01 -3.20007e+01  6.11419e+01             
       O -7.83783e+01 -2.36360e+01  6.18259e+01             
       H -7.79974e+01 -2.36875e+01  6.27025e+01             
       H -7.76418e+01 -2.36100e+01  6.11079e+01             
       O -7.73196e+01 -4.55580e+01  5.94683e+01             
       H -7.68390e+01 -4.63168e+01  5.91079e+01             
       H -7.65765e+01 -4.48989e+01  7.21323e+01             
       O -7.99315e+01 -5.68023e+00  5.66657e+01             
       H -7.90626e+01 -5.10246e+00  5.65319e+01             
       H -7.95799e+01 -6.55621e+00  5.69941e+01             
       O -6.82085e+01 -2.21515e+01  6.18137e+01             
       H -6.76480e+01 -2.13658e+01  6.20447e+01             
       H -6.74852e+01 -2.28257e+01  6.15743e+01             
       O -7.67718e+01 -2.89451e+01  7.26399e+01             
       H -7.65247e+01 -2.82817e+01  7.33305e+01             
       H -7.62225e+01 -2.97339e+01  7.26992e+01             
       O -9.11577e+01 -2.19838e+01  5.26040e+01             
       H -9.08072e+01 -2.14218e+01  5.34206e+01             
       H -9.05506e+01 -2.27707e+01  5.23637e+01             
       O -7.55061e+01 -5.83446e+00  6.78285e+01             
       H -7.51056e+01 -6.32567e+00  6.86169e+01             
       H -7.47240e+01 -5.41235e+00  6.74091e+01             
       O -7.77926e+01 -1.66318e+01  5.60159e+01             
       H -7.70217e+01 -1.71983e+01  5.57402e+01             
       H -7.74105e+01 -1.60362e+01  4.42776e+01             
       O -7.08740e+01 -1.44036e+01  3.73379e+01             
       H -7.00138e+01 -1.49815e+01  3.75441e+01             
       H -8.29329e+01 -1.36213e+01  3.68422e+01             
       O -6.17612e+01 -1.66925e+01  3.85996e+01             
       H -6.12580e+01 -1.66282e+01  3.94630e+01             
       H -6.10667e+01 -1.64088e+01  3.78836e+01             
       O -7.67828e+01 -2.74841e+01  4.53822e+01             
       H -7.65479e+01 -2.78749e+01  4.62548e+01             
       H -7.58993e+01 -2.70799e+01  5.72733e+01             
       O -7.09061e+01 -1.93578e+01  4.19267e+01             
       H -7.85047e+01 -1.30757e+01  5.00670e+01             
       H -7.09308e+01 -1.96789e+01  4.10074e+01             
       O -7.28445e+01 -2.85226e+01  6.56170e+01             
       H -7.28450e+01 -2.91026e+01  6.64279e+01             
       H -7.19399e+01 -2.81935e+01  6.56723e+01             
       O -6.28994e+01 -1.88784e+01  4.80587e+01             
       H -6.20815e+01 -1.87011e+01  4.75678e+01             
       H -6.26693e+01 -1.90160e+01  4.90013e+01             
       O -6.70822e+01 -2.93433e+01  6.04254e+01             
       H -6.60948e+01 -2.92133e+01  6.02905e+01             
       H -6.70691e+01 -3.03133e+01  6.06688e+01             
       O -7.25809e+01 -1.22258e+01  6.61657e+01             
       H -7.17966e+01 -1.20935e+01  6.55414e+01             
       H -7.21115e+01 -1.26710e+01  6.69260e+01             
       O -6.29929e+01  5.63727e+00  7.56998e+01             
       H -6.23625e+01  4.99266e+00  7.61969e+01             
       H -6.26306e+01  6.55042e+00  7.57740e+01             
       O -7.29352e+01 -3.00648e+01  6.77006e+01             
       H -7.59103e+01 -2.28545e+01  4.40158e+01             
       H -7.25120e+01 -2.98924e+01  6.86088e+01             
       O -7.91721e+01 -2.05607e+01  5.75053e+01             
       H -7.00497e+01 -1.88467e+01  4.20072e+01             
       H -7.86115e+01 -2.07867e+01  5.66537e+01             
       O -6.83320e+01 -1.40240e+01  5.23227e+01             
       H -7.80522e+01 -8.19220e+00  5.15265e+01             
       H -6.76764e+01 -1.44038e+01  5.30136e+01             
       O -6.89084e+01 -2.87062e+01  6.23431e+01             
       H -8.05563e+01 -2.88082e+01  7.40621e+01             
       H -6.13945e+01 -1.08943e+01  6.30483e+01             
       O -1.04550e+02 -1.74662e+01  6.46149e+01             
       H -1.04119e+02 -1.66128e+01  6.49502e+01             
       H -1.03814e+02 -1.80269e+01  6.44567e+01             
       O -7.44550e+01 -3.22754e+01  5.74735e+01             
       H -7.40305e+01 -3.16714e+01  5.81569e+01             
       H -7.02742e+01 -1.97240e+01  6.35615e+01             
       O -7.87188e+01 -1.39491e+01  5.03287e+01             
       H -7.79619e+01 -1.45128e+01  5.01483e+01             
       H -8.61488e+01 -2.57734e+01  2.88689e+01             
       O -8.28816e+01 -2.45076e+01  5.20842e+01             
       H -8.22947e+01 -2.36551e+01  5.20177e+01             
       H -8.21844e+01 -2.50831e+01  5.24427e+01             
       O -6.82376e+01 -2.62764e+01  4.56288e+01             
       H -6.83910e+01 -2.72338e+01  4.57769e+01             
       H -6.72760e+01 -2.59803e+01  4.56865e+01             
       O -5.91758e+01 -2.90674e+01  5.81937e+01             
       H -5.82243e+01 -1.68155e+01  5.80899e+01             
       H -5.93140e+01 -2.80965e+01  5.82894e+01             
       O -7.49423e+01 -1.38988e+01  5.65599e+01             
       H -6.25345e+01 -1.40964e+01  5.55390e+01             
       H -7.40585e+01 -1.41255e+01  5.69173e+01             
       O -6.58685e+01 -6.23925e-01  5.81275e+01             
       H -7.42356e+01 -3.54984e+01  4.60327e+01             
       H -7.83921e+01 -3.32341e+00  5.46140e+01             
       O -8.14079e+01 -1.76935e+01  5.44373e+01             
       H -8.07643e+01 -1.77574e+01  5.36162e+01             
       H -8.07288e+01 -1.78915e+01  5.51820e+01             
       O -7.75872e+01 -8.42767e+00  4.24261e+01             
       H -7.70281e+01 -2.01425e+01  4.21925e+01             
       H -7.70211e+01 -9.24540e+00  4.26028e+01             
       O -8.52719e+01 -2.36240e+01  5.86262e+01             
       H -8.47610e+01 -2.32841e+01  5.78242e+01             
       H -8.46119e+01 -2.36934e+01  5.94046e+01             
       O -7.37999e+01 -2.07970e+01  6.43051e+01             
       H -7.28389e+01 -2.06558e+01  6.41288e+01             
       H -7.36941e+01 -2.13683e+01  6.51508e+01             
       O -8.68096e+01 -2.54179e+01  4.88896e+01             
       H -8.63821e+01 -2.59731e+01  6.06496e+01             
       H -8.09111e+01 -4.10398e+01  5.07865e+01             
       O -6.88562e+01 -2.47459e+01  6.85415e+01             
       H -6.85916e+01 -2.54305e+01  6.92183e+01             
       H -6.80335e+01 -2.44399e+01  6.81055e+01             
       O -7.38037e+01 -2.23270e+01  5.40235e+01             
       H -7.31653e+01 -2.18438e+01  5.45398e+01             
       H -7.33724e+01 -2.32810e+01  5.39192e+01             
       O -9.18027e+01 -1.95877e+01  6.15038e+01             
       H -9.12052e+01 -1.99174e+01  6.08173e+01             
       H -9.11165e+01 -1.96044e+01  6.23698e+01             
       O -7.24796e+01 -2.64781e+01  5.76784e+01             
       H -7.26533e+01 -2.56288e+01  5.80989e+01             
       H -7.18737e+01 -2.62677e+01  5.69053e+01             
       O -8.54620e+01 -1.85826e+01  3.45278e+01             
       H -8.50496e+01 -1.77802e+01  3.40746e+01             
       H -8.46756e+01 -1.91469e+01  3.49046e+01             
       O -7.44847e+01 -2.64147e+01  2.89861e+01             
       H -5.29738e+01 -1.25552e+01  4.64120e+01             
       H -7.39502e+01 -2.72602e+01  2.87931e+01             
       O -8.12552e+01 -2.15260e+01  5.92243e+01             
       H -8.11899e+01 -2.16033e+01  6.02153e+01             
       H -8.03245e+01 -2.15925e+01  5.88513e+01             
       O -8.18886e+01 -1.89069e+01  7.46168e+01             
       H -8.10036e+01 -1.92321e+01  7.41851e+01             
       H -8.17799e+01 -1.79218e+01  7.47063e+01             
