192                                                         
# CELL(abcABC):   12.41850    12.41850    12.41850    90.00000    90.00000    90.00000  Step:           0  Bead:       0 x_centroid{angstrom}  cell{angstrom}   
       O -7.70438e+01 -9.78651e+00  7.18733e+01             
       H -7.71291e+01 -1.03253e+01  7.10862e+01             
       H -7.60820e+01 -9.73905e+00  7.20334e+01             
       O -6.34189e+01 -6.31090e+00  5.63890e+01             
       H -6.65540e+01 -1.78710e+01  5.37857e+01             
       H -6.29063e+01 -5.64306e+00  5.68670e+01             
       O -6.88186e+01 -2.58511e+01  5.08569e+01             
       H -6.81242e+01 -1.39023e+01  5.13927e+01             
       H -6.84263e+01 -2.56336e+01  4.99458e+01             
       O -6.14560e+01 -2.06746e+01  5.60403e+01             
       H -6.14896e+01 -2.12351e+01  5.68559e+01             
       H -6.04964e+01 -2.07850e+01  5.59326e+01             
       O -5.45022e+01 -2.04190e+01  4.91549e+01             
       H -5.37272e+01 -1.99705e+01  4.94589e+01             
       H -5.42421e+01 -2.13149e+01  4.90723e+01             
       O -5.86265e+01 -1.96049e+01  6.39496e+01             
       H -5.80141e+01 -2.02676e+01  6.36067e+01             
       H -5.80907e+01 -1.89739e+01  6.45419e+01             
       O -6.40494e+01 -1.97504e+01  3.71695e+01             
       H -6.37811e+01 -1.93225e+01  3.63364e+01             
       H -5.30254e+01  1.33455e+00  5.29069e+01             
       O -4.92123e+01 -1.63267e+01  6.67460e+01             
       H -4.93360e+01 -1.71671e+01  6.63439e+01             
       H -4.83023e+01 -2.88855e+01  6.72127e+01             
       O -7.15050e+01 -1.12415e+01  4.04132e+01             
       H -7.13827e+01 -1.15404e+01  4.13340e+01             
       H -7.06899e+01 -1.08107e+01  4.03000e+01             
       O -7.11613e+01 -2.25597e+01  4.87137e+01             
       H -7.05932e+01 -2.31988e+01  4.81497e+01             
       H -7.05083e+01 -2.22818e+01  4.93981e+01             
       O -7.01085e+01 -6.62215e+00  5.93456e+01             
       H -6.93369e+01 -7.02726e+00  5.88787e+01             
       H -6.97283e+01 -6.63418e+00  6.02782e+01             
       O -6.59588e+01 -1.05242e+01  4.93883e+01             
       H -6.53867e+01 -1.04170e+01  4.85746e+01             
       H -5.60384e+01 -1.05978e+01  4.40371e+01             
       O -6.26991e+01 -3.10806e+01  4.07469e+01             
       H -6.26826e+01 -3.06368e+01  3.98858e+01             
       H -5.83439e+01 -2.57496e+01  5.91107e+01             
       O -7.20089e+01 -1.74709e+01  4.95384e+01             
       H -7.19432e+01 -1.80460e+01  5.03223e+01             
       H -7.11354e+01 -1.69999e+01  4.94970e+01             
       O -5.73858e+01 -2.42536e+01  5.95826e+01             
       H -5.70795e+01 -2.37764e+01  5.87583e+01             
       H -5.65125e+01 -2.45411e+01  6.01650e+01             
       O -6.52024e+01 -7.39479e+00  5.82209e+01             
       H -6.44658e+01 -7.22212e+00  5.75950e+01             
       H -6.48942e+01 -8.24431e+00  5.87131e+01             
       O -6.46636e+01 -8.41673e+00  4.15036e+01             
       H -6.42263e+01 -2.01281e+01  4.10302e+01             
       H -6.39973e+01 -9.10649e+00  4.18371e+01             
       O -6.46179e+01 -2.39549e+01  4.46172e+01             
       H -6.39560e+01 -2.34695e+01  4.39839e+01             
       H -6.41505e+01 -2.48641e+01  4.47366e+01             
       O -7.43387e+01 -1.20838e+01  5.27657e+01             
       H -7.36148e+01 -1.17632e+01  5.21674e+01             
       H -7.42046e+01 -1.30162e+01  5.27917e+01             
       O -6.59881e+01  7.28698e+00  4.66270e+01             
       H -5.00418e+01 -1.73130e+01  5.00288e+01             
       H -6.51218e+01  7.67217e+00  4.66796e+01             
       O -5.89159e+01 -1.65815e+01  5.82060e+01             
       H -6.21124e+01 -2.21650e+01  5.49730e+01             
       H -7.08438e+01 -1.71825e+01  5.88361e+01             
       O -5.90724e+01 -2.87286e+01  5.46969e+01             
       H -5.86867e+01 -2.90058e+01  5.39067e+01             
       H -5.83414e+01 -2.86943e+01  5.53378e+01             
       O -6.67173e+01 -2.05720e+01  5.55802e+01             
       H -6.63816e+01 -2.13607e+01  5.60436e+01             
       H -6.60965e+01 -2.05029e+01  5.48379e+01             
       O -6.55081e+01 -4.23865e+01  5.52734e+01             
       H -6.47812e+01 -4.29798e+01  5.56984e+01             
       H -6.49483e+01 -4.15807e+01  6.74787e+01             
       O -6.60757e+01 -1.68584e+00  4.75900e+01             
       H -6.52693e+01 -1.37389e+00  4.79728e+01             
       H -6.61246e+01 -2.63201e+00  4.77547e+01             
       O -5.68754e+01 -1.96720e+01  5.56531e+01             
       H -5.66977e+01 -1.89578e+01  5.62649e+01             
       H -5.59664e+01 -1.99308e+01  5.53810e+01             
       O -6.47073e+01 -2.62393e+01  6.45306e+01             
       H -6.42662e+01 -2.67438e+01  6.52490e+01             
       H -6.43217e+01 -2.65591e+01  6.37600e+01             
       O -8.02870e+01 -2.06474e+01  4.61069e+01             
       H -8.00060e+01 -2.08196e+01  4.70206e+01             
       H -7.94904e+01 -2.04386e+01  4.55625e+01             
       O -6.10696e+01 -2.69542e+00  6.07890e+01             
       H -6.04945e+01 -3.32804e+00  6.12260e+01             
       H -6.04380e+01 -2.12305e+00  6.03180e+01             
       O -6.34263e+01 -1.30313e+01  4.88978e+01             
       H -6.27161e+01 -1.36870e+01  4.89950e+01             
       H -6.28631e+01 -1.22743e+01  3.64266e+01             
       O -5.86770e+01 -1.30513e+01  3.03147e+01             
       H -5.77051e+01 -1.31714e+01  3.04106e+01             
       H -7.14369e+01 -1.38426e+01  2.98982e+01             
       O -5.10416e+01 -1.38907e+01  3.22361e+01             
       H -5.12177e+01 -1.43971e+01  3.30652e+01             
       H -5.00367e+01 -1.37091e+01  3.22194e+01             
       O -6.42354e+01 -2.33241e+01  3.88411e+01             
       H -6.39786e+01 -2.42301e+01  3.88819e+01             
       H -6.34806e+01 -2.27221e+01  5.14458e+01             
       O -5.73257e+01 -1.61649e+01  3.73223e+01             
       H -6.65082e+01 -1.09755e+01  4.24612e+01             
       H -5.64806e+01 -1.64247e+01  3.69545e+01             
       O -6.08329e+01 -2.52564e+01  5.72364e+01             
       H -6.02065e+01 -2.56097e+01  5.80197e+01             
       H -6.01847e+01 -2.52277e+01  5.65648e+01             
       O -5.15946e+01 -1.52715e+01  4.20826e+01             
       H -5.06315e+01 -1.56133e+01  4.20484e+01             
       H -5.15406e+01 -1.46617e+01  4.28408e+01             
       O -5.48314e+01 -2.71423e+01  5.26461e+01             
       H -5.39541e+01 -2.67463e+01  5.24554e+01             
       H -5.47649e+01 -2.80455e+01  5.28236e+01             
       O -5.98129e+01 -8.26161e+00  5.96581e+01             
       H -5.90972e+01 -7.61916e+00  5.92424e+01             
       H -5.93422e+01 -8.87869e+00  6.02671e+01             
       O -5.11055e+01  8.73140e+00  7.16449e+01             
       H -5.05337e+01  8.33083e+00  7.09035e+01             
       H -5.04941e+01  8.99737e+00  7.23713e+01             
       O -5.91228e+01 -2.62620e+01  5.90289e+01             
       H -6.32817e+01 -2.01867e+01  3.75817e+01             
       H -5.89809e+01 -2.72140e+01  5.88060e+01             
       O -6.70828e+01 -1.78470e+01  5.29650e+01             
       H -5.71985e+01 -1.53340e+01  3.76877e+01             
       H -6.63579e+01 -1.78222e+01  5.23062e+01             
       O -5.67396e+01 -1.03462e+01  4.47161e+01             
       H -6.57858e+01 -6.09917e+00  4.66706e+01             
       H -5.62995e+01 -9.61800e+00  4.51449e+01             
       O -5.61275e+01 -2.58535e+01  5.54965e+01             
       H -6.81938e+01 -2.63974e+01  6.71228e+01             
       H -5.03257e+01 -6.92021e+00  5.60541e+01             
       O -9.25891e+01 -1.24787e+01  6.10540e+01             
       H -9.19682e+01 -1.17471e+01  6.13509e+01             
       H -9.19128e+01 -1.31689e+01  6.06555e+01             
       O -6.27565e+01 -2.92635e+01  5.08286e+01             
       H -6.20992e+01 -2.85787e+01  5.10240e+01             
       H -5.81929e+01 -1.63032e+01  5.75582e+01             
       O -6.69453e+01 -1.13487e+01  4.32870e+01             
       H -6.60975e+01 -1.14808e+01  4.38014e+01             
       H -7.38437e+01 -2.29423e+01  2.09635e+01             
       O -7.14178e+01 -2.14638e+01  4.30825e+01             
       H -7.07285e+01 -2.07471e+01  4.30661e+01             
       H -7.10051e+01 -2.21610e+01  4.35670e+01             
       O -5.62378e+01 -2.31941e+01  4.00233e+01             
       H -5.61853e+01 -2.40976e+01  3.96753e+01             
       H -5.53624e+01 -2.29744e+01  4.03413e+01             
       O -4.67738e+01 -2.56046e+01  5.12309e+01             
       H -4.58279e+01 -1.34376e+01  5.11456e+01             
       H -4.67207e+01 -2.50430e+01  5.19806e+01             
       O -6.20925e+01 -9.07980e+00  5.11672e+01             
       H -4.90516e+01 -9.72791e+00  5.07474e+01             
       H -6.16201e+01 -8.66245e+00  5.18604e+01             
       O -5.36329e+01  1.86821e+00  5.33923e+01             
       H -6.18764e+01 -3.15919e+01  4.07540e+01             
       H -6.53191e+01  1.79729e+00  5.00786e+01             
       O -6.71764e+01 -1.66224e+01  4.89780e+01             
       H -6.68803e+01 -1.70978e+01  4.81884e+01             
       H -6.65613e+01 -1.68579e+01  4.96750e+01             
       O -6.52840e+01 -5.10821e+00  3.83430e+01             
       H -6.46139e+01 -1.67978e+01  3.83070e+01             
       H -6.46408e+01 -5.85569e+00  3.81708e+01             
       O -7.30754e+01 -2.05173e+01  5.30328e+01             
       H -7.23158e+01 -2.03077e+01  5.23837e+01             
       H -7.25490e+01 -2.09694e+01  5.37570e+01             
       O -6.16952e+01 -1.74316e+01  5.80142e+01             
       H -6.08452e+01 -1.70642e+01  5.77412e+01             
       H -6.15623e+01 -1.80047e+01  5.88416e+01             
       O -7.52586e+01 -2.28123e+01  4.24620e+01             
       H -7.49971e+01 -2.34194e+01  5.41928e+01             
       H -6.80098e+01 -3.74208e+01  4.31726e+01             
       O -5.69244e+01 -2.13938e+01  6.30028e+01             
       H -5.66322e+01 -2.20347e+01  6.36997e+01             
       H -5.61589e+01 -2.10851e+01  6.24757e+01             
       O -6.15865e+01 -1.86845e+01  4.81492e+01             
       H -6.07830e+01 -1.82143e+01  4.84489e+01             
       H -6.12226e+01 -1.95578e+01  4.80100e+01             
       O -8.01337e+01 -1.77241e+01  5.68509e+01             
       H -7.93327e+01 -1.76102e+01  5.62166e+01             
       H -7.96978e+01 -1.75458e+01  5.77269e+01             
       O -6.09092e+01 -2.40496e+01  4.97365e+01             
       H -6.01941e+01 -2.34815e+01  4.93321e+01             
       H -6.03794e+01 -2.48086e+01  5.00506e+01             
       O -7.36602e+01 -1.49997e+01  2.71828e+01             
       H -7.28037e+01 -1.47137e+01  2.68377e+01             
       H -7.34492e+01 -1.55650e+01  2.79421e+01             
       O -6.19283e+01 -2.21097e+01  2.11361e+01             
       H -4.08819e+01 -9.64656e+00  4.07531e+01             
       H -6.12719e+01 -2.15405e+01  2.15915e+01             
       O -6.97502e+01 -1.80137e+01  5.32818e+01             
       H -6.98366e+01 -1.87706e+01  5.38800e+01             
       H -6.87733e+01 -1.80766e+01  5.30772e+01             
       O -6.94294e+01 -1.59257e+01  6.87915e+01             
       H -6.87167e+01 -1.66389e+01  6.89257e+01             
       H -6.89355e+01 -1.50664e+01  6.87966e+01             
192                                                         
# CELL(abcABC):   12.41850    12.41850    12.41850    90.00000    90.00000    90.00000  Step:      200000  Bead:       0 x_centroid{angstrom}  cell{angstrom}   
       O -9.03544e+01 -1.59211e+01  7.74158e+01             
       H -8.95504e+01 -1.62513e+01  7.69632e+01             
       H -9.01083e+01 -1.50005e+01  7.76221e+01             
       O -7.61244e+01 -1.04477e+01  6.28526e+01             
       H -7.91361e+01 -2.03416e+01  6.09939e+01             
       H -7.55263e+01 -9.90142e+00  6.34513e+01             
       O -8.28477e+01 -3.10120e+01  5.78693e+01             
       H -8.21021e+01 -1.84250e+01  5.86149e+01             
       H -8.22615e+01 -3.08861e+01  5.70701e+01             
       O -7.44360e+01 -2.48779e+01  6.18654e+01             
       H -7.39838e+01 -2.50642e+01  6.26838e+01             
       H -7.37321e+01 -2.46737e+01  6.12186e+01             
       O -6.43004e+01 -2.39758e+01  5.45355e+01             
       H -6.37176e+01 -2.44901e+01  5.39832e+01             
       H -6.37081e+01 -2.35920e+01  5.52584e+01             
       O -7.07511e+01 -2.30426e+01  7.10408e+01             
       H -7.02495e+01 -2.34792e+01  7.02894e+01             
       H -7.00169e+01 -2.27879e+01  7.16917e+01             
       O -7.50506e+01 -2.28259e+01  4.38775e+01             
       H -7.43693e+01 -2.21579e+01  4.36269e+01             
       H -6.67273e+01 -4.80523e-01  5.65139e+01             
       O -6.13443e+01 -2.10100e+01  7.20845e+01             
       H -6.07196e+01 -2.09025e+01  7.12908e+01             
       H -6.08742e+01 -3.37891e+01  7.28480e+01             
       O -8.33206e+01 -1.47133e+01  4.86544e+01             
       H -8.32570e+01 -1.42699e+01  4.94943e+01             
       H -8.24099e+01 -1.45923e+01  4.81874e+01             
       O -8.22300e+01 -2.70936e+01  5.67432e+01             
       H -8.14920e+01 -2.71844e+01  5.60529e+01             
       H -8.19209e+01 -2.69400e+01  5.76547e+01             
       O -8.29148e+01 -1.15432e+01  6.65446e+01             
       H -8.22695e+01 -1.15912e+01  6.58171e+01             
       H -8.23640e+01 -1.13666e+01  6.73233e+01             
       O -7.79939e+01 -1.39026e+01  5.51332e+01             
       H -7.75826e+01 -1.30670e+01  5.47685e+01             
       H -7.02984e+01 -1.22222e+01  5.06898e+01             
       O -7.61528e+01 -3.47693e+01  4.62429e+01             
       H -7.56351e+01 -3.49808e+01  4.54330e+01             
       H -7.07968e+01 -2.84312e+01  6.60285e+01             
       O -8.42217e+01 -2.08749e+01  5.78492e+01             
       H -8.37056e+01 -2.17259e+01  5.81407e+01             
       H -8.35362e+01 -2.01418e+01  5.77824e+01             
       O -6.95055e+01 -2.75104e+01  6.50011e+01             
       H -6.90745e+01 -2.78656e+01  6.42604e+01             
       H -6.87193e+01 -2.74721e+01  6.57287e+01             
       O -7.84584e+01 -1.26037e+01  6.34123e+01             
       H -7.77875e+01 -1.18796e+01  6.34282e+01             
       H -7.79016e+01 -1.34632e+01  6.34646e+01             
       O -7.76801e+01 -1.20511e+01  4.66006e+01             
       H -7.69127e+01 -2.37980e+01  4.65209e+01             
       H -7.71333e+01 -1.28543e+01  4.69259e+01             
       O -7.73185e+01 -2.80217e+01  4.94171e+01             
       H -7.66449e+01 -2.75660e+01  4.88715e+01             
       H -7.68621e+01 -2.86912e+01  4.98845e+01             
       O -8.87117e+01 -1.70238e+01  5.89928e+01             
       H -8.78142e+01 -1.66154e+01  5.88504e+01             
       H -8.85238e+01 -1.78129e+01  5.95448e+01             
       O -7.87176e+01  2.52005e+00  5.35088e+01             
       H -6.19555e+01 -1.94622e+01  5.55622e+01             
       H -7.83818e+01  3.33852e+00  5.30581e+01             
       O -7.05431e+01 -1.91527e+01  6.58703e+01             
       H -7.55444e+01 -2.58688e+01  6.07508e+01             
       H -8.26059e+01 -1.89428e+01  6.67771e+01             
       O -7.23371e+01 -3.36391e+01  6.20778e+01             
       H -7.16860e+01 -3.42905e+01  6.23246e+01             
       H -7.17907e+01 -3.28124e+01  6.19410e+01             
       O -7.96236e+01 -2.42846e+01  6.07640e+01             
       H -7.91920e+01 -2.45432e+01  6.16189e+01             
       H -7.88934e+01 -2.44795e+01  6.01530e+01             
       O -7.73724e+01 -4.55447e+01  6.18303e+01             
       H -7.68952e+01 -4.64003e+01  6.21042e+01             
       H -7.66761e+01 -4.49220e+01  7.39282e+01             
       O -7.88498e+01 -4.97910e+00  5.49532e+01             
       H -7.82836e+01 -5.33698e+00  5.57287e+01             
       H -7.84003e+01 -4.70100e+00  5.41432e+01             
       O -7.01468e+01 -2.28468e+01  6.28403e+01             
       H -6.97550e+01 -2.24918e+01  6.19818e+01             
       H -6.94422e+01 -2.27256e+01  6.35292e+01             
       O -7.90780e+01 -2.83613e+01  7.21819e+01             
       H -7.86729e+01 -2.81842e+01  7.30850e+01             
       H -7.82896e+01 -2.86622e+01  7.17345e+01             
       O -9.31000e+01 -2.38976e+01  5.22024e+01             
       H -9.25654e+01 -2.45658e+01  5.17557e+01             
       H -9.23835e+01 -2.33325e+01  5.26019e+01             
       O -7.36506e+01 -4.11389e+00  6.79690e+01             
       H -7.30080e+01 -4.01586e+00  6.87740e+01             
       H -7.30171e+01 -4.32932e+00  6.72737e+01             
       O -7.71642e+01 -1.86174e+01  5.66748e+01             
       H -7.62700e+01 -1.87544e+01  5.59763e+01             
       H -7.68769e+01 -1.79159e+01  4.49039e+01             
       O -7.27097e+01 -1.65851e+01  3.69666e+01             
       H -7.20339e+01 -1.71864e+01  3.73071e+01             
       H -8.45250e+01 -1.58678e+01  3.66282e+01             
       O -6.34328e+01 -1.69081e+01  3.90113e+01             
       H -6.34435e+01 -1.78247e+01  3.94244e+01             
       H -6.25611e+01 -1.64016e+01  3.92115e+01             
       O -7.53718e+01 -2.70559e+01  4.33543e+01             
       H -7.46075e+01 -2.76455e+01  4.32524e+01             
       H -7.50142e+01 -2.63439e+01  5.63317e+01             
       O -6.87698e+01 -1.85974e+01  4.34418e+01             
       H -7.99377e+01 -1.64336e+01  4.96970e+01             
       H -6.83705e+01 -1.94879e+01  4.35886e+01             
       O -7.36112e+01 -2.79278e+01  6.43941e+01             
       H -7.28202e+01 -2.81515e+01  6.50148e+01             
       H -7.31648e+01 -2.78947e+01  6.35266e+01             
       O -6.28370e+01 -1.88341e+01  4.88442e+01             
       H -6.21675e+01 -1.93715e+01  4.84193e+01             
       H -6.23581e+01 -1.82926e+01  4.94457e+01             
       O -6.88644e+01 -3.06042e+01  5.98294e+01             
       H -6.83221e+01 -2.97833e+01  5.97801e+01             
       H -6.82225e+01 -3.13882e+01  6.00691e+01             
       O -7.20050e+01 -8.96301e+00  6.59493e+01             
       H -7.13774e+01 -8.18407e+00  6.59145e+01             
       H -7.14543e+01 -9.71464e+00  6.60245e+01             
       O -6.32877e+01  5.56525e+00  7.74817e+01             
       H -6.26772e+01  4.83980e+00  7.71345e+01             
       H -6.30640e+01  5.70141e+00  7.84326e+01             
       O -7.15704e+01 -2.89667e+01  6.61603e+01             
       H -7.45579e+01 -2.37006e+01  4.41553e+01             
       H -7.13153e+01 -2.98917e+01  6.58530e+01             
       O -7.97790e+01 -2.01895e+01  6.02933e+01             
       H -6.79705e+01 -1.80508e+01  4.31990e+01             
       H -7.92365e+01 -2.03294e+01  5.94068e+01             
       O -7.06462e+01 -1.30837e+01  5.09488e+01             
       H -7.79745e+01 -1.05293e+01  5.37505e+01             
       H -7.00793e+01 -1.34790e+01  5.16330e+01             
       O -7.08022e+01 -3.14814e+01  6.18738e+01             
       H -8.27823e+01 -3.10717e+01  7.34763e+01             
       H -6.30956e+01 -1.11362e+01  6.24702e+01             
       O -1.05112e+02 -1.51280e+01  6.71736e+01             
       H -1.04327e+02 -1.45877e+01  6.71550e+01             
       H -1.04732e+02 -1.60256e+01  6.73492e+01             
       O -7.50326e+01 -3.12026e+01  5.52630e+01             
       H -7.45930e+01 -3.03505e+01  5.54608e+01             
       H -6.98001e+01 -1.90495e+01  6.52197e+01             
       O -8.01525e+01 -1.62757e+01  5.05876e+01             
       H -7.93677e+01 -1.59653e+01  5.10585e+01             
       H -8.72126e+01 -2.56867e+01  2.78750e+01             
       O -8.53519e+01 -2.45482e+01  5.20374e+01             
       H -8.45366e+01 -2.48679e+01  5.16228e+01             
       H -8.50156e+01 -2.42270e+01  5.28730e+01             
       O -6.87262e+01 -2.65850e+01  4.72616e+01             
       H -6.79292e+01 -2.71937e+01  4.69945e+01             
       H -6.83342e+01 -2.58209e+01  4.77175e+01             
       O -5.94043e+01 -2.89040e+01  5.76322e+01             
       H -5.88264e+01 -1.73150e+01  5.78291e+01             
       H -5.88392e+01 -2.82019e+01  5.72864e+01             
       O -7.38560e+01 -1.26150e+01  5.70057e+01             
       H -6.06341e+01 -1.27985e+01  5.64664e+01             
       H -7.34647e+01 -1.25855e+01  5.79200e+01             
       O -6.71744e+01  9.25067e-02  5.71298e+01             
       H -7.54609e+01 -3.43941e+01  4.68720e+01             
       H -7.72388e+01 -1.77066e+00  5.57412e+01             
       O -8.00736e+01 -2.11282e+01  5.59541e+01             
       H -7.95772e+01 -2.13286e+01  5.51043e+01             
       H -7.94076e+01 -2.10683e+01  5.67230e+01             
       O -7.83260e+01 -8.31435e+00  4.56502e+01             
       H -7.79359e+01 -1.98934e+01  4.52359e+01             
       H -7.75492e+01 -8.90590e+00  4.58745e+01             
       O -8.48198e+01 -2.45910e+01  6.00860e+01             
       H -8.41976e+01 -2.40408e+01  5.95011e+01             
       H -8.41795e+01 -2.51849e+01  6.04664e+01             
       O -7.41152e+01 -2.12395e+01  6.41148e+01             
       H -7.37081e+01 -2.12126e+01  6.32342e+01             
       H -7.33248e+01 -2.14596e+01  6.47736e+01             
       O -8.83421e+01 -2.64200e+01  4.76292e+01             
       H -8.75972e+01 -2.68561e+01  5.95550e+01             
       H -8.25082e+01 -4.40629e+01  5.00830e+01             
       O -6.93203e+01 -2.32603e+01  6.86375e+01             
       H -6.85133e+01 -2.38439e+01  6.88984e+01             
       H -6.88546e+01 -2.23697e+01  6.84840e+01             
       O -7.33377e+01 -2.07616e+01  5.56870e+01             
       H -7.27630e+01 -2.09985e+01  5.64021e+01             
       H -7.27963e+01 -2.10074e+01  5.48719e+01             
       O -9.06668e+01 -2.00199e+01  6.43021e+01             
       H -9.02962e+01 -2.02672e+01  6.34461e+01             
       H -8.98622e+01 -1.95583e+01  6.46539e+01             
       O -7.18663e+01 -2.58666e+01  5.56280e+01             
       H -7.14830e+01 -2.53281e+01  5.48884e+01             
       H -7.10439e+01 -2.62290e+01  5.61164e+01             
       O -8.63540e+01 -1.56925e+01  3.42841e+01             
       H -8.55678e+01 -1.57418e+01  3.36388e+01             
       H -8.60019e+01 -1.61214e+01  3.50439e+01             
       O -7.56841e+01 -2.58651e+01  2.82533e+01             
       H -5.40897e+01 -1.19643e+01  4.52991e+01             
       H -7.54538e+01 -2.66010e+01  2.88763e+01             
       O -8.14312e+01 -2.24134e+01  6.04274e+01             
       H -8.07087e+01 -2.30696e+01  6.05467e+01             
       H -8.08091e+01 -2.16569e+01  6.02920e+01             
       O -8.10401e+01 -1.88959e+01  7.63737e+01             
       H -8.06797e+01 -1.79972e+01  7.61861e+01             
       H -8.01878e+01 -1.93617e+01  7.64075e+01             
