192                                                         
# CELL(abcABC):   12.41850    12.41850    12.41850    90.00000    90.00000    90.00000  Step:           0  Bead:       0 x_centroid{angstrom}  cell{angstrom}   
       O -7.50692e+01 -1.04274e+01  6.86203e+01             
       H -7.49344e+01 -1.12701e+01  6.82481e+01             
       H -7.43973e+01 -1.02599e+01  6.94168e+01             
       O -6.14891e+01 -6.47194e+00  5.62970e+01             
       H -6.33434e+01 -1.65306e+01  5.38469e+01             
       H -6.11254e+01 -5.96952e+00  5.70631e+01             
       O -6.67883e+01 -2.64732e+01  5.05300e+01             
       H -6.63363e+01 -1.40011e+01  5.14457e+01             
       H -6.59845e+01 -2.66141e+01  4.99645e+01             
       O -5.96375e+01 -2.05884e+01  5.50562e+01             
       H -5.87787e+01 -2.05168e+01  5.55282e+01             
       H -5.96316e+01 -2.00767e+01  5.42914e+01             
       O -5.29800e+01 -2.03409e+01  4.82770e+01             
       H -5.26253e+01 -1.97621e+01  4.89583e+01             
       H -5.22304e+01 -2.09753e+01  4.80041e+01             
       O -5.63800e+01 -1.87469e+01  6.25077e+01             
       H -5.58230e+01 -1.94483e+01  6.21767e+01             
       H -5.58487e+01 -1.80631e+01  6.30019e+01             
       O -6.34912e+01 -1.91213e+01  3.74635e+01             
       H -6.27360e+01 -1.92791e+01  3.68042e+01             
       H -5.19107e+01  1.34205e+00  5.25100e+01             
       O -4.69977e+01 -1.64749e+01  6.67952e+01             
       H -4.64607e+01 -1.63738e+01  6.75571e+01             
       H -4.65194e+01 -2.84615e+01  6.60636e+01             
       O -6.96728e+01 -9.58820e+00  4.08207e+01             
       H -6.95437e+01 -8.99402e+00  4.15829e+01             
       H -6.88445e+01 -9.82178e+00  4.04916e+01             
       O -6.34374e+01 -2.17274e+01  4.72705e+01             
       H -6.34118e+01 -2.24757e+01  4.66280e+01             
       H -6.25647e+01 -2.13543e+01  4.73726e+01             
       O -6.76899e+01 -5.98229e+00  5.61233e+01             
       H -6.69567e+01 -6.40264e+00  5.66078e+01             
       H -6.73142e+01 -5.78581e+00  5.52309e+01             
       O -6.44203e+01 -1.19880e+01  4.61225e+01             
       H -6.37026e+01 -1.24906e+01  4.55674e+01             
       H -5.47825e+01 -1.04762e+01  4.35558e+01             
       O -6.03257e+01 -3.11689e+01  4.03941e+01             
       H -6.00755e+01 -3.03684e+01  4.08699e+01             
       H -5.78655e+01 -2.67411e+01  5.99197e+01             
       O -7.10784e+01 -1.77191e+01  4.87958e+01             
       H -7.02812e+01 -1.80766e+01  4.92419e+01             
       H -7.06383e+01 -1.71024e+01  4.81741e+01             
       O -5.66168e+01 -2.38484e+01  5.87079e+01             
       H -5.63024e+01 -2.33165e+01  5.79323e+01             
       H -5.59063e+01 -2.44839e+01  5.88509e+01             
       O -6.41385e+01 -8.23534e+00  5.59519e+01             
       H -6.32793e+01 -7.76308e+00  5.61354e+01             
       H -6.37661e+01 -9.16929e+00  5.59900e+01             
       O -6.24896e+01 -7.82216e+00  3.99667e+01             
       H -6.17161e+01 -1.96986e+01  4.02401e+01             
       H -6.21140e+01 -8.71133e+00  3.98437e+01             
       O -6.42845e+01 -2.57143e+01  4.30300e+01             
       H -6.41819e+01 -2.59887e+01  4.21396e+01             
       H -6.34986e+01 -2.57843e+01  4.36165e+01             
       O -7.09652e+01 -1.14971e+01  5.02382e+01             
       H -7.01193e+01 -1.19156e+01  4.98708e+01             
       H -7.07021e+01 -1.08009e+01  5.08142e+01             
       O -6.41233e+01  7.64741e+00  4.59513e+01             
       H -4.74032e+01 -1.65011e+01  4.96145e+01             
       H -6.33170e+01  8.20210e+00  4.60162e+01             
       O -5.73527e+01 -1.66323e+01  5.66419e+01             
       H -6.03345e+01 -2.21105e+01  5.38215e+01             
       H -6.90791e+01 -1.73800e+01  5.64636e+01             
       O -5.73962e+01 -2.74461e+01  5.30430e+01             
       H -5.68030e+01 -2.80607e+01  5.25815e+01             
       H -5.69009e+01 -2.68246e+01  5.35283e+01             
       O -6.52463e+01 -2.01940e+01  5.31016e+01             
       H -6.48308e+01 -2.04556e+01  5.38621e+01             
       H -6.45236e+01 -1.98365e+01  5.25755e+01             
       O -6.25945e+01 -4.08198e+01  5.54065e+01             
       H -6.19150e+01 -4.15014e+01  5.53483e+01             
       H -6.21049e+01 -3.99924e+01  6.76953e+01             
       O -6.46520e+01 -2.46349e+00  4.90498e+01             
       H -6.41821e+01 -1.65517e+00  4.87244e+01             
       H -6.40331e+01 -3.00781e+00  4.96326e+01             
       O -5.41367e+01 -1.76736e+01  5.36319e+01             
       H -5.33690e+01 -1.70872e+01  5.37923e+01             
       H -5.37970e+01 -1.85398e+01  5.35494e+01             
       O -6.29025e+01 -2.41692e+01  6.46564e+01             
       H -6.22059e+01 -2.43204e+01  6.53180e+01             
       H -6.24350e+01 -2.39770e+01  6.37822e+01             
       O -7.85137e+01 -2.00986e+01  4.51287e+01             
       H -7.83076e+01 -1.99499e+01  4.60555e+01             
       H -7.76052e+01 -2.02871e+01  4.47523e+01             
       O -6.09201e+01 -1.35478e+00  6.08058e+01             
       H -6.07879e+01 -1.99083e+00  6.15578e+01             
       H -6.00264e+01 -1.08574e+00  6.05639e+01             
       O -6.32962e+01 -1.26425e+01  4.84112e+01             
       H -6.24404e+01 -1.29442e+01  4.81404e+01             
       H -6.31065e+01 -1.19066e+01  3.66040e+01             
       O -5.86944e+01 -1.16269e+01  3.02338e+01             
       H -5.78617e+01 -1.21862e+01  3.00738e+01             
       H -7.09476e+01 -1.06979e+01  2.99645e+01             
       O -5.00554e+01 -1.34224e+01  3.23561e+01             
       H -4.97598e+01 -1.43317e+01  3.26386e+01             
       H -4.91689e+01 -1.29494e+01  3.23082e+01             
       O -6.14674e+01 -2.34533e+01  3.74951e+01             
       H -6.07619e+01 -2.41449e+01  3.73970e+01             
       H -6.09143e+01 -2.26277e+01  5.00929e+01             
       O -5.69732e+01 -1.55559e+01  3.49016e+01             
       H -6.59792e+01 -1.11249e+01  4.18955e+01             
       H -5.70709e+01 -1.55708e+01  3.39674e+01             
       O -5.96764e+01 -2.47200e+01  5.74184e+01             
       H -5.91145e+01 -2.50821e+01  5.81794e+01             
       H -5.91057e+01 -2.44865e+01  5.66915e+01             
       O -4.87573e+01 -1.29791e+01  4.16229e+01             
       H -4.83355e+01 -1.34817e+01  4.08729e+01             
       H -4.79866e+01 -1.25940e+01  4.20306e+01             
       O -5.23461e+01 -2.63475e+01  5.25769e+01             
       H -5.16898e+01 -2.56480e+01  5.23793e+01             
       H -5.18296e+01 -2.71834e+01  5.24091e+01             
       O -5.87526e+01 -7.61679e+00  5.83763e+01             
       H -5.80627e+01 -7.72575e+00  5.76722e+01             
       H -5.83482e+01 -7.95918e+00  5.92036e+01             
       O -4.91717e+01  9.11159e+00  7.08497e+01             
       H -4.83781e+01  8.56939e+00  7.06214e+01             
       H -4.88564e+01  9.59211e+00  7.16389e+01             
       O -5.85921e+01 -2.60240e+01  5.97388e+01             
       H -6.32062e+01 -1.95023e+01  3.83222e+01             
       H -5.80426e+01 -2.51844e+01  5.98647e+01             
       O -6.39409e+01 -1.65624e+01  5.31009e+01             
       H -5.60064e+01 -1.58405e+01  3.49712e+01             
       H -6.34830e+01 -1.69045e+01  5.23070e+01             
       O -5.53072e+01 -9.87054e+00  4.41237e+01             
       H -6.38369e+01 -5.46798e+00  4.53480e+01             
       H -5.47344e+01 -9.34184e+00  4.46399e+01             
       O -5.64201e+01 -2.55695e+01  5.47708e+01             
       H -6.86859e+01 -2.61307e+01  6.79761e+01             
       H -4.82699e+01 -6.93704e+00  5.59186e+01             
       O -9.15974e+01 -1.29875e+01  5.91867e+01             
       H -9.07715e+01 -1.26383e+01  5.87226e+01             
       H -9.13134e+01 -1.35418e+01  5.99218e+01             
       O -6.05476e+01 -2.84713e+01  5.00874e+01             
       H -6.00798e+01 -2.84201e+01  5.09602e+01             
       H -5.68416e+01 -1.58346e+01  5.69601e+01             
       O -6.63629e+01 -1.16470e+01  4.26263e+01             
       H -6.55225e+01 -1.19753e+01  4.30491e+01             
       H -7.28349e+01 -2.16348e+01  2.07819e+01             
       O -6.95033e+01 -2.04593e+01  4.37875e+01             
       H -6.88123e+01 -1.98009e+01  4.35943e+01             
       H -6.90813e+01 -2.13114e+01  4.38688e+01             
       O -5.53873e+01 -2.30959e+01  3.91211e+01             
       H -5.56257e+01 -2.39961e+01  3.89409e+01             
       H -5.43830e+01 -2.32019e+01  3.92209e+01             
       O -4.38282e+01 -2.49794e+01  4.93503e+01             
       H -4.32152e+01 -1.30245e+01  4.99139e+01             
       H -4.32426e+01 -2.45648e+01  4.86850e+01             
       O -5.96382e+01 -8.95256e+00  4.94555e+01             
       H -4.66513e+01 -9.24313e+00  4.87468e+01             
       H -5.91334e+01 -8.29606e+00  4.99780e+01             
       O -5.27726e+01  1.86849e+00  5.25973e+01             
       H -5.95228e+01 -3.14693e+01  4.00254e+01             
       H -6.41695e+01  2.14857e-01  4.70220e+01             
       O -6.68638e+01 -1.64303e+01  4.75767e+01             
       H -6.62787e+01 -1.68338e+01  4.68988e+01             
       H -6.62246e+01 -1.60728e+01  4.81977e+01             
       O -6.31087e+01 -4.05913e+00  3.80955e+01             
       H -6.21287e+01 -1.64557e+01  3.77899e+01             
       H -6.33641e+01 -4.93815e+00  3.78704e+01             
       O -7.07144e+01 -1.99618e+01  5.14495e+01             
       H -6.99578e+01 -1.94404e+01  5.11503e+01             
       H -7.03440e+01 -2.05385e+01  5.21232e+01             
       O -5.98034e+01 -1.76257e+01  5.78913e+01             
       H -5.89613e+01 -1.72784e+01  5.74255e+01             
       H -5.94030e+01 -1.84026e+01  5.84085e+01             
       O -7.28266e+01 -2.22904e+01  4.04434e+01             
       H -7.19021e+01 -2.24743e+01  5.25137e+01             
       H -6.79860e+01 -3.74759e+01  4.23517e+01             
       O -5.51554e+01 -2.11967e+01  6.16290e+01             
       H -5.52678e+01 -2.18304e+01  6.23925e+01             
       H -5.41659e+01 -2.10747e+01  6.13544e+01             
       O -6.14740e+01 -1.97196e+01  4.82125e+01             
       H -6.08232e+01 -1.92230e+01  4.76835e+01             
       H -6.09557e+01 -2.01849e+01  4.89017e+01             
       O -7.80215e+01 -1.58608e+01  5.59853e+01             
       H -7.75444e+01 -1.50765e+01  5.57598e+01             
       H -7.74949e+01 -1.63024e+01  5.66510e+01             
       O -5.73917e+01 -2.14819e+01  4.77775e+01             
       H -5.65456e+01 -2.12646e+01  4.82810e+01             
       H -5.71098e+01 -2.23308e+01  4.73821e+01             
       O -7.20315e+01 -1.38697e+01  2.69614e+01             
       H -7.16139e+01 -1.31720e+01  2.64374e+01             
       H -7.12509e+01 -1.42772e+01  2.73413e+01             
       O -6.09438e+01 -2.23877e+01  2.09348e+01             
       H -4.01111e+01 -9.62107e+00  4.02127e+01             
       H -6.03621e+01 -2.31890e+01  2.08487e+01             
       O -6.79486e+01 -1.66886e+01  5.16871e+01             
       H -6.73089e+01 -1.70272e+01  5.24360e+01             
       H -6.74172e+01 -1.61720e+01  5.10626e+01             
       O -6.78797e+01 -1.47315e+01  6.95334e+01             
       H -6.70993e+01 -1.52441e+01  6.92118e+01             
       H -6.76231e+01 -1.41697e+01  7.02778e+01             
192                                                         
# CELL(abcABC):   12.41850    12.41850    12.41850    90.00000    90.00000    90.00000  Step:      200000  Bead:       0 x_centroid{angstrom}  cell{angstrom}   
       O -8.62598e+01 -1.32472e+01  7.37948e+01             
       H -8.56369e+01 -1.35181e+01  7.30397e+01             
       H -8.55674e+01 -1.31693e+01  7.45261e+01             
       O -7.34154e+01 -8.71836e+00  6.14199e+01             
       H -7.36249e+01 -1.82418e+01  5.87142e+01             
       H -7.25784e+01 -8.45964e+00  6.19486e+01             
       O -7.63593e+01 -2.84709e+01  5.48525e+01             
       H -7.61054e+01 -1.61073e+01  5.57882e+01             
       H -7.56605e+01 -2.89600e+01  5.43644e+01             
       O -7.08263e+01 -2.39250e+01  5.94016e+01             
       H -7.02468e+01 -2.38087e+01  6.01794e+01             
       H -7.01987e+01 -2.40329e+01  5.86436e+01             
       O -6.25910e+01 -2.39373e+01  5.36700e+01             
       H -6.17200e+01 -2.36765e+01  5.41803e+01             
       H -6.22603e+01 -2.47089e+01  5.31086e+01             
       O -6.78152e+01 -2.19039e+01  6.85757e+01             
       H -6.72326e+01 -2.23384e+01  6.78773e+01             
       H -6.72284e+01 -2.13251e+01  6.90959e+01             
       O -7.28044e+01 -2.32552e+01  4.23409e+01             
       H -7.24954e+01 -2.24835e+01  4.17349e+01             
       H -6.31308e+01 -7.79126e-01  5.77938e+01             
       O -5.72999e+01 -1.95859e+01  7.25037e+01             
       H -5.65592e+01 -1.92804e+01  7.18610e+01             
       H -5.68947e+01 -3.19683e+01  7.34005e+01             
       O -7.96538e+01 -1.32740e+01  4.88107e+01             
       H -7.89356e+01 -1.34772e+01  4.95250e+01             
       H -7.91917e+01 -1.35726e+01  4.79582e+01             
       O -7.40417e+01 -2.61403e+01  5.26244e+01             
       H -7.33930e+01 -2.59208e+01  5.18931e+01             
       H -7.35288e+01 -2.63756e+01  5.34659e+01             
       O -7.91708e+01 -9.04193e+00  6.16550e+01             
       H -7.84116e+01 -9.58173e+00  6.20226e+01             
       H -7.86705e+01 -8.33879e+00  6.10716e+01             
       O -7.59911e+01 -1.50064e+01  5.13434e+01             
       H -7.52888e+01 -1.45902e+01  5.19065e+01             
       H -6.45127e+01 -1.38132e+01  5.07176e+01             
       O -7.20553e+01 -3.37568e+01  4.67144e+01             
       H -7.13625e+01 -3.31960e+01  4.71029e+01             
       H -6.86926e+01 -2.95159e+01  6.56449e+01             
       O -8.21588e+01 -2.04172e+01  5.45429e+01             
       H -8.15769e+01 -2.10024e+01  5.51098e+01             
       H -8.15391e+01 -1.97781e+01  5.40437e+01             
       O -6.73797e+01 -2.65383e+01  6.48743e+01             
       H -6.68194e+01 -2.62995e+01  6.41131e+01             
       H -6.67931e+01 -2.67146e+01  6.56781e+01             
       O -7.51414e+01 -1.08418e+01  6.12684e+01             
       H -7.44809e+01 -1.01889e+01  6.15116e+01             
       H -7.45944e+01 -1.17324e+01  6.12362e+01             
       O -7.40601e+01 -9.19036e+00  4.38818e+01             
       H -7.32500e+01 -2.10653e+01  4.40809e+01             
       H -7.35867e+01 -9.90728e+00  4.34238e+01             
       O -7.49184e+01 -3.15772e+01  5.01818e+01             
       H -7.44712e+01 -3.22410e+01  4.96751e+01             
       H -7.44580e+01 -3.07732e+01  5.00261e+01             
       O -8.02595e+01 -1.43021e+01  5.69157e+01             
       H -7.97663e+01 -1.43510e+01  5.60578e+01             
       H -7.95363e+01 -1.43624e+01  5.76377e+01             
       O -7.67538e+01  2.79558e+00  5.28764e+01             
       H -5.86945e+01 -2.00495e+01  5.59292e+01             
       H -7.65974e+01  3.77870e+00  5.28619e+01             
       O -6.85136e+01 -1.96320e+01  6.29832e+01             
       H -7.19658e+01 -2.55002e+01  5.91388e+01             
       H -8.02101e+01 -2.02978e+01  6.27210e+01             
       O -6.77995e+01 -3.08234e+01  5.87305e+01             
       H -6.71831e+01 -3.13523e+01  5.81210e+01             
       H -6.73597e+01 -3.06109e+01  5.95149e+01             
       O -7.55997e+01 -2.24047e+01  5.85966e+01             
       H -7.51783e+01 -2.27384e+01  5.94478e+01             
       H -7.48596e+01 -2.22541e+01  5.79307e+01             
       O -7.28728e+01 -4.24557e+01  6.02638e+01             
       H -7.24629e+01 -4.31579e+01  6.07926e+01             
       H -7.20717e+01 -4.18530e+01  7.23865e+01             
       O -7.36025e+01 -5.13000e+00  5.38279e+01             
       H -7.31706e+01 -5.14738e+00  5.29378e+01             
       H -7.30147e+01 -4.63737e+00  5.44231e+01             
       O -6.38592e+01 -1.98263e+01  5.87416e+01             
       H -6.29500e+01 -1.96025e+01  5.83416e+01             
       H -6.37087e+01 -2.08053e+01  5.88393e+01             
       O -7.39745e+01 -2.61861e+01  6.95815e+01             
       H -7.33913e+01 -2.63032e+01  7.03928e+01             
       H -7.35018e+01 -2.60736e+01  6.87471e+01             
       O -8.96085e+01 -2.31675e+01  5.03993e+01             
       H -8.93503e+01 -2.28000e+01  5.12555e+01             
       H -8.87364e+01 -2.32330e+01  4.98094e+01             
       O -7.09702e+01 -3.75926e+00  6.77682e+01             
       H -7.05123e+01 -3.90947e+00  6.86671e+01             
       H -7.02479e+01 -3.62256e+00  6.71140e+01             
       O -7.70051e+01 -1.21386e+01  5.50708e+01             
       H -7.60543e+01 -1.17460e+01  5.44888e+01             
       H -7.67300e+01 -1.21777e+01  4.36050e+01             
       O -6.89563e+01 -1.53252e+01  3.66668e+01             
       H -6.82683e+01 -1.60445e+01  3.68416e+01             
       H -8.07332e+01 -1.45306e+01  3.65787e+01             
       O -6.02439e+01 -1.74752e+01  3.88778e+01             
       H -5.98374e+01 -1.83001e+01  3.86946e+01             
       H -5.95105e+01 -1.68129e+01  3.88208e+01             
       O -7.25734e+01 -2.64684e+01  4.25657e+01             
       H -7.20505e+01 -2.72918e+01  4.28427e+01             
       H -7.19387e+01 -2.56700e+01  5.50524e+01             
       O -6.80110e+01 -1.88408e+01  4.09046e+01             
       H -7.45013e+01 -1.49477e+01  4.86657e+01             
       H -6.78061e+01 -1.90123e+01  4.00077e+01             
       O -7.07848e+01 -2.80331e+01  6.35392e+01             
       H -7.02502e+01 -2.80804e+01  6.44007e+01             
       H -7.01286e+01 -2.79306e+01  6.28546e+01             
       O -5.84232e+01 -1.60764e+01  4.73451e+01             
       H -5.80588e+01 -1.62100e+01  4.64283e+01             
       H -5.76907e+01 -1.58033e+01  4.79621e+01             
       O -6.26268e+01 -2.86928e+01  5.72575e+01             
       H -6.20142e+01 -2.79121e+01  5.70619e+01             
       H -6.20906e+01 -2.95103e+01  5.70749e+01             
       O -7.03175e+01 -1.14851e+01  6.39299e+01             
       H -6.98567e+01 -1.11781e+01  6.31090e+01             
       H -6.95156e+01 -1.17365e+01  6.45971e+01             
       O -6.41385e+01  5.49483e+00  7.71980e+01             
       H -6.35483e+01  5.44633e+00  7.63992e+01             
       H -6.35185e+01  5.48972e+00  7.79721e+01             
       O -6.89902e+01 -2.86327e+01  6.55887e+01             
       H -7.19414e+01 -2.36614e+01  4.27045e+01             
       H -6.81962e+01 -2.80659e+01  6.55232e+01             
       O -7.39802e+01 -1.87115e+01  5.78819e+01             
       H -6.72202e+01 -1.84616e+01  4.12663e+01             
       H -7.31196e+01 -1.88247e+01  5.73450e+01             
       O -6.54241e+01 -1.33220e+01  5.06853e+01             
       H -7.59045e+01 -1.00336e+01  5.30640e+01             
       H -6.53632e+01 -1.22973e+01  5.05262e+01             
       O -6.44989e+01 -2.86208e+01  5.93247e+01             
       H -7.62437e+01 -2.83831e+01  7.24724e+01             
       H -6.06781e+01 -8.83234e+00  6.05101e+01             
       O -1.02769e+02 -1.69596e+01  6.42762e+01             
       H -1.02086e+02 -1.62832e+01  6.41451e+01             
       H -1.02313e+02 -1.77941e+01  6.44223e+01             
       O -7.18077e+01 -3.22886e+01  5.66246e+01             
       H -7.16389e+01 -3.28434e+01  5.74127e+01             
       H -6.79914e+01 -1.87462e+01  6.28262e+01             
       O -7.47772e+01 -1.58670e+01  4.87556e+01             
       H -7.41045e+01 -1.64934e+01  4.84880e+01             
       H -8.36850e+01 -2.47994e+01  2.64458e+01             
       O -8.13317e+01 -2.33929e+01  4.90325e+01             
       H -8.08283e+01 -2.25540e+01  4.89920e+01             
       H -8.06325e+01 -2.40741e+01  4.90338e+01             
       O -6.60542e+01 -2.67261e+01  4.63980e+01             
       H -6.55214e+01 -2.75392e+01  4.66673e+01             
       H -6.53079e+01 -2.61454e+01  4.61121e+01             
       O -5.36699e+01 -2.68198e+01  5.44947e+01             
       H -5.29964e+01 -1.50861e+01  5.44566e+01             
       H -5.31760e+01 -2.60558e+01  5.48006e+01             
       O -7.04404e+01 -1.20995e+01  5.51788e+01             
       H -5.73117e+01 -1.19948e+01  5.44446e+01             
       H -6.99692e+01 -1.18244e+01  5.60418e+01             
       O -6.39706e+01 -3.30154e-01  5.80478e+01             
       H -7.16369e+01 -3.46376e+01  4.67600e+01             
       H -7.55009e+01 -3.00214e+00  5.05798e+01             
       O -7.80258e+01 -1.83120e+01  5.46483e+01             
       H -7.75282e+01 -1.74325e+01  5.46569e+01             
       H -7.72944e+01 -1.88929e+01  5.43781e+01             
       O -7.52620e+01 -7.02130e+00  4.22218e+01             
       H -7.44979e+01 -1.88649e+01  4.22354e+01             
       H -7.49284e+01 -7.78729e+00  4.27767e+01             
       O -8.14920e+01 -2.38158e+01  5.72233e+01             
       H -8.09442e+01 -2.30152e+01  5.69232e+01             
       H -8.08859e+01 -2.45558e+01  5.73059e+01             
       O -7.12994e+01 -1.96790e+01  6.31649e+01             
       H -7.03757e+01 -1.95077e+01  6.30494e+01             
       H -7.12514e+01 -2.02303e+01  6.39745e+01             
       O -8.48453e+01 -2.63796e+01  4.68579e+01             
       H -8.42229e+01 -2.71546e+01  5.95020e+01             
       H -7.63189e+01 -4.10795e+01  4.61260e+01             
       O -6.65489e+01 -2.31073e+01  6.66534e+01             
       H -6.58414e+01 -2.37186e+01  6.71727e+01             
       H -6.59346e+01 -2.25373e+01  6.61697e+01             
       O -7.16276e+01 -2.17168e+01  5.29662e+01             
       H -7.10139e+01 -2.13215e+01  5.35618e+01             
       H -7.13145e+01 -2.25187e+01  5.24337e+01             
       O -8.98778e+01 -1.91523e+01  6.09854e+01             
       H -8.91345e+01 -1.89722e+01  6.15863e+01             
       H -8.94426e+01 -1.91060e+01  6.01342e+01             
       O -6.86601e+01 -2.43242e+01  5.31773e+01             
       H -6.79149e+01 -2.37044e+01  5.34363e+01             
       H -6.81434e+01 -2.51662e+01  5.30383e+01             
       O -8.18878e+01 -1.62890e+01  3.27643e+01             
       H -8.12064e+01 -1.56207e+01  3.23157e+01             
       H -8.13562e+01 -1.69713e+01  3.31253e+01             
       O -7.20711e+01 -2.55385e+01  2.61197e+01             
       H -5.12584e+01 -1.18065e+01  4.56455e+01             
       H -7.15436e+01 -2.63943e+01  2.61542e+01             
       O -7.85311e+01 -1.96689e+01  5.71515e+01             
       H -7.76816e+01 -1.96523e+01  5.76782e+01             
       H -7.84698e+01 -1.92804e+01  5.62731e+01             
       O -7.95690e+01 -1.73786e+01  7.47428e+01             
       H -7.91557e+01 -1.70444e+01  7.55658e+01             
       H -7.87473e+01 -1.77582e+01  7.42552e+01             
