192                                                         
# CELL(abcABC):   12.41850    12.41850    12.41850    90.00000    90.00000    90.00000  Step:           0  Bead:       0 x_centroid{angstrom}  cell{angstrom}   
       O -7.63290e+01 -1.00104e+01  7.01384e+01             
       H -7.64730e+01 -1.03858e+01  6.92518e+01             
       H -7.53599e+01 -1.00199e+01  7.02904e+01             
       O -6.26602e+01 -6.46534e+00  5.64586e+01             
       H -6.49767e+01 -1.71736e+01  5.31860e+01             
       H -6.18285e+01 -6.22948e+00  5.70584e+01             
       O -6.72507e+01 -2.66194e+01  5.07672e+01             
       H -6.69867e+01 -1.43863e+01  5.16958e+01             
       H -6.63975e+01 -2.67095e+01  5.03295e+01             
       O -6.06862e+01 -2.05940e+01  5.56103e+01             
       H -6.04181e+01 -2.09444e+01  5.65174e+01             
       H -5.99021e+01 -2.01649e+01  5.53070e+01             
       O -5.34171e+01 -2.04759e+01  4.84703e+01             
       H -5.26194e+01 -2.00309e+01  4.87448e+01             
       H -5.31707e+01 -2.13916e+01  4.83403e+01             
       O -5.74245e+01 -1.87380e+01  6.31694e+01             
       H -5.68254e+01 -1.94690e+01  6.28371e+01             
       H -5.69765e+01 -1.81430e+01  6.38158e+01             
       O -6.33073e+01 -1.95122e+01  3.66908e+01             
       H -6.25073e+01 -1.91921e+01  3.61701e+01             
       H -5.32928e+01  1.43217e+00  5.33370e+01             
       O -4.74408e+01 -1.84235e+01  6.60330e+01             
       H -4.68222e+01 -1.77016e+01  6.61487e+01             
       H -4.69664e+01 -3.14925e+01  6.55067e+01             
       O -6.95121e+01 -9.42400e+00  4.12686e+01             
       H -6.86774e+01 -9.26754e+00  4.17070e+01             
       H -6.91005e+01 -9.93208e+00  4.05643e+01             
       O -6.74122e+01 -2.35602e+01  4.87236e+01             
       H -6.67382e+01 -2.37572e+01  4.80516e+01             
       H -6.69677e+01 -2.34784e+01  4.95614e+01             
       O -6.93288e+01 -6.24614e+00  5.70287e+01             
       H -6.88759e+01 -6.48582e+00  5.78501e+01             
       H -6.85599e+01 -6.07599e+00  5.63925e+01             
       O -6.52596e+01 -1.16885e+01  4.72020e+01             
       H -6.47559e+01 -1.09833e+01  4.67606e+01             
       H -5.49170e+01 -1.04673e+01  4.40566e+01             
       O -6.18785e+01 -3.17827e+01  3.96339e+01             
       H -6.15550e+01 -3.09753e+01  4.00504e+01             
       H -5.77388e+01 -2.74631e+01  6.03262e+01             
       O -7.15542e+01 -1.71364e+01  4.93332e+01             
       H -7.08841e+01 -1.77515e+01  4.97649e+01             
       H -7.10379e+01 -1.63729e+01  4.90440e+01             
       O -5.69203e+01 -2.43344e+01  5.84641e+01             
       H -5.64506e+01 -2.36094e+01  5.80191e+01             
       H -5.61326e+01 -2.49161e+01  5.86959e+01             
       O -6.47847e+01 -7.47124e+00  5.76213e+01             
       H -6.40002e+01 -6.97729e+00  5.72327e+01             
       H -6.44627e+01 -8.28706e+00  5.79791e+01             
       O -6.38493e+01 -8.27789e+00  4.06104e+01             
       H -6.31583e+01 -2.00718e+01  4.02968e+01             
       H -6.32824e+01 -9.02609e+00  4.08726e+01             
       O -6.36203e+01 -2.38039e+01  4.26960e+01             
       H -6.28265e+01 -2.33222e+01  4.22779e+01             
       H -6.31523e+01 -2.45040e+01  4.32095e+01             
       O -7.14017e+01 -1.25133e+01  5.14535e+01             
       H -7.05810e+01 -1.24846e+01  5.09123e+01             
       H -7.17990e+01 -1.16157e+01  5.14125e+01             
       O -6.45967e+01  7.97034e+00  4.60067e+01             
       H -4.80630e+01 -1.63957e+01  5.03574e+01             
       H -6.39395e+01  8.66446e+00  4.63108e+01             
       O -5.86573e+01 -1.65740e+01  5.66189e+01             
       H -6.13410e+01 -2.18477e+01  5.45242e+01             
       H -7.02554e+01 -1.71061e+01  5.67425e+01             
       O -5.79951e+01 -2.82851e+01  5.35922e+01             
       H -5.71686e+01 -2.86471e+01  5.31364e+01             
       H -5.77668e+01 -2.74805e+01  5.41207e+01             
       O -6.58078e+01 -2.06622e+01  5.53398e+01             
       H -6.53112e+01 -2.04104e+01  5.61360e+01             
       H -6.51704e+01 -2.04950e+01  5.46570e+01             
       O -6.33084e+01 -4.16114e+01  5.42773e+01             
       H -6.28458e+01 -4.20865e+01  5.49548e+01             
       H -6.29724e+01 -4.06365e+01  6.67576e+01             
       O -6.49262e+01 -2.29429e+00  4.94034e+01             
       H -6.42954e+01 -1.57883e+00  4.92938e+01             
       H -6.44619e+01 -3.10007e+00  4.97361e+01             
       O -5.50386e+01 -1.84114e+01  5.51751e+01             
       H -5.43473e+01 -1.77040e+01  5.53817e+01             
       H -5.44343e+01 -1.91888e+01  5.49558e+01             
       O -6.38231e+01 -2.56171e+01  6.48280e+01             
       H -6.31244e+01 -2.59200e+01  6.55018e+01             
       H -6.38468e+01 -2.46446e+01  6.49922e+01             
       O -7.97270e+01 -1.99420e+01  4.60494e+01             
       H -7.94587e+01 -1.98529e+01  4.69502e+01             
       H -7.89611e+01 -1.96670e+01  4.55112e+01             
       O -6.10633e+01 -1.85754e+00  6.08639e+01             
       H -6.10294e+01 -2.37501e+00  6.17109e+01             
       H -6.01559e+01 -1.62788e+00  6.06273e+01             
       O -6.29622e+01 -1.20074e+01  4.85719e+01             
       H -6.22936e+01 -1.26879e+01  4.84085e+01             
       H -6.27145e+01 -1.13309e+01  3.68480e+01             
       O -5.92335e+01 -1.10538e+01  2.96037e+01             
       H -5.86606e+01 -1.18505e+01  2.94302e+01             
       H -7.10404e+01 -1.02890e+01  2.93555e+01             
       O -4.91395e+01 -1.33504e+01  3.16861e+01             
       H -4.95882e+01 -1.36111e+01  3.25075e+01             
       H -4.82376e+01 -1.29743e+01  3.19558e+01             
       O -6.24804e+01 -2.21167e+01  3.77612e+01             
       H -6.27307e+01 -2.20941e+01  3.86724e+01             
       H -6.14755e+01 -2.21817e+01  5.02816e+01             
       O -5.67545e+01 -1.66292e+01  3.53405e+01             
       H -6.61045e+01 -9.90232e+00  4.27506e+01             
       H -5.70748e+01 -1.69019e+01  3.44665e+01             
       O -5.94607e+01 -2.40070e+01  5.71575e+01             
       H -5.86031e+01 -2.39849e+01  5.76255e+01             
       H -5.92958e+01 -2.37125e+01  5.62065e+01             
       O -4.97393e+01 -1.44357e+01  4.17349e+01             
       H -4.89259e+01 -1.44081e+01  4.12151e+01             
       H -4.94315e+01 -1.40738e+01  4.26143e+01             
       O -5.37860e+01 -2.66260e+01  5.32335e+01             
       H -5.30010e+01 -2.60139e+01  5.30375e+01             
       H -5.34756e+01 -2.74915e+01  5.29756e+01             
       O -5.93716e+01 -8.33878e+00  5.94740e+01             
       H -5.87577e+01 -8.40522e+00  5.87015e+01             
       H -5.88279e+01 -8.93339e+00  6.00263e+01             
       O -5.00726e+01  9.57111e+00  7.12819e+01             
       H -4.94005e+01  9.03251e+00  7.08572e+01             
       H -4.95590e+01  9.96653e+00  7.20683e+01             
       O -5.82191e+01 -2.67842e+01  6.07865e+01             
       H -6.29624e+01 -2.02861e+01  3.71776e+01             
       H -5.76074e+01 -2.62347e+01  6.12840e+01             
       O -6.55654e+01 -1.69757e+01  5.24562e+01             
       H -5.58385e+01 -1.63196e+01  3.52060e+01             
       H -6.49491e+01 -1.69873e+01  5.16728e+01             
       O -5.54916e+01 -1.00824e+01  4.48010e+01             
       H -6.41825e+01 -5.32004e+00  4.62156e+01             
       H -5.49586e+01 -9.33791e+00  4.51187e+01             
       O -5.73622e+01 -2.54254e+01  5.39860e+01             
       H -6.89191e+01 -2.54980e+01  6.68766e+01             
       H -4.97793e+01 -7.07113e+00  5.58972e+01             
       O -9.18721e+01 -1.32781e+01  5.84605e+01             
       H -9.10816e+01 -1.27275e+01  5.87662e+01             
       H -9.16170e+01 -1.41499e+01  5.87417e+01             
       O -6.12436e+01 -2.82303e+01  5.06190e+01             
       H -6.08215e+01 -2.75596e+01  5.12247e+01             
       H -5.82452e+01 -1.57094e+01  5.67888e+01             
       O -6.64056e+01 -1.08320e+01  4.27355e+01             
       H -6.56163e+01 -1.14566e+01  4.28631e+01             
       H -7.32700e+01 -2.19632e+01  2.14876e+01             
       O -7.05425e+01 -2.09291e+01  4.45432e+01             
       H -7.01001e+01 -2.00515e+01  4.45003e+01             
       H -6.97658e+01 -2.14900e+01  4.46137e+01             
       O -5.57117e+01 -2.28232e+01  3.91244e+01             
       H -5.57457e+01 -2.37511e+01  3.87585e+01             
       H -5.47007e+01 -2.27685e+01  3.94684e+01             
       O -4.43315e+01 -2.52539e+01  5.01129e+01             
       H -4.34728e+01 -1.34150e+01  5.03630e+01             
       H -4.39289e+01 -2.47152e+01  4.93797e+01             
       O -5.97001e+01 -9.90574e+00  5.03435e+01             
       H -4.67803e+01 -9.99084e+00  4.94980e+01             
       H -5.92222e+01 -9.33330e+00  5.09191e+01             
       O -5.32096e+01  1.77465e+00  5.24431e+01             
       H -6.10586e+01 -3.23157e+01  3.95491e+01             
       H -6.45133e+01  2.56303e-01  4.76684e+01             
       O -6.66974e+01 -1.57526e+01  4.73811e+01             
       H -6.60387e+01 -1.61492e+01  4.68126e+01             
       H -6.61862e+01 -1.55056e+01  4.81672e+01             
       O -6.36284e+01 -4.59399e+00  3.80164e+01             
       H -6.27543e+01 -1.66042e+01  3.81117e+01             
       H -6.34586e+01 -5.42969e+00  3.75341e+01             
       O -7.11927e+01 -2.04623e+01  5.21945e+01             
       H -7.07850e+01 -1.98633e+01  5.15425e+01             
       H -7.05273e+01 -2.07553e+01  5.27898e+01             
       O -6.07324e+01 -1.75481e+01  5.79479e+01             
       H -5.98458e+01 -1.72213e+01  5.76257e+01             
       H -6.05927e+01 -1.79969e+01  5.88268e+01             
       O -7.40986e+01 -2.25002e+01  4.14552e+01             
       H -7.32895e+01 -2.30661e+01  5.37595e+01             
       H -6.95731e+01 -3.79319e+01  4.06709e+01             
       O -5.59020e+01 -2.07949e+01  6.21260e+01             
       H -5.56694e+01 -2.14690e+01  6.27482e+01             
       H -5.50486e+01 -2.05269e+01  6.17380e+01             
       O -6.08687e+01 -1.88222e+01  4.79995e+01             
       H -6.03821e+01 -1.82284e+01  4.86722e+01             
       H -6.02107e+01 -1.95019e+01  4.77460e+01             
       O -7.79979e+01 -1.65259e+01  5.57519e+01             
       H -7.71444e+01 -1.66121e+01  5.51944e+01             
       H -7.75550e+01 -1.66071e+01  5.65843e+01             
       O -5.77000e+01 -2.27341e+01  4.82628e+01             
       H -5.69214e+01 -2.23666e+01  4.86773e+01             
       H -5.73104e+01 -2.34159e+01  4.76211e+01             
       O -7.24956e+01 -1.45471e+01  2.78267e+01             
       H -7.20711e+01 -1.36890e+01  2.74867e+01             
       H -7.17703e+01 -1.51643e+01  2.81122e+01             
       O -6.11820e+01 -2.22804e+01  2.06202e+01             
       H -4.01209e+01 -9.90274e+00  4.00197e+01             
       H -6.05458e+01 -2.30042e+01  2.03789e+01             
       O -6.82865e+01 -1.72803e+01  5.26169e+01             
       H -6.81772e+01 -1.79032e+01  5.33826e+01             
       H -6.73112e+01 -1.70843e+01  5.24147e+01             
       O -6.78073e+01 -1.38790e+01  6.79076e+01             
       H -6.70917e+01 -1.43672e+01  6.74645e+01             
       H -6.74939e+01 -1.37081e+01  6.87997e+01             
192                                                         
# CELL(abcABC):   12.41850    12.41850    12.41850    90.00000    90.00000    90.00000  Step:      200000  Bead:       0 x_centroid{angstrom}  cell{angstrom}   
       O -8.80881e+01 -1.27389e+01  7.65801e+01             
       H -8.80201e+01 -1.31641e+01  7.57118e+01             
       H -8.71761e+01 -1.27403e+01  7.69127e+01             
       O -7.39542e+01 -9.43233e+00  6.17162e+01             
       H -7.53143e+01 -2.11521e+01  5.80383e+01             
       H -7.34205e+01 -9.06613e+00  6.24799e+01             
       O -7.82238e+01 -2.95818e+01  5.96783e+01             
       H -7.77308e+01 -1.66549e+01  6.03369e+01             
       H -7.75693e+01 -2.99290e+01  5.89683e+01             
       O -7.18859e+01 -2.32612e+01  6.04283e+01             
       H -7.11337e+01 -2.35985e+01  6.09357e+01             
       H -7.14685e+01 -2.29041e+01  5.95782e+01             
       O -6.42447e+01 -2.28185e+01  5.34869e+01             
       H -6.34553e+01 -2.23948e+01  5.39781e+01             
       H -6.38990e+01 -2.35013e+01  5.29225e+01             
       O -6.79626e+01 -2.03095e+01  6.74209e+01             
       H -6.74487e+01 -2.10631e+01  6.71179e+01             
       H -6.72506e+01 -1.96208e+01  6.74842e+01             
       O -7.47030e+01 -2.13533e+01  4.22486e+01             
       H -7.39376e+01 -2.14540e+01  4.17242e+01             
       H -6.34981e+01 -1.84535e+00  5.85532e+01             
       O -5.87570e+01 -2.24721e+01  7.00280e+01             
       H -5.81701e+01 -2.16687e+01  7.00028e+01             
       H -5.80832e+01 -3.56363e+01  7.00909e+01             
       O -8.01782e+01 -1.31544e+01  4.74207e+01             
       H -7.94988e+01 -1.25786e+01  4.78785e+01             
       H -7.97314e+01 -1.37769e+01  4.67995e+01             
       O -7.78562e+01 -2.62531e+01  5.62157e+01             
       H -7.74479e+01 -2.63379e+01  5.52851e+01             
       H -7.72151e+01 -2.62945e+01  5.69975e+01             
       O -8.09820e+01 -9.55159e+00  6.19109e+01             
       H -8.01672e+01 -9.88035e+00  6.24843e+01             
       H -8.05339e+01 -9.32255e+00  6.10575e+01             
       O -7.66830e+01 -1.46036e+01  5.39868e+01             
       H -7.62342e+01 -1.41491e+01  5.32070e+01             
       H -6.68019e+01 -1.55049e+01  5.18006e+01             
       O -7.37954e+01 -3.44375e+01  4.47775e+01             
       H -7.28895e+01 -3.44513e+01  4.49790e+01             
       H -6.96818e+01 -2.84022e+01  6.59196e+01             
       O -8.25419e+01 -1.96755e+01  5.36841e+01             
       H -8.16880e+01 -1.98713e+01  5.42524e+01             
       H -8.25170e+01 -2.03120e+01  5.29672e+01             
       O -6.87872e+01 -2.70551e+01  6.65465e+01             
       H -6.85976e+01 -2.61300e+01  6.61457e+01             
       H -6.79869e+01 -2.75674e+01  6.66658e+01             
       O -7.64952e+01 -1.04439e+01  6.24927e+01             
       H -7.56308e+01 -1.01072e+01  6.21090e+01             
       H -7.60884e+01 -1.10387e+01  6.31904e+01             
       O -7.42886e+01 -1.22498e+01  4.52117e+01             
       H -7.38941e+01 -2.50459e+01  4.43336e+01             
       H -7.37165e+01 -1.26109e+01  4.59251e+01             
       O -7.50722e+01 -2.64331e+01  4.93085e+01             
       H -7.45017e+01 -2.61760e+01  4.85357e+01             
       H -7.44844e+01 -2.72054e+01  4.97123e+01             
       O -8.20846e+01 -1.62029e+01  5.76320e+01             
       H -8.11437e+01 -1.57913e+01  5.77129e+01             
       H -8.23554e+01 -1.57797e+01  5.68005e+01             
       O -7.62238e+01  5.80742e+00  5.37453e+01             
       H -5.78564e+01 -1.92416e+01  5.79129e+01             
       H -7.54916e+01  6.12132e+00  5.31910e+01             
       O -7.01208e+01 -1.97941e+01  6.29045e+01             
       H -7.27220e+01 -2.52668e+01  6.02427e+01             
       H -8.17542e+01 -1.92754e+01  6.33102e+01             
       O -6.90393e+01 -3.28618e+01  5.76313e+01             
       H -6.86815e+01 -3.28791e+01  5.67302e+01             
       H -6.83514e+01 -3.28734e+01  5.83044e+01             
       O -7.81089e+01 -2.24933e+01  5.85782e+01             
       H -7.77981e+01 -2.31060e+01  5.92779e+01             
       H -7.72296e+01 -2.19029e+01  5.84390e+01             
       O -7.48119e+01 -4.44318e+01  6.06358e+01             
       H -7.44048e+01 -4.53171e+01  6.08806e+01             
       H -7.41687e+01 -4.38212e+01  7.25744e+01             
       O -7.86116e+01 -5.99230e+00  5.52400e+01             
       H -7.78877e+01 -6.14070e+00  5.45687e+01             
       H -7.80958e+01 -5.89048e+00  5.61231e+01             
       O -6.68334e+01 -2.38772e+01  5.66438e+01             
       H -6.61660e+01 -2.46170e+01  5.65432e+01             
       H -6.63936e+01 -2.33713e+01  5.73136e+01             
       O -7.50840e+01 -2.88660e+01  7.02144e+01             
       H -7.42875e+01 -2.92331e+01  7.06535e+01             
       H -7.47800e+01 -2.82814e+01  6.94823e+01             
       O -9.14154e+01 -2.26481e+01  5.10696e+01             
       H -9.12247e+01 -2.17951e+01  5.15755e+01             
       H -9.04467e+01 -2.27832e+01  5.06774e+01             
       O -7.29489e+01 -4.38934e+00  6.64030e+01             
       H -7.27614e+01 -5.17965e+00  6.70132e+01             
       H -7.20418e+01 -4.14123e+00  6.61089e+01             
       O -7.45183e+01 -1.51966e+01  5.53571e+01             
       H -7.40288e+01 -1.59059e+01  5.48600e+01             
       H -7.38535e+01 -1.45121e+01  4.31913e+01             
       O -6.88768e+01 -1.42713e+01  3.70837e+01             
       H -6.85817e+01 -1.41302e+01  3.61982e+01             
       H -8.05568e+01 -1.47137e+01  3.75795e+01             
       O -6.09016e+01 -1.58931e+01  3.78153e+01             
       H -6.12718e+01 -1.63907e+01  3.85899e+01             
       H -6.00725e+01 -1.55352e+01  3.82053e+01             
       O -7.28392e+01 -2.55422e+01  4.30984e+01             
       H -7.18821e+01 -2.57422e+01  4.33316e+01             
       H -7.29435e+01 -2.51967e+01  5.45884e+01             
       O -6.80354e+01 -1.83760e+01  3.96073e+01             
       H -7.70056e+01 -1.27397e+01  4.76615e+01             
       H -6.76213e+01 -1.76067e+01  3.91602e+01             
       O -7.11030e+01 -2.73319e+01  6.37157e+01             
       H -7.07419e+01 -2.78743e+01  6.44774e+01             
       H -7.03971e+01 -2.72233e+01  6.30751e+01             
       O -6.07479e+01 -1.78285e+01  4.67837e+01             
       H -5.99694e+01 -1.82441e+01  4.63547e+01             
       H -6.02356e+01 -1.71176e+01  4.72152e+01             
       O -6.74310e+01 -3.31625e+01  5.97876e+01             
       H -6.66515e+01 -3.35948e+01  5.94147e+01             
       H -6.70901e+01 -3.23925e+01  6.02790e+01             
       O -7.05275e+01 -1.12771e+01  6.49843e+01             
       H -7.05314e+01 -1.13993e+01  6.40078e+01             
       H -6.95667e+01 -1.15217e+01  6.51811e+01             
       O -6.17846e+01  6.70752e+00  7.69426e+01             
       H -6.10611e+01  6.03336e+00  7.67252e+01             
       H -6.12360e+01  7.26140e+00  7.75816e+01             
       O -7.02761e+01 -2.91343e+01  6.57592e+01             
       H -7.42236e+01 -2.15078e+01  4.30816e+01             
       H -6.97926e+01 -2.99886e+01  6.55808e+01             
       O -7.60373e+01 -2.06642e+01  5.84868e+01             
       H -6.72553e+01 -1.89923e+01  3.97147e+01             
       H -7.56848e+01 -2.04579e+01  5.93783e+01             
       O -6.70874e+01 -1.57626e+01  5.08867e+01             
       H -7.58633e+01 -7.28668e+00  5.43410e+01             
       H -6.61930e+01 -1.57498e+01  5.04458e+01             
       O -7.01718e+01 -2.95920e+01  6.13815e+01             
       H -8.16473e+01 -2.96903e+01  7.40009e+01             
       H -6.09748e+01 -1.00669e+01  6.12176e+01             
       O -1.03834e+02 -1.60704e+01  6.62565e+01             
       H -1.03030e+02 -1.55299e+01  6.63288e+01             
       H -1.03687e+02 -1.68244e+01  6.68111e+01             
       O -7.09439e+01 -3.09515e+01  5.78139e+01             
       H -7.03424e+01 -3.02044e+01  5.78564e+01             
       H -6.96862e+01 -2.04878e+01  6.23714e+01             
       O -7.76347e+01 -1.21446e+01  4.80901e+01             
       H -7.71284e+01 -1.17187e+01  4.88208e+01             
       H -8.46580e+01 -2.47864e+01  2.75610e+01             
       O -8.24704e+01 -2.42130e+01  4.98524e+01             
       H -8.19100e+01 -2.33802e+01  4.97530e+01             
       H -8.18433e+01 -2.49761e+01  4.97617e+01             
       O -6.71110e+01 -3.09758e+01  4.91722e+01             
       H -6.68032e+01 -3.05437e+01  4.83373e+01             
       H -6.62088e+01 -3.11872e+01  4.95980e+01             
       O -5.48076e+01 -2.76993e+01  5.78242e+01             
       H -5.42915e+01 -1.58862e+01  5.83495e+01             
       H -5.43418e+01 -2.72370e+01  5.70444e+01             
       O -7.04095e+01 -1.36342e+01  5.63140e+01             
       H -5.74245e+01 -1.40131e+01  5.55743e+01             
       H -6.98279e+01 -1.31362e+01  5.69953e+01             
       O -6.39576e+01 -1.03221e+00  5.84063e+01             
       H -7.40411e+01 -3.53927e+01  4.47358e+01             
       H -7.58732e+01 -2.45697e+00  5.45422e+01             
       O -7.81318e+01 -2.01108e+01  5.20715e+01             
       H -7.75334e+01 -1.96916e+01  5.14010e+01             
       H -7.75829e+01 -1.98830e+01  5.29086e+01             
       O -7.20541e+01 -6.44991e+00  4.27704e+01             
       H -7.16090e+01 -1.85396e+01  4.36437e+01             
       H -7.12799e+01 -6.82609e+00  4.22587e+01             
       O -8.15825e+01 -2.42699e+01  5.79446e+01             
       H -8.07435e+01 -2.40932e+01  5.73835e+01             
       H -8.11625e+01 -2.46722e+01  5.87379e+01             
       O -7.24919e+01 -2.02924e+01  6.37314e+01             
       H -7.15674e+01 -2.01072e+01  6.34765e+01             
       H -7.22844e+01 -2.08203e+01  6.45404e+01             
       O -8.56093e+01 -2.60256e+01  4.74167e+01             
       H -8.49800e+01 -2.68471e+01  5.98598e+01             
       H -8.29643e+01 -4.28323e+01  4.93367e+01             
       O -6.66786e+01 -2.26946e+01  6.67389e+01             
       H -6.65180e+01 -2.29598e+01  6.76883e+01             
       H -6.56767e+01 -2.25984e+01  6.63946e+01             
       O -7.21696e+01 -2.19066e+01  5.35892e+01             
       H -7.17800e+01 -2.14865e+01  5.43334e+01             
       H -7.14750e+01 -2.26055e+01  5.33408e+01             
       O -8.87524e+01 -1.86586e+01  6.27471e+01             
       H -8.82246e+01 -1.92027e+01  6.21725e+01             
       H -8.79258e+01 -1.84589e+01  6.33870e+01             
       O -6.80993e+01 -2.43863e+01  5.30335e+01             
       H -6.76095e+01 -2.38151e+01  5.37650e+01             
       H -6.75498e+01 -2.43203e+01  5.22298e+01             
       O -8.40897e+01 -1.56383e+01  3.47724e+01             
       H -8.34674e+01 -1.54492e+01  3.40016e+01             
       H -8.34415e+01 -1.60215e+01  3.54533e+01             
       O -7.29130e+01 -2.54624e+01  2.76665e+01             
       H -5.08539e+01 -1.27999e+01  4.56620e+01             
       H -7.24783e+01 -2.62350e+01  2.72228e+01             
       O -7.70381e+01 -1.82111e+01  5.74058e+01             
       H -7.66939e+01 -1.90478e+01  5.77560e+01             
       H -7.62807e+01 -1.75347e+01  5.74380e+01             
       O -7.71009e+01 -1.57043e+01  7.44262e+01             
       H -7.65985e+01 -1.65356e+01  7.46400e+01             
       H -7.64399e+01 -1.51004e+01  7.40953e+01             
