192                                                         
# CELL(abcABC):   12.41850    12.41850    12.41850    90.00000    90.00000    90.00000  Step:           0  Bead:       0 x_centroid{angstrom}  cell{angstrom}   
       O -7.63941e+01 -1.01323e+01  7.10489e+01             
       H -7.64057e+01 -1.08562e+01  7.03824e+01             
       H -7.54304e+01 -1.01844e+01  7.12030e+01             
       O -6.34308e+01 -6.79166e+00  5.62937e+01             
       H -6.61407e+01 -1.75807e+01  5.31004e+01             
       H -6.26866e+01 -6.27979e+00  5.65849e+01             
       O -6.88383e+01 -2.59783e+01  5.03098e+01             
       H -6.84423e+01 -1.39658e+01  5.11056e+01             
       H -6.80726e+01 -2.57374e+01  4.97938e+01             
       O -6.10483e+01 -2.11746e+01  5.52785e+01             
       H -6.02659e+01 -2.14785e+01  5.58201e+01             
       H -6.07370e+01 -2.08483e+01  5.44531e+01             
       O -5.39222e+01 -2.09774e+01  4.88543e+01             
       H -5.33129e+01 -2.02269e+01  4.87348e+01             
       H -5.34116e+01 -2.18120e+01  4.88466e+01             
       O -5.85968e+01 -1.96703e+01  6.35541e+01             
       H -5.77961e+01 -2.02125e+01  6.32766e+01             
       H -5.81203e+01 -1.90361e+01  6.41779e+01             
       O -6.37179e+01 -1.92813e+01  3.66136e+01             
       H -6.29670e+01 -1.89580e+01  3.61413e+01             
       H -5.37355e+01  2.63042e+00  5.17208e+01             
       O -4.88144e+01 -1.71082e+01  6.73457e+01             
       H -4.89453e+01 -1.72478e+01  6.83095e+01             
       H -4.78815e+01 -2.93478e+01  6.71483e+01             
       O -7.16019e+01 -1.03382e+01  4.09770e+01             
       H -7.13419e+01 -1.00826e+01  4.18680e+01             
       H -7.07005e+01 -1.06481e+01  4.05670e+01             
       O -7.05153e+01 -2.25627e+01  4.90029e+01             
       H -7.01108e+01 -2.32413e+01  4.84579e+01             
       H -6.98242e+01 -2.22095e+01  4.95268e+01             
       O -7.02015e+01 -7.17569e+00  5.79272e+01             
       H -6.93221e+01 -7.37860e+00  5.83799e+01             
       H -6.98268e+01 -6.82031e+00  5.70990e+01             
       O -6.49636e+01 -1.08246e+01  4.86691e+01             
       H -6.45866e+01 -1.05860e+01  4.77435e+01             
       H -5.57026e+01 -1.07255e+01  4.42316e+01             
       O -6.27249e+01 -3.10314e+01  4.08244e+01             
       H -6.20042e+01 -3.06327e+01  4.13760e+01             
       H -5.84042e+01 -2.59858e+01  5.97065e+01             
       O -7.18910e+01 -1.75427e+01  4.91769e+01             
       H -7.15896e+01 -1.82769e+01  4.97061e+01             
       H -7.10998e+01 -1.69121e+01  4.90679e+01             
       O -5.70795e+01 -2.46481e+01  5.94166e+01             
       H -5.67520e+01 -2.41142e+01  5.86167e+01             
       H -5.62546e+01 -2.50102e+01  5.97087e+01             
       O -6.52824e+01 -7.99543e+00  5.77213e+01             
       H -6.45534e+01 -7.49590e+00  5.73381e+01             
       H -6.47581e+01 -8.79377e+00  5.80489e+01             
       O -6.48747e+01 -7.99804e+00  4.10865e+01             
       H -6.41191e+01 -1.98758e+01  4.11791e+01             
       H -6.45091e+01 -8.87732e+00  4.07058e+01             
       O -6.44011e+01 -2.41877e+01  4.40522e+01             
       H -6.38929e+01 -2.35272e+01  4.35113e+01             
       H -6.38321e+01 -2.50304e+01  4.42428e+01             
       O -7.39839e+01 -1.19968e+01  5.28686e+01             
       H -7.32321e+01 -1.13787e+01  5.27517e+01             
       H -7.36776e+01 -1.28460e+01  5.32304e+01             
       O -6.55083e+01  7.85631e+00  4.66366e+01             
       H -4.89351e+01 -1.65901e+01  5.02740e+01             
       H -6.46256e+01  8.26307e+00  4.65129e+01             
       O -5.88892e+01 -1.64444e+01  5.77800e+01             
       H -6.20678e+01 -2.23545e+01  5.50326e+01             
       H -7.07191e+01 -1.71736e+01  5.80578e+01             
       O -5.88927e+01 -2.87886e+01  5.41553e+01             
       H -5.83271e+01 -2.94464e+01  5.36596e+01             
       H -5.83004e+01 -2.84072e+01  5.47954e+01             
       O -6.67282e+01 -2.12224e+01  5.54326e+01             
       H -6.62790e+01 -2.11451e+01  5.62950e+01             
       H -6.60677e+01 -2.08347e+01  5.47660e+01             
       O -6.52501e+01 -4.21208e+01  5.46955e+01             
       H -6.45021e+01 -4.26648e+01  5.48829e+01             
       H -6.48760e+01 -4.12655e+01  6.69107e+01             
       O -6.46996e+01 -2.16485e+00  4.93513e+01             
       H -6.38347e+01 -1.61143e+00  4.93814e+01             
       H -6.44174e+01 -3.11419e+00  4.93192e+01             
       O -5.62242e+01 -1.90582e+01  5.56235e+01             
       H -5.56461e+01 -1.82872e+01  5.60254e+01             
       H -5.55683e+01 -1.98340e+01  5.55429e+01             
       O -6.45451e+01 -2.61629e+01  6.49376e+01             
       H -6.40441e+01 -2.66279e+01  6.56763e+01             
       H -6.41410e+01 -2.65359e+01  6.41356e+01             
       O -8.01598e+01 -2.05709e+01  4.63542e+01             
       H -7.97954e+01 -2.06676e+01  4.72916e+01             
       H -7.93719e+01 -2.03568e+01  4.58198e+01             
       O -6.15807e+01 -1.98176e+00  6.08771e+01             
       H -6.15070e+01 -2.62177e+00  6.15915e+01             
       H -6.06530e+01 -1.87034e+00  6.05298e+01             
       O -6.26409e+01 -1.22074e+01  5.01252e+01             
       H -6.18776e+01 -1.23240e+01  4.96019e+01             
       H -6.22829e+01 -1.23046e+01  3.86144e+01             
       O -5.86563e+01 -1.24072e+01  3.04418e+01             
       H -5.78154e+01 -1.27674e+01  3.04042e+01             
       H -7.13194e+01 -1.20342e+01  2.96076e+01             
       O -5.05124e+01 -1.38150e+01  3.22783e+01             
       H -5.05394e+01 -1.43772e+01  3.30211e+01             
       H -4.95409e+01 -1.35070e+01  3.22569e+01             
       O -6.45538e+01 -2.28449e+01  3.94273e+01             
       H -6.42807e+01 -2.36080e+01  3.98686e+01             
       H -6.38486e+01 -2.25352e+01  5.13366e+01             
       O -5.74721e+01 -1.58077e+01  3.64487e+01             
       H -6.67070e+01 -1.09823e+01  4.28870e+01             
       H -5.66107e+01 -1.63379e+01  3.63213e+01             
       O -6.04667e+01 -2.51464e+01  5.73859e+01             
       H -6.00216e+01 -2.56891e+01  5.80500e+01             
       H -5.98793e+01 -2.49978e+01  5.65844e+01             
       O -5.08127e+01 -1.51284e+01  4.22179e+01             
       H -5.00201e+01 -1.57077e+01  4.23225e+01             
       H -5.08398e+01 -1.45829e+01  4.30259e+01             
       O -5.46737e+01 -2.70488e+01  5.30006e+01             
       H -5.37435e+01 -2.67886e+01  5.26651e+01             
       H -5.46871e+01 -2.80059e+01  5.28675e+01             
       O -5.94059e+01 -8.61114e+00  5.97994e+01             
       H -5.88952e+01 -8.09536e+00  5.91770e+01             
       H -5.87775e+01 -9.12820e+00  6.03255e+01             
       O -5.06324e+01  9.03986e+00  7.15556e+01             
       H -4.99702e+01  8.45721e+00  7.11182e+01             
       H -5.00646e+01  9.55722e+00  7.22051e+01             
       O -5.92686e+01 -2.65015e+01  5.94690e+01             
       H -6.34714e+01 -2.01461e+01  3.69313e+01             
       H -5.88612e+01 -2.73538e+01  5.91431e+01             
       O -6.67313e+01 -1.72975e+01  5.23412e+01             
       H -5.71947e+01 -1.49936e+01  3.69357e+01             
       H -6.61479e+01 -1.74640e+01  5.15281e+01             
       O -5.63112e+01 -1.03803e+01  4.49096e+01             
       H -6.53208e+01 -5.46677e+00  4.68767e+01             
       H -5.59775e+01 -9.59442e+00  4.54059e+01             
       O -5.62571e+01 -2.58874e+01  5.50135e+01             
       H -6.82528e+01 -2.63506e+01  6.67019e+01             
       H -5.04937e+01 -7.59745e+00  5.60636e+01             
       O -9.19238e+01 -1.27834e+01  6.08043e+01             
       H -9.14840e+01 -1.19232e+01  6.06136e+01             
       H -9.11958e+01 -1.34502e+01  6.08416e+01             
       O -6.20298e+01 -2.83353e+01  5.05837e+01             
       H -6.16091e+01 -2.77397e+01  5.12262e+01             
       H -5.83403e+01 -1.59603e+01  5.71226e+01             
       O -6.68886e+01 -1.17952e+01  4.33392e+01             
       H -6.59710e+01 -1.20043e+01  4.37345e+01             
       H -7.31357e+01 -2.31492e+01  2.08005e+01             
       O -7.14106e+01 -2.20622e+01  4.42211e+01             
       H -7.07197e+01 -2.14220e+01  4.45099e+01             
       H -7.08687e+01 -2.28327e+01  4.40107e+01             
       O -5.63988e+01 -2.33442e+01  4.06102e+01             
       H -5.58802e+01 -2.39630e+01  4.11246e+01             
       H -5.57238e+01 -2.27179e+01  4.02392e+01             
       O -4.63288e+01 -2.50272e+01  5.12291e+01             
       H -4.54771e+01 -1.28855e+01  5.09058e+01             
       H -4.65848e+01 -2.42734e+01  5.06534e+01             
       O -6.26166e+01 -9.12879e+00  5.03380e+01             
       H -4.95334e+01 -9.60901e+00  4.98477e+01             
       H -6.20254e+01 -8.68161e+00  5.09694e+01             
       O -5.45006e+01  3.13660e+00  5.19944e+01             
       H -6.21330e+01 -3.16341e+01  4.03528e+01             
       H -6.42502e+01  1.24428e+00  4.92170e+01             
       O -6.73867e+01 -1.67455e+01  4.87948e+01             
       H -6.67222e+01 -1.68099e+01  4.80350e+01             
       H -6.68626e+01 -1.62570e+01  4.94248e+01             
       O -6.46077e+01 -4.89988e+00  3.81987e+01             
       H -6.38874e+01 -1.68386e+01  3.85781e+01             
       H -6.42239e+01 -5.69553e+00  3.78123e+01             
       O -7.30579e+01 -2.07602e+01  5.22410e+01             
       H -7.24001e+01 -2.03228e+01  5.16685e+01             
       H -7.24811e+01 -2.14600e+01  5.25711e+01             
       O -6.11789e+01 -1.74518e+01  5.76031e+01             
       H -6.02489e+01 -1.71306e+01  5.77585e+01             
       H -6.12827e+01 -1.81913e+01  5.82909e+01             
       O -7.52748e+01 -2.28800e+01  4.24185e+01             
       H -7.49433e+01 -2.36018e+01  5.43581e+01             
       H -6.79445e+01 -3.77155e+01  4.29052e+01             
       O -5.62860e+01 -2.10667e+01  6.26168e+01             
       H -5.56957e+01 -2.12893e+01  6.34166e+01             
       H -5.55223e+01 -2.07009e+01  6.20332e+01             
       O -6.11701e+01 -1.88992e+01  4.75784e+01             
       H -6.05813e+01 -1.83429e+01  4.80916e+01             
       H -6.07155e+01 -1.97838e+01  4.75462e+01             
       O -7.95335e+01 -1.70490e+01  5.67221e+01             
       H -7.88022e+01 -1.70582e+01  5.60616e+01             
       H -7.90939e+01 -1.70420e+01  5.75967e+01             
       O -6.08008e+01 -2.30238e+01  4.88944e+01             
       H -5.98080e+01 -2.30141e+01  4.89351e+01             
       H -6.09653e+01 -2.29438e+01  4.79634e+01             
       O -7.28434e+01 -1.44273e+01  2.77360e+01             
       H -7.22533e+01 -1.38591e+01  2.72452e+01             
       H -7.22620e+01 -1.50515e+01  2.82317e+01             
       O -6.12192e+01 -2.24168e+01  2.12775e+01             
       H -4.17634e+01 -8.58516e+00  4.01299e+01             
       H -6.04422e+01 -2.18554e+01  2.15892e+01             
       O -6.94920e+01 -1.83936e+01  5.29923e+01             
       H -6.91696e+01 -1.89319e+01  5.37809e+01             
       H -6.86836e+01 -1.80995e+01  5.25551e+01             
       O -6.94155e+01 -1.56549e+01  6.85558e+01             
       H -6.85938e+01 -1.61074e+01  6.88101e+01             
       H -6.88957e+01 -1.48917e+01  6.82683e+01             
192                                                         
# CELL(abcABC):   12.41850    12.41850    12.41850    90.00000    90.00000    90.00000  Step:      200000  Bead:       0 x_centroid{angstrom}  cell{angstrom}   
       O -8.80293e+01 -1.33346e+01  7.58719e+01             
       H -8.77696e+01 -1.38876e+01  7.50904e+01             
       H -8.73057e+01 -1.27854e+01  7.62137e+01             
       O -7.62755e+01 -9.40467e+00  6.24273e+01             
       H -7.86504e+01 -2.07387e+01  6.02513e+01             
       H -7.57368e+01 -8.95597e+00  6.31256e+01             
       O -8.35619e+01 -2.79817e+01  5.60653e+01             
       H -8.27753e+01 -1.62208e+01  5.62110e+01             
       H -8.32597e+01 -2.70176e+01  5.59156e+01             
       O -7.33271e+01 -2.50969e+01  6.05366e+01             
       H -7.26118e+01 -2.52532e+01  6.12535e+01             
       H -7.28276e+01 -2.48364e+01  5.97052e+01             
       O -6.56742e+01 -2.44444e+01  5.52381e+01             
       H -6.49460e+01 -2.39090e+01  5.56428e+01             
       H -6.52145e+01 -2.52735e+01  5.50314e+01             
       O -7.12753e+01 -2.11889e+01  7.03484e+01             
       H -7.05632e+01 -2.16518e+01  6.98579e+01             
       H -7.07371e+01 -2.09456e+01  7.10854e+01             
       O -7.60606e+01 -2.26666e+01  4.36789e+01             
       H -7.53066e+01 -2.21973e+01  4.32525e+01             
       H -6.69795e+01  4.12092e-01  5.64336e+01             
       O -5.99663e+01 -2.00528e+01  7.56676e+01             
       H -5.93047e+01 -1.96649e+01  7.63361e+01             
       H -5.95178e+01 -3.25684e+01  7.47938e+01             
       O -8.23703e+01 -1.34899e+01  4.59074e+01             
       H -8.23306e+01 -1.43201e+01  4.64124e+01             
       H -8.14411e+01 -1.31884e+01  4.57063e+01             
       O -8.31330e+01 -2.53090e+01  5.53898e+01             
       H -8.25336e+01 -2.55808e+01  5.46201e+01             
       H -8.25051e+01 -2.50719e+01  5.60621e+01             
       O -8.13815e+01 -9.83935e+00  6.47247e+01             
       H -8.08059e+01 -9.13080e+00  6.43485e+01             
       H -8.07088e+01 -1.05681e+01  6.50058e+01             
       O -7.67597e+01 -1.43580e+01  5.35241e+01             
       H -7.63671e+01 -1.40153e+01  5.26446e+01             
       H -6.74575e+01 -1.52828e+01  4.98282e+01             
       O -7.51884e+01 -3.52784e+01  4.78332e+01             
       H -7.46377e+01 -3.46648e+01  4.71885e+01             
       H -6.97656e+01 -2.67472e+01  6.46118e+01             
       O -8.45308e+01 -1.97423e+01  5.60018e+01             
       H -8.41538e+01 -2.02029e+01  5.68745e+01             
       H -8.36628e+01 -1.96079e+01  5.54770e+01             
       O -6.89276e+01 -2.57565e+01  6.59673e+01             
       H -6.82122e+01 -2.51367e+01  6.56032e+01             
       H -6.83599e+01 -2.63861e+01  6.64263e+01             
       O -7.76561e+01 -1.16501e+01  6.30504e+01             
       H -7.72296e+01 -1.08169e+01  6.26604e+01             
       H -7.67753e+01 -1.21986e+01  6.31939e+01             
       O -7.83904e+01 -1.14512e+01  4.68693e+01             
       H -7.81818e+01 -2.29517e+01  4.71212e+01             
       H -7.75543e+01 -1.18568e+01  4.65258e+01             
       O -7.44058e+01 -2.97439e+01  5.00244e+01             
       H -7.39882e+01 -3.05598e+01  4.97182e+01             
       H -7.37659e+01 -2.92899e+01  5.07344e+01             
       O -8.78801e+01 -1.64798e+01  5.73465e+01             
       H -8.69071e+01 -1.60734e+01  5.74217e+01             
       H -8.77683e+01 -1.71771e+01  5.66896e+01             
       O -7.80739e+01  4.24018e+00  5.43681e+01             
       H -6.10399e+01 -2.11101e+01  5.79745e+01             
       H -7.74905e+01  5.01079e+00  5.41741e+01             
       O -7.15739e+01 -2.51868e+01  6.24771e+01             
       H -7.43718e+01 -2.62762e+01  6.07044e+01             
       H -8.34081e+01 -2.58812e+01  6.29017e+01             
       O -7.05798e+01 -3.19165e+01  6.09264e+01             
       H -6.98343e+01 -3.24200e+01  6.05343e+01             
       H -7.01196e+01 -3.14450e+01  6.16297e+01             
       O -7.97282e+01 -2.48035e+01  6.14971e+01             
       H -7.89911e+01 -2.45955e+01  6.21412e+01             
       H -7.92808e+01 -2.46002e+01  6.06411e+01             
       O -7.81202e+01 -4.50376e+01  6.17979e+01             
       H -7.73542e+01 -4.56090e+01  6.19355e+01             
       H -7.77113e+01 -4.41710e+01  7.39937e+01             
       O -8.02308e+01 -5.52571e+00  5.88190e+01             
       H -7.92141e+01 -5.44714e+00  5.86461e+01             
       H -8.04491e+01 -6.42642e+00  5.89807e+01             
       O -6.96108e+01 -2.32359e+01  6.20285e+01             
       H -6.93241e+01 -2.29659e+01  6.29242e+01             
       H -6.88258e+01 -2.38475e+01  6.18041e+01             
       O -7.68696e+01 -2.99727e+01  7.40204e+01             
       H -7.59821e+01 -2.98649e+01  7.44918e+01             
       H -7.66584e+01 -2.97227e+01  7.31360e+01             
       O -9.18403e+01 -2.41956e+01  5.28432e+01             
       H -9.12634e+01 -2.39742e+01  5.37425e+01             
       H -9.11885e+01 -2.41546e+01  5.20815e+01             
       O -7.46441e+01 -5.79956e+00  6.76979e+01             
       H -7.40532e+01 -6.55734e+00  6.80341e+01             
       H -7.40751e+01 -5.00296e+00  6.75456e+01             
       O -7.74545e+01 -1.79225e+01  5.84581e+01             
       H -7.72556e+01 -1.88236e+01  5.82336e+01             
       H -7.67956e+01 -1.73372e+01  4.55389e+01             
       O -7.32311e+01 -1.54053e+01  3.30227e+01             
       H -7.28287e+01 -1.56133e+01  3.38334e+01             
       H -8.49341e+01 -1.54777e+01  3.23706e+01             
       O -5.84135e+01 -1.86901e+01  3.99549e+01             
       H -5.81551e+01 -1.90180e+01  4.08421e+01             
       H -5.75382e+01 -1.86367e+01  3.94304e+01             
       O -7.63678e+01 -2.55814e+01  4.60380e+01             
       H -7.60246e+01 -2.61272e+01  4.67753e+01             
       H -7.56695e+01 -2.53317e+01  5.78125e+01             
       O -6.97226e+01 -1.93113e+01  4.24051e+01             
       H -7.91350e+01 -1.50796e+01  5.54089e+01             
       H -6.94927e+01 -1.84371e+01  4.29327e+01             
       O -7.24868e+01 -2.90690e+01  6.41099e+01             
       H -7.20202e+01 -2.99372e+01  6.45259e+01             
       H -7.16673e+01 -2.86397e+01  6.39366e+01             
       O -6.41534e+01 -1.85405e+01  5.35849e+01             
       H -6.33642e+01 -1.84816e+01  5.42554e+01             
       H -6.36312e+01 -1.87850e+01  5.28244e+01             
       O -6.90543e+01 -2.96794e+01  5.63230e+01             
       H -6.83947e+01 -2.90865e+01  5.58766e+01             
       H -6.85058e+01 -3.01203e+01  5.70405e+01             
       O -7.17149e+01 -1.05042e+01  6.59005e+01             
       H -7.09709e+01 -1.01530e+01  6.54176e+01             
       H -7.12928e+01 -1.10258e+01  6.65975e+01             
       O -6.58256e+01  8.32369e+00  7.79021e+01             
       H -6.52677e+01  9.14417e+00  7.79209e+01             
       H -6.51992e+01  7.62477e+00  7.80924e+01             
       O -7.02224e+01 -2.71488e+01  6.38063e+01             
       H -7.55433e+01 -2.34824e+01  4.38599e+01             
       H -6.93684e+01 -2.72525e+01  6.32597e+01             
       O -7.88386e+01 -2.11009e+01  5.93248e+01             
       H -6.89738e+01 -1.98244e+01  4.22982e+01             
       H -7.79470e+01 -2.09205e+01  5.88377e+01             
       O -6.82610e+01 -1.47096e+01  4.96452e+01             
       H -7.74784e+01 -8.89669e+00  5.44279e+01             
       H -6.78565e+01 -1.38000e+01  4.93714e+01             
       O -6.67178e+01 -2.92032e+01  6.29153e+01             
       H -7.83515e+01 -2.94271e+01  7.47467e+01             
       H -6.33149e+01 -9.62721e+00  6.16248e+01             
       O -1.02517e+02 -1.48705e+01  6.88957e+01             
       H -1.02479e+02 -1.43617e+01  6.97626e+01             
       H -1.01661e+02 -1.52585e+01  6.88098e+01             
       O -7.40482e+01 -3.33686e+01  5.87180e+01             
       H -7.35553e+01 -3.26267e+01  5.91881e+01             
       H -7.10176e+01 -2.44048e+01  6.23277e+01             
       O -7.99021e+01 -1.54295e+01  5.48630e+01             
       H -7.93718e+01 -1.58629e+01  5.41624e+01             
       H -8.51314e+01 -2.47493e+01  2.66264e+01             
       O -8.47103e+01 -2.89513e+01  4.77127e+01             
       H -8.51151e+01 -2.92060e+01  4.85365e+01             
       H -8.36809e+01 -2.88844e+01  4.78088e+01             
       O -6.97220e+01 -2.86327e+01  4.77478e+01             
       H -6.90149e+01 -2.92362e+01  4.73020e+01             
       H -6.93396e+01 -2.81811e+01  4.84963e+01             
       O -6.04762e+01 -2.87662e+01  5.43853e+01             
       H -5.96269e+01 -1.62348e+01  5.48785e+01             
       H -6.01889e+01 -2.87536e+01  5.34343e+01             
       O -7.44801e+01 -1.25177e+01  5.66560e+01             
       H -6.19794e+01 -1.30831e+01  5.58319e+01             
       H -7.35893e+01 -1.24784e+01  5.70828e+01             
       O -6.76111e+01  4.97405e-01  5.71423e+01             
       H -7.46958e+01 -3.60982e+01  4.78923e+01             
       H -7.58914e+01 -1.95334e+00  5.40195e+01             
       O -7.98538e+01 -2.03313e+01  5.65212e+01             
       H -7.90653e+01 -2.04084e+01  5.58939e+01             
       H -7.94026e+01 -2.03250e+01  5.73554e+01             
       O -7.66569e+01 -8.20020e+00  4.54734e+01             
       H -7.56467e+01 -2.04606e+01  4.58031e+01             
       H -7.65886e+01 -8.81400e+00  4.46786e+01             
       O -8.45156e+01 -2.41749e+01  5.82903e+01             
       H -8.43243e+01 -2.32398e+01  5.81757e+01             
       H -8.36953e+01 -2.46560e+01  5.80656e+01             
       O -7.47869e+01 -2.02991e+01  6.43132e+01             
       H -7.39728e+01 -2.00043e+01  6.38242e+01             
       H -7.42991e+01 -2.08210e+01  6.50723e+01             
       O -8.75234e+01 -2.69924e+01  4.84977e+01             
       H -8.71843e+01 -2.78609e+01  6.06796e+01             
       H -7.86810e+01 -4.15928e+01  5.13919e+01             
       O -6.94596e+01 -2.23791e+01  6.88105e+01             
       H -6.87665e+01 -2.29880e+01  6.91945e+01             
       H -6.89721e+01 -2.15931e+01  6.84064e+01             
       O -7.37017e+01 -2.13498e+01  5.44054e+01             
       H -7.29830e+01 -2.09843e+01  5.49020e+01             
       H -7.31704e+01 -2.21640e+01  5.40715e+01             
       O -9.19305e+01 -2.05069e+01  6.40767e+01             
       H -9.12596e+01 -2.03073e+01  6.33310e+01             
       H -9.13017e+01 -2.04483e+01  6.48631e+01             
       O -7.40232e+01 -2.62916e+01  5.42412e+01             
       H -7.36370e+01 -2.72072e+01  5.42798e+01             
       H -7.36132e+01 -2.58164e+01  5.34368e+01             
       O -8.55331e+01 -1.91269e+01  3.53240e+01             
       H -8.55210e+01 -1.81886e+01  3.49767e+01             
       H -8.45302e+01 -1.92680e+01  3.55859e+01             
       O -7.34579e+01 -2.45186e+01  2.72336e+01             
       H -5.45838e+01 -1.16711e+01  4.54413e+01             
       H -7.30438e+01 -2.37574e+01  2.77362e+01             
       O -8.14103e+01 -2.12182e+01  6.00693e+01             
       H -8.14566e+01 -2.18999e+01  6.07385e+01             
       H -8.04835e+01 -2.11912e+01  5.96404e+01             
       O -8.12402e+01 -1.87440e+01  7.56720e+01             
       H -8.06077e+01 -1.94021e+01  7.61279e+01             
       H -8.05698e+01 -1.80567e+01  7.54483e+01             
