192                                                         
# CELL(abcABC):   12.41850    12.41850    12.41850    90.00000    90.00000    90.00000  Step:           0  Bead:       0 x_centroid{angstrom}  cell{angstrom}   
       O -7.54618e+01 -1.04818e+01  6.86240e+01             
       H -7.49455e+01 -1.07404e+01  6.78070e+01             
       H -7.47928e+01 -1.03370e+01  6.93139e+01             
       O -6.16440e+01 -6.36232e+00  5.60743e+01             
       H -6.33893e+01 -1.60485e+01  5.35642e+01             
       H -6.10333e+01 -6.07034e+00  5.68322e+01             
       O -6.62687e+01 -2.70864e+01  5.09977e+01             
       H -6.59517e+01 -1.41528e+01  5.18326e+01             
       H -6.55094e+01 -2.71247e+01  5.03972e+01             
       O -5.95336e+01 -2.01960e+01  5.46022e+01             
       H -5.86848e+01 -2.03580e+01  5.50048e+01             
       H -5.93869e+01 -1.94595e+01  5.40329e+01             
       O -5.34558e+01 -1.99263e+01  4.77575e+01             
       H -5.26605e+01 -1.95860e+01  4.82765e+01             
       H -5.29835e+01 -2.07054e+01  4.74451e+01             
       O -5.69812e+01 -1.85714e+01  6.29503e+01             
       H -5.64415e+01 -1.90876e+01  6.23393e+01             
       H -5.63431e+01 -1.78722e+01  6.32968e+01             
       O -6.38099e+01 -1.91586e+01  3.67767e+01             
       H -6.29865e+01 -1.93932e+01  3.62450e+01             
       H -5.21245e+01  2.04287e+00  5.24474e+01             
       O -4.69192e+01 -1.68371e+01  6.69681e+01             
       H -4.65158e+01 -1.66602e+01  6.78683e+01             
       H -4.62794e+01 -2.87507e+01  6.64454e+01             
       O -6.93680e+01 -9.74272e+00  4.09008e+01             
       H -6.86916e+01 -9.55437e+00  4.15287e+01             
       H -6.88203e+01 -1.00390e+01  4.01149e+01             
       O -6.35847e+01 -2.15994e+01  4.70427e+01             
       H -6.40522e+01 -2.24001e+01  4.68696e+01             
       H -6.26207e+01 -2.17526e+01  4.68760e+01             
       O -6.80711e+01 -6.15858e+00  5.58068e+01             
       H -6.73637e+01 -6.48089e+00  5.64035e+01             
       H -6.76414e+01 -5.79926e+00  5.50047e+01             
       O -6.48052e+01 -1.20470e+01  4.63868e+01             
       H -6.43353e+01 -1.23058e+01  4.55357e+01             
       H -5.45935e+01 -1.02963e+01  4.37062e+01             
       O -6.09545e+01 -3.05703e+01  3.96574e+01             
       H -6.07592e+01 -2.97054e+01  4.00232e+01             
       H -5.75422e+01 -2.69636e+01  5.93209e+01             
       O -7.14331e+01 -1.75590e+01  4.86559e+01             
       H -7.09121e+01 -1.78251e+01  4.94009e+01             
       H -7.08082e+01 -1.72235e+01  4.79920e+01             
       O -5.67086e+01 -2.34493e+01  5.89974e+01             
       H -5.63054e+01 -2.29123e+01  5.82926e+01             
       H -5.60499e+01 -2.40617e+01  5.93280e+01             
       O -6.40067e+01 -7.63021e+00  5.61970e+01             
       H -6.31770e+01 -7.00985e+00  5.61364e+01             
       H -6.37335e+01 -8.47780e+00  5.65091e+01             
       O -6.29241e+01 -7.35924e+00  3.94053e+01             
       H -6.22363e+01 -1.90312e+01  3.93645e+01             
       H -6.23729e+01 -8.09119e+00  3.97458e+01             
       O -6.34788e+01 -2.58768e+01  4.31399e+01             
       H -6.29996e+01 -2.63020e+01  4.23890e+01             
       H -6.28918e+01 -2.60994e+01  4.38946e+01             
       O -7.08144e+01 -1.26636e+01  5.01854e+01             
       H -6.98613e+01 -1.26866e+01  5.01981e+01             
       H -7.08886e+01 -1.16972e+01  5.00351e+01             
       O -6.44939e+01  7.49831e+00  4.58789e+01             
       H -4.76524e+01 -1.61098e+01  5.00559e+01             
       H -6.35921e+01  7.76511e+00  4.61006e+01             
       O -5.76581e+01 -1.69230e+01  5.66430e+01             
       H -6.05984e+01 -2.11866e+01  5.38635e+01             
       H -6.93640e+01 -1.76101e+01  5.64238e+01             
       O -5.71771e+01 -2.77126e+01  5.29527e+01             
       H -5.63050e+01 -2.82157e+01  5.26104e+01             
       H -5.67662e+01 -2.68979e+01  5.34154e+01             
       O -6.47382e+01 -2.00357e+01  5.37665e+01             
       H -6.43653e+01 -2.01302e+01  5.46527e+01             
       H -6.40307e+01 -1.99066e+01  5.31493e+01             
       O -6.19854e+01 -4.12767e+01  5.43879e+01             
       H -6.22322e+01 -4.19873e+01  5.49875e+01             
       H -6.10281e+01 -4.13527e+01  6.68539e+01             
       O -6.42416e+01 -2.65363e+00  4.89167e+01             
       H -6.36934e+01 -1.85880e+00  4.87278e+01             
       H -6.36340e+01 -3.27166e+00  4.92677e+01             
       O -5.40145e+01 -1.77238e+01  5.39710e+01             
       H -5.32947e+01 -1.70757e+01  5.41040e+01             
       H -5.35184e+01 -1.86128e+01  5.38308e+01             
       O -6.31136e+01 -2.39962e+01  6.45319e+01             
       H -6.26070e+01 -2.41504e+01  6.53119e+01             
       H -6.24845e+01 -2.42534e+01  6.38700e+01             
       O -7.87370e+01 -1.97095e+01  4.49930e+01             
       H -7.87754e+01 -1.96305e+01  4.59734e+01             
       H -7.77634e+01 -1.97095e+01  4.46482e+01             
       O -6.05424e+01 -1.70792e+00  6.02719e+01             
       H -6.03321e+01 -2.10124e+00  6.11200e+01             
       H -5.97150e+01 -1.35315e+00  5.99668e+01             
       O -6.30108e+01 -1.26327e+01  4.81735e+01             
       H -6.23461e+01 -1.28763e+01  4.75357e+01             
       H -6.25771e+01 -1.21346e+01  3.64278e+01             
       O -5.88658e+01 -1.17845e+01  3.01684e+01             
       H -5.81563e+01 -1.23607e+01  2.97097e+01             
       H -7.09112e+01 -1.08740e+01  3.00780e+01             
       O -4.98173e+01 -1.38181e+01  3.29050e+01             
       H -4.95292e+01 -1.46372e+01  3.32723e+01             
       H -4.89875e+01 -1.32410e+01  3.27587e+01             
       O -6.12466e+01 -2.42533e+01  3.77069e+01             
       H -6.06312e+01 -2.49848e+01  3.75423e+01             
       H -6.08603e+01 -2.33501e+01  5.02206e+01             
       O -5.68413e+01 -1.62139e+01  3.47692e+01             
       H -6.57886e+01 -1.10520e+01  4.19744e+01             
       H -5.69855e+01 -1.65668e+01  3.39042e+01             
       O -6.00640e+01 -2.48448e+01  5.76426e+01             
       H -5.94240e+01 -2.54366e+01  5.80345e+01             
       H -5.97606e+01 -2.45338e+01  5.67599e+01             
       O -4.88347e+01 -1.30830e+01  4.14684e+01             
       H -4.82593e+01 -1.34807e+01  4.08073e+01             
       H -4.82113e+01 -1.27555e+01  4.21210e+01             
       O -5.28318e+01 -2.60070e+01  5.30521e+01             
       H -5.22358e+01 -2.53051e+01  5.28213e+01             
       H -5.23335e+01 -2.68734e+01  5.30876e+01             
       O -5.87533e+01 -8.02985e+00  5.86306e+01             
       H -5.81440e+01 -8.12656e+00  5.78815e+01             
       H -5.83412e+01 -8.25921e+00  5.95030e+01             
       O -4.95271e+01  8.19675e+00  7.17522e+01             
       H -4.86947e+01  7.78303e+00  7.14855e+01             
       H -4.93738e+01  8.84881e+00  7.24078e+01             
       O -5.81234e+01 -2.61947e+01  5.90615e+01             
       H -6.37692e+01 -1.97091e+01  3.75623e+01             
       H -5.75300e+01 -2.54715e+01  5.88825e+01             
       O -6.42603e+01 -1.59819e+01  5.31419e+01             
       H -5.59062e+01 -1.61958e+01  3.49343e+01             
       H -6.41138e+01 -1.64056e+01  5.22737e+01             
       O -5.51692e+01 -9.71029e+00  4.42591e+01             
       H -6.46237e+01 -5.62006e+00  4.65189e+01             
       H -5.47261e+01 -8.83872e+00  4.44089e+01             
       O -5.64064e+01 -2.56166e+01  5.45704e+01             
       H -6.85330e+01 -2.59997e+01  6.78363e+01             
       H -4.86093e+01 -6.96435e+00  5.55285e+01             
       O -9.20375e+01 -1.30150e+01  5.94354e+01             
       H -9.11862e+01 -1.26344e+01  5.91249e+01             
       H -9.17744e+01 -1.39243e+01  5.95346e+01             
       O -6.07521e+01 -2.78684e+01  5.02652e+01             
       H -6.02571e+01 -2.72984e+01  5.09841e+01             
       H -5.70409e+01 -1.61353e+01  5.65343e+01             
       O -6.60444e+01 -1.15109e+01  4.28213e+01             
       H -6.51026e+01 -1.15678e+01  4.31774e+01             
       H -7.28942e+01 -2.15447e+01  2.11697e+01             
       O -6.96885e+01 -2.07112e+01  4.35866e+01             
       H -6.93104e+01 -1.97848e+01  4.34457e+01             
       H -6.89324e+01 -2.13642e+01  4.36443e+01             
       O -5.52137e+01 -2.25793e+01  3.88567e+01             
       H -5.49780e+01 -2.33827e+01  3.83305e+01             
       H -5.43585e+01 -2.24517e+01  3.92471e+01             
       O -4.32783e+01 -2.53502e+01  4.96203e+01             
       H -4.26696e+01 -1.34795e+01  5.01268e+01             
       H -4.28267e+01 -2.53497e+01  4.87443e+01             
       O -6.00302e+01 -9.42613e+00  4.99122e+01             
       H -4.68323e+01 -9.52834e+00  4.92847e+01             
       H -5.94719e+01 -8.97274e+00  5.06261e+01             
       O -5.29821e+01  2.38055e+00  5.27648e+01             
       H -6.01644e+01 -3.10981e+01  3.95465e+01             
       H -6.41452e+01  1.07554e-01  4.71157e+01             
       O -6.63942e+01 -1.56407e+01  4.74256e+01             
       H -6.59007e+01 -1.60504e+01  4.66926e+01             
       H -6.56449e+01 -1.55132e+01  4.80288e+01             
       O -6.33082e+01 -4.46947e+00  3.83692e+01             
       H -6.23803e+01 -1.68274e+01  3.84188e+01             
       H -6.35309e+01 -5.22231e+00  3.77627e+01             
       O -7.11398e+01 -2.02201e+01  5.18614e+01             
       H -7.03574e+01 -1.97592e+01  5.14346e+01             
       H -7.08926e+01 -2.08171e+01  5.25947e+01             
       O -5.98806e+01 -1.80987e+01  5.80778e+01             
       H -5.91873e+01 -1.74957e+01  5.78968e+01             
       H -5.94278e+01 -1.88585e+01  5.83390e+01             
       O -7.38011e+01 -2.15514e+01  4.09548e+01             
       H -7.33253e+01 -2.20520e+01  5.27537e+01             
       H -6.81263e+01 -3.74701e+01  4.18263e+01             
       O -5.56534e+01 -2.05257e+01  6.17320e+01             
       H -5.54422e+01 -2.11694e+01  6.24346e+01             
       H -5.49080e+01 -2.04960e+01  6.11067e+01             
       O -6.14008e+01 -1.97936e+01  4.83342e+01             
       H -6.06835e+01 -1.91846e+01  4.82425e+01             
       H -6.09386e+01 -2.04291e+01  4.89026e+01             
       O -7.78758e+01 -1.52293e+01  5.61181e+01             
       H -7.70733e+01 -1.46198e+01  5.59152e+01             
       H -7.75299e+01 -1.59535e+01  5.66565e+01             
       O -5.78129e+01 -2.19351e+01  4.85026e+01             
       H -5.70245e+01 -2.14468e+01  4.87543e+01             
       H -5.75116e+01 -2.26321e+01  4.79201e+01             
       O -7.18653e+01 -1.41263e+01  2.74261e+01             
       H -7.16553e+01 -1.34131e+01  2.67912e+01             
       H -7.09707e+01 -1.45248e+01  2.76420e+01             
       O -6.10609e+01 -2.22405e+01  2.09426e+01             
       H -4.03041e+01 -9.17961e+00  4.07222e+01             
       H -6.04639e+01 -2.29542e+01  2.09172e+01             
       O -6.76680e+01 -1.67266e+01  5.17193e+01             
       H -6.70957e+01 -1.73014e+01  5.22602e+01             
       H -6.70215e+01 -1.60590e+01  5.12974e+01             
       O -6.80044e+01 -1.43294e+01  6.92519e+01             
       H -6.70178e+01 -1.45901e+01  6.90361e+01             
       H -6.78126e+01 -1.36849e+01  6.99626e+01             
192                                                         
# CELL(abcABC):   12.41850    12.41850    12.41850    90.00000    90.00000    90.00000  Step:      200000  Bead:       0 x_centroid{angstrom}  cell{angstrom}   
       O -8.74725e+01 -1.45822e+01  7.61631e+01             
       H -8.69332e+01 -1.47389e+01  7.53611e+01             
       H -8.68980e+01 -1.48180e+01  7.69240e+01             
       O -7.51411e+01 -8.69049e+00  5.97343e+01             
       H -7.68451e+01 -2.05047e+01  5.91422e+01             
       H -7.45200e+01 -7.94501e+00  6.00214e+01             
       O -7.93233e+01 -2.96419e+01  5.67395e+01             
       H -7.90350e+01 -1.71947e+01  5.76323e+01             
       H -7.85068e+01 -3.00437e+01  5.63240e+01             
       O -7.20926e+01 -2.44012e+01  6.19216e+01             
       H -7.12810e+01 -2.45358e+01  6.25774e+01             
       H -7.16841e+01 -2.38635e+01  6.11832e+01             
       O -6.59117e+01 -2.35483e+01  5.60261e+01             
       H -6.51629e+01 -2.33543e+01  5.66295e+01             
       H -6.56079e+01 -2.42890e+01  5.54505e+01             
       O -6.94633e+01 -2.25937e+01  7.02102e+01             
       H -6.89714e+01 -2.34281e+01  6.99969e+01             
       H -6.87670e+01 -2.19287e+01  7.03561e+01             
       O -7.58812e+01 -2.01356e+01  4.08196e+01             
       H -7.55269e+01 -1.95395e+01  4.14315e+01             
       H -6.46945e+01 -6.87041e-01  6.01129e+01             
       O -5.81734e+01 -1.99350e+01  7.33411e+01             
       H -5.77816e+01 -2.02714e+01  7.42315e+01             
       H -5.74540e+01 -3.17842e+01  7.29133e+01             
       O -7.98477e+01 -1.17608e+01  4.73426e+01             
       H -7.89421e+01 -1.20135e+01  4.78306e+01             
       H -8.00092e+01 -1.09300e+01  4.78250e+01             
       O -7.75295e+01 -2.55787e+01  5.45639e+01             
       H -7.67116e+01 -2.58862e+01  5.49486e+01             
       H -7.72909e+01 -2.52853e+01  5.36541e+01             
       O -8.06711e+01 -1.00353e+01  6.32093e+01             
       H -8.00775e+01 -1.03863e+01  6.39854e+01             
       H -8.00193e+01 -9.56739e+00  6.26364e+01             
       O -7.91875e+01 -1.54304e+01  5.35218e+01             
       H -7.84124e+01 -1.54760e+01  5.29212e+01             
       H -6.78219e+01 -1.42157e+01  5.05779e+01             
       O -7.31317e+01 -3.49156e+01  4.58379e+01             
       H -7.29237e+01 -3.44869e+01  4.49586e+01             
       H -7.14250e+01 -3.19599e+01  6.55147e+01             
       O -8.38004e+01 -2.18920e+01  5.59600e+01             
       H -8.30303e+01 -2.22028e+01  5.65625e+01             
       H -8.32636e+01 -2.13451e+01  5.53167e+01             
       O -6.97998e+01 -2.92097e+01  6.26292e+01             
       H -6.94169e+01 -2.84123e+01  6.30372e+01             
       H -6.91516e+01 -2.99127e+01  6.28440e+01             
       O -7.65559e+01 -1.20645e+01  6.45162e+01             
       H -7.58141e+01 -1.13609e+01  6.44801e+01             
       H -7.61580e+01 -1.27603e+01  6.39192e+01             
       O -7.52814e+01 -1.04910e+01  4.38589e+01             
       H -7.50336e+01 -2.33431e+01  4.46796e+01             
       H -7.45449e+01 -1.07142e+01  4.32817e+01             
       O -7.73577e+01 -2.81804e+01  5.16230e+01             
       H -7.72108e+01 -2.90943e+01  5.14688e+01             
       H -7.63812e+01 -2.76618e+01  5.14272e+01             
       O -8.38444e+01 -1.40600e+01  5.84134e+01             
       H -8.32786e+01 -1.40404e+01  5.76106e+01             
       H -8.32322e+01 -1.38506e+01  5.91382e+01             
       O -7.81776e+01  3.45408e+00  5.40621e+01             
       H -5.98599e+01 -1.88182e+01  5.59546e+01             
       H -7.73291e+01  3.85305e+00  5.37841e+01             
       O -6.96122e+01 -2.04369e+01  6.33112e+01             
       H -7.29920e+01 -2.59618e+01  6.15361e+01             
       H -8.14234e+01 -2.12992e+01  6.34160e+01             
       O -6.91243e+01 -3.05171e+01  5.92173e+01             
       H -6.85146e+01 -3.10933e+01  5.87875e+01             
       H -6.86999e+01 -2.96698e+01  5.94458e+01             
       O -7.63681e+01 -2.28853e+01  6.15112e+01             
       H -7.57947e+01 -2.32352e+01  6.22446e+01             
       H -7.58216e+01 -2.23056e+01  6.09557e+01             
       O -7.31241e+01 -4.38115e+01  6.01535e+01             
       H -7.22229e+01 -4.40732e+01  6.05616e+01             
       H -7.29339e+01 -4.30407e+01  7.20023e+01             
       O -7.71059e+01 -5.68255e+00  5.54168e+01             
       H -7.62977e+01 -5.04311e+00  5.52812e+01             
       H -7.65995e+01 -6.35588e+00  5.59700e+01             
       O -6.61945e+01 -2.16662e+01  6.15237e+01             
       H -6.61333e+01 -2.06581e+01  6.14768e+01             
       H -6.52749e+01 -2.20653e+01  6.15711e+01             
       O -7.54825e+01 -2.62010e+01  7.17736e+01             
       H -7.48433e+01 -2.65675e+01  7.23950e+01             
       H -7.48445e+01 -2.57992e+01  7.11040e+01             
       O -9.16737e+01 -2.33765e+01  5.28860e+01             
       H -9.11900e+01 -2.25956e+01  5.32753e+01             
       H -9.10287e+01 -2.39686e+01  5.25260e+01             
       O -7.48151e+01 -4.44671e+00  6.74052e+01             
       H -7.43877e+01 -4.03900e+00  6.66072e+01             
       H -7.42331e+01 -5.06719e+00  6.78154e+01             
       O -7.54864e+01 -1.44455e+01  5.61234e+01             
       H -7.50614e+01 -1.52178e+01  5.57780e+01             
       H -7.48736e+01 -1.39148e+01  4.41952e+01             
       O -6.95427e+01 -1.33146e+01  3.52909e+01             
       H -6.90381e+01 -1.42027e+01  3.52569e+01             
       H -8.12124e+01 -1.26685e+01  3.52123e+01             
       O -6.18243e+01 -1.75634e+01  3.71658e+01             
       H -6.13217e+01 -1.81661e+01  3.65437e+01             
       H -6.10857e+01 -1.71758e+01  3.76809e+01             
       O -7.36700e+01 -2.52640e+01  4.53542e+01             
       H -7.27828e+01 -2.57217e+01  4.55673e+01             
       H -7.34718e+01 -2.43270e+01  5.80119e+01             
       O -7.06050e+01 -1.90617e+01  4.22820e+01             
       H -7.82623e+01 -1.41515e+01  4.92953e+01             
       H -7.02395e+01 -1.80986e+01  4.24472e+01             
       O -7.22614e+01 -2.94290e+01  6.37212e+01             
       H -7.21775e+01 -3.04113e+01  6.39657e+01             
       H -7.13883e+01 -2.92694e+01  6.33086e+01             
       O -6.37669e+01 -1.64728e+01  4.82390e+01             
       H -6.32473e+01 -1.58543e+01  4.76755e+01             
       H -6.30297e+01 -1.69227e+01  4.88582e+01             
       O -6.55190e+01 -3.01742e+01  5.92052e+01             
       H -6.47618e+01 -2.96627e+01  5.96546e+01             
       H -6.52130e+01 -3.10349e+01  5.87444e+01             
       O -7.14674e+01 -1.32223e+01  6.63449e+01             
       H -7.10754e+01 -1.28499e+01  6.55310e+01             
       H -7.07812e+01 -1.36406e+01  6.69219e+01             
       O -6.43352e+01  6.24563e+00  7.58186e+01             
       H -6.35912e+01  6.59072e+00  7.52940e+01             
       H -6.39980e+01  5.65684e+00  7.65384e+01             
       O -7.17912e+01 -3.19964e+01  6.45916e+01             
       H -7.50558e+01 -2.06983e+01  4.06105e+01             
       H -7.09997e+01 -3.23267e+01  6.40698e+01             
       O -7.74047e+01 -2.03855e+01  5.84070e+01             
       H -6.98011e+01 -1.95789e+01  4.21810e+01             
       H -7.67487e+01 -2.04304e+01  5.76354e+01             
       O -6.86782e+01 -1.42690e+01  5.11745e+01             
       H -7.79584e+01 -9.49968e+00  5.48169e+01             
       H -6.82825e+01 -1.45307e+01  5.20750e+01             
       O -6.79964e+01 -2.79773e+01  5.98181e+01             
       H -7.99257e+01 -2.79175e+01  7.31704e+01             
       H -6.20348e+01 -9.19735e+00  5.92354e+01             
       O -1.03872e+02 -1.81916e+01  6.59075e+01             
       H -1.03991e+02 -1.71996e+01  6.60873e+01             
       H -1.03033e+02 -1.84172e+01  6.63071e+01             
       O -7.30790e+01 -3.08951e+01  5.64051e+01             
       H -7.26791e+01 -3.03290e+01  5.71097e+01             
       H -6.90126e+01 -1.96106e+01  6.34150e+01             
       O -7.89333e+01 -1.47066e+01  4.97782e+01             
       H -7.83916e+01 -1.51856e+01  5.04936e+01             
       H -8.51644e+01 -2.70231e+01  2.88848e+01             
       O -8.27675e+01 -2.47575e+01  5.14965e+01             
       H -8.23910e+01 -2.38699e+01  5.15609e+01             
       H -8.19734e+01 -2.54685e+01  5.14668e+01             
       O -6.55043e+01 -2.69868e+01  4.59262e+01             
       H -6.53314e+01 -2.67732e+01  4.49909e+01             
       H -6.46274e+01 -2.71311e+01  4.62775e+01             
       O -5.65252e+01 -2.90028e+01  5.54590e+01             
       H -5.57467e+01 -1.69616e+01  5.60444e+01             
       H -5.62139e+01 -2.87001e+01  5.46177e+01             
       O -7.31739e+01 -1.11140e+01  5.47999e+01             
       H -6.03467e+01 -1.20428e+01  5.47244e+01             
       H -7.24672e+01 -1.06132e+01  5.52669e+01             
       O -6.53112e+01 -2.89791e-01  6.07704e+01             
       H -7.23179e+01 -3.48360e+01  4.65540e+01             
       H -7.87966e+01 -2.41727e+00  5.42259e+01             
       O -8.07779e+01 -2.00298e+01  5.40440e+01             
       H -8.02584e+01 -2.08857e+01  5.39708e+01             
       H -8.01045e+01 -1.93033e+01  5.40557e+01             
       O -7.54443e+01 -7.74335e+00  4.40524e+01             
       H -7.45373e+01 -1.97694e+01  4.42003e+01             
       H -7.54167e+01 -8.70325e+00  4.39177e+01             
       O -8.35294e+01 -2.26455e+01  5.99763e+01             
       H -8.33172e+01 -2.17191e+01  6.02715e+01             
       H -8.28302e+01 -2.27340e+01  5.92549e+01             
       O -7.43422e+01 -2.33083e+01  6.31280e+01             
       H -7.35549e+01 -2.38238e+01  6.27056e+01             
       H -7.37914e+01 -2.26412e+01  6.35650e+01             
       O -8.59408e+01 -2.67796e+01  4.89757e+01             
       H -8.53070e+01 -2.74177e+01  6.10349e+01             
       H -7.97104e+01 -4.04225e+01  4.67343e+01             
       O -6.80316e+01 -2.48364e+01  6.94388e+01             
       H -6.76556e+01 -2.52234e+01  7.02755e+01             
       H -6.72488e+01 -2.43238e+01  6.90470e+01             
       O -7.36146e+01 -2.14822e+01  5.27821e+01             
       H -7.29711e+01 -2.07212e+01  5.26409e+01             
       H -7.32023e+01 -2.21825e+01  5.33474e+01             
       O -9.08949e+01 -1.88725e+01  6.14493e+01             
       H -9.06412e+01 -1.81778e+01  6.07913e+01             
       H -9.02293e+01 -1.87790e+01  6.22315e+01             
       O -7.00010e+01 -2.66251e+01  5.60347e+01             
       H -6.92849e+01 -2.59464e+01  5.62608e+01             
       H -6.95613e+01 -2.75228e+01  5.61138e+01             
       O -8.40635e+01 -1.71802e+01  3.37969e+01             
       H -8.39979e+01 -1.62428e+01  3.36040e+01             
       H -8.31365e+01 -1.76326e+01  3.39799e+01             
       O -7.33404e+01 -2.76583e+01  2.84417e+01             
       H -5.23121e+01 -1.19862e+01  4.87466e+01             
       H -7.26700e+01 -2.81431e+01  2.79425e+01             
       O -8.02212e+01 -2.02016e+01  5.80033e+01             
       H -8.01359e+01 -2.00768e+01  5.70484e+01             
       H -7.93266e+01 -2.03146e+01  5.83770e+01             
       O -8.03191e+01 -1.84821e+01  7.58097e+01             
       H -7.97341e+01 -1.86325e+01  7.49902e+01             
       H -7.95806e+01 -1.85661e+01  7.64374e+01             
