192                                                         
# CELL(abcABC):   12.41850    12.41850    12.41850    90.00000    90.00000    90.00000  Step:           0  Bead:       0 x_centroid{angstrom}  cell{angstrom}   
       O -7.39336e+01 -1.05667e+01  6.79672e+01             
       H -7.33744e+01 -1.13461e+01  6.80907e+01             
       H -7.31294e+01 -9.92915e+00  6.78817e+01             
       O -6.08299e+01 -6.19287e+00  5.71609e+01             
       H -6.20296e+01 -1.62555e+01  5.22701e+01             
       H -6.04115e+01 -5.66346e+00  5.64741e+01             
       O -6.48662e+01 -2.56613e+01  4.92422e+01             
       H -6.46203e+01 -1.35370e+01  5.01684e+01             
       H -6.42306e+01 -2.60747e+01  4.86322e+01             
       O -5.95871e+01 -2.08360e+01  5.56271e+01             
       H -5.85820e+01 -2.08713e+01  5.56291e+01             
       H -5.97277e+01 -2.02992e+01  5.64235e+01             
       O -5.19978e+01 -2.06210e+01  4.75559e+01             
       H -5.11249e+01 -2.01963e+01  4.75903e+01             
       H -5.17077e+01 -2.15664e+01  4.75689e+01             
       O -5.58543e+01 -1.87112e+01  6.28883e+01             
       H -5.50859e+01 -1.92214e+01  6.24739e+01             
       H -5.53613e+01 -1.80470e+01  6.34005e+01             
       O -6.21696e+01 -1.95186e+01  3.56221e+01             
       H -6.13782e+01 -1.94754e+01  3.50497e+01             
       H -5.11817e+01  3.16865e+00  5.01164e+01             
       O -4.51227e+01 -1.48705e+01  6.67672e+01             
       H -4.43584e+01 -1.50961e+01  6.73278e+01             
       H -4.46594e+01 -2.68569e+01  6.59759e+01             
       O -6.69831e+01 -8.15690e+00  4.12168e+01             
       H -6.61622e+01 -8.64514e+00  4.15316e+01             
       H -6.67942e+01 -7.70694e+00  4.04247e+01             
       O -6.31786e+01 -2.31406e+01  4.81402e+01             
       H -6.22291e+01 -2.31986e+01  4.82010e+01             
       H -6.34694e+01 -2.40607e+01  4.83668e+01             
       O -6.74730e+01 -5.64387e+00  5.62641e+01             
       H -6.69846e+01 -6.07960e+00  5.70095e+01             
       H -6.68561e+01 -5.41177e+00  5.54805e+01             
       O -6.30591e+01 -1.03309e+01  4.53063e+01             
       H -6.25496e+01 -1.03577e+01  4.61204e+01             
       H -5.31292e+01 -9.86971e+00  4.34329e+01             
       O -5.86905e+01 -2.94077e+01  4.07339e+01             
       H -5.81309e+01 -2.86343e+01  4.09765e+01             
       H -5.62768e+01 -2.65650e+01  5.68480e+01             
       O -6.95606e+01 -1.74828e+01  4.83948e+01             
       H -6.91295e+01 -1.79200e+01  4.91542e+01             
       H -6.90076e+01 -1.68548e+01  4.79051e+01             
       O -5.42311e+01 -2.41225e+01  5.82083e+01             
       H -5.43160e+01 -2.33881e+01  5.76151e+01             
       H -5.32884e+01 -2.44638e+01  5.81328e+01             
       O -6.31800e+01 -7.77863e+00  5.68024e+01             
       H -6.23514e+01 -7.29153e+00  5.69165e+01             
       H -6.31348e+01 -8.62394e+00  5.71893e+01             
       O -6.28412e+01 -6.76558e+00  3.98788e+01             
       H -6.28211e+01 -1.82840e+01  3.95118e+01             
       H -6.19594e+01 -7.04019e+00  4.01404e+01             
       O -6.28693e+01 -2.49957e+01  4.12474e+01             
       H -6.22033e+01 -2.47407e+01  4.06278e+01             
       H -6.22394e+01 -2.52435e+01  4.19680e+01             
       O -6.95877e+01 -1.15771e+01  4.92914e+01             
       H -6.89080e+01 -1.21630e+01  4.88846e+01             
       H -6.92045e+01 -1.09669e+01  4.98917e+01             
       O -6.26081e+01  8.81665e+00  4.46051e+01             
       H -4.62436e+01 -1.65544e+01  4.90688e+01             
       H -6.16614e+01  9.05715e+00  4.45111e+01             
       O -5.54260e+01 -1.53759e+01  5.61460e+01             
       H -6.01211e+01 -2.06277e+01  5.36028e+01             
       H -6.77226e+01 -1.62328e+01  5.65567e+01             
       O -5.61374e+01 -2.65067e+01  5.21082e+01             
       H -5.55057e+01 -2.71891e+01  5.18876e+01             
       H -5.55518e+01 -2.58246e+01  5.25546e+01             
       O -6.42691e+01 -1.96075e+01  5.44559e+01             
       H -6.37121e+01 -1.97836e+01  5.52216e+01             
       H -6.37058e+01 -1.92375e+01  5.37997e+01             
       O -6.08535e+01 -4.05217e+01  5.30176e+01             
       H -5.99410e+01 -4.10218e+01  5.30114e+01             
       H -6.07210e+01 -3.95838e+01  6.54688e+01             
       O -6.33988e+01 -2.22071e+00  4.75216e+01             
       H -6.25367e+01 -1.75129e+00  4.73592e+01             
       H -6.30876e+01 -3.03052e+00  4.79802e+01             
       O -5.34121e+01 -1.75427e+01  5.43676e+01             
       H -5.26908e+01 -1.68435e+01  5.43683e+01             
       H -5.29700e+01 -1.84355e+01  5.43962e+01             
       O -6.12461e+01 -2.12096e+01  6.24608e+01             
       H -6.08536e+01 -2.10006e+01  6.33776e+01             
       H -6.06640e+01 -2.19224e+01  6.20609e+01             
       O -7.80289e+01 -1.96137e+01  4.53257e+01             
       H -7.78235e+01 -2.00759e+01  4.61542e+01             
       H -7.70991e+01 -1.96862e+01  4.49331e+01             
       O -5.84467e+01 -1.92380e+00  5.88708e+01             
       H -5.77379e+01 -1.43503e+00  5.83756e+01             
       H -5.78669e+01 -2.46488e+00  5.94513e+01             
       O -6.11964e+01 -1.31998e+01  4.63021e+01             
       H -6.05421e+01 -1.38706e+01  4.60853e+01             
       H -6.07392e+01 -1.26707e+01  3.45338e+01             
       O -5.68405e+01 -1.04953e+01  2.90576e+01             
       H -5.59873e+01 -1.09510e+01  2.91260e+01             
       H -6.92168e+01 -1.01316e+01  2.81573e+01             
       O -4.81021e+01 -1.34134e+01  3.04638e+01             
       H -4.77824e+01 -1.42312e+01  3.08610e+01             
       H -4.72431e+01 -1.29657e+01  3.03066e+01             
       O -6.02154e+01 -2.32371e+01  3.57967e+01             
       H -5.94694e+01 -2.35331e+01  3.63198e+01             
       H -5.97738e+01 -2.31010e+01  4.73122e+01             
       O -5.58458e+01 -1.53751e+01  3.48726e+01             
       H -6.39261e+01 -9.80515e+00  4.18775e+01             
       H -5.55086e+01 -1.46013e+01  3.54167e+01             
       O -5.83848e+01 -2.41467e+01  5.56499e+01             
       H -5.76315e+01 -2.46472e+01  5.61020e+01             
       H -5.80617e+01 -2.36297e+01  5.48673e+01             
       O -4.78798e+01 -1.28423e+01  3.99395e+01             
       H -4.70872e+01 -1.31547e+01  3.92924e+01             
       H -4.73511e+01 -1.23765e+01  4.05985e+01             
       O -5.20344e+01 -2.67467e+01  5.18172e+01             
       H -5.14453e+01 -2.60328e+01  5.22154e+01             
       H -5.14729e+01 -2.75450e+01  5.18586e+01             
       O -5.73526e+01 -8.53745e+00  5.82184e+01             
       H -5.69724e+01 -8.25374e+00  5.73307e+01             
       H -5.65275e+01 -8.83232e+00  5.87494e+01             
       O -4.72182e+01  9.13753e+00  6.94808e+01             
       H -4.64311e+01  8.67821e+00  6.90344e+01             
       H -4.68458e+01  9.61373e+00  7.02505e+01             
       O -5.65328e+01 -2.55767e+01  5.70365e+01             
       H -6.18879e+01 -1.99873e+01  3.64464e+01             
       H -5.57825e+01 -2.50870e+01  5.74120e+01             
       O -6.28913e+01 -1.65089e+01  5.17314e+01             
       H -5.51667e+01 -1.54046e+01  3.41841e+01             
       H -6.27112e+01 -1.64114e+01  5.07731e+01             
       O -5.40540e+01 -9.60952e+00  4.37516e+01             
       H -6.25790e+01 -4.50950e+00  4.48855e+01             
       H -5.38920e+01 -8.74224e+00  4.42144e+01             
       O -5.47594e+01 -2.47461e+01  5.35014e+01             
       H -6.66530e+01 -2.51236e+01  6.66609e+01             
       H -4.78654e+01 -6.05531e+00  5.79439e+01             
       O -8.90587e+01 -1.26336e+01  5.74194e+01             
       H -8.85329e+01 -1.17451e+01  5.75545e+01             
       H -8.83787e+01 -1.32343e+01  5.77404e+01             
       O -5.94738e+01 -2.84883e+01  4.93762e+01             
       H -5.90873e+01 -2.76874e+01  4.98228e+01             
       H -5.45204e+01 -1.50154e+01  5.62031e+01             
       O -6.45827e+01 -1.04303e+01  4.21362e+01             
       H -6.40043e+01 -1.12293e+01  4.21866e+01             
       H -7.09427e+01 -2.22108e+01  2.08356e+01             
       O -6.90255e+01 -2.04543e+01  4.33188e+01             
       H -6.81730e+01 -2.00044e+01  4.33975e+01             
       H -6.88292e+01 -2.13530e+01  4.30070e+01             
       O -5.34235e+01 -2.34476e+01  3.86832e+01             
       H -5.29791e+01 -2.40061e+01  3.80568e+01             
       H -5.27084e+01 -2.28075e+01  3.88169e+01             
       O -4.26554e+01 -2.52892e+01  4.83880e+01             
       H -4.17307e+01 -1.29949e+01  4.88095e+01             
       H -4.24702e+01 -2.49203e+01  4.74776e+01             
       O -5.59388e+01 -9.79306e+00  5.11647e+01             
       H -4.26707e+01 -1.01955e+01  5.12189e+01             
       H -5.58064e+01 -8.85854e+00  5.10693e+01             
       O -5.16303e+01  3.38370e+00  5.09270e+01             
       H -5.83613e+01 -3.00199e+01  4.01548e+01             
       H -6.22778e+01  1.89571e+00  4.46349e+01             
       O -6.57408e+01 -1.56497e+01  4.60047e+01             
       H -6.52986e+01 -1.64190e+01  4.62684e+01             
       H -6.51343e+01 -1.49338e+01  4.62925e+01             
       O -6.20826e+01 -4.06976e+00  3.64757e+01             
       H -6.11183e+01 -1.62529e+01  3.64688e+01             
       H -6.21387e+01 -4.99637e+00  3.62578e+01             
       O -7.00841e+01 -1.97030e+01  5.22061e+01             
       H -6.95550e+01 -1.96137e+01  5.13863e+01             
       H -6.94879e+01 -2.01106e+01  5.28434e+01             
       O -5.80135e+01 -1.77678e+01  5.61457e+01             
       H -5.82318e+01 -1.77025e+01  5.52058e+01             
       H -5.70587e+01 -1.80915e+01  5.61815e+01             
       O -7.27454e+01 -2.02848e+01  4.02207e+01             
       H -7.17927e+01 -2.00747e+01  5.24556e+01             
       H -6.64493e+01 -3.69453e+01  4.04423e+01             
       O -5.36757e+01 -1.99820e+01  6.19695e+01             
       H -5.31167e+01 -2.02444e+01  6.27357e+01             
       H -5.29597e+01 -1.99953e+01  6.12968e+01             
       O -5.91719e+01 -1.87244e+01  4.70542e+01             
       H -5.84218e+01 -1.82645e+01  4.74885e+01             
       H -5.87984e+01 -1.94025e+01  4.64643e+01             
       O -7.62515e+01 -1.58795e+01  5.47633e+01             
       H -7.55792e+01 -1.56766e+01  5.40867e+01             
       H -7.57869e+01 -1.59333e+01  5.56605e+01             
       O -5.46964e+01 -2.16540e+01  4.73515e+01             
       H -5.45511e+01 -2.13507e+01  4.82322e+01             
       H -5.43931e+01 -2.25476e+01  4.73323e+01             
       O -7.07505e+01 -1.36866e+01  2.57845e+01             
       H -7.03677e+01 -1.29934e+01  2.52045e+01             
       H -6.99677e+01 -1.39875e+01  2.62455e+01             
       O -5.93691e+01 -2.26576e+01  2.08048e+01             
       H -3.85068e+01 -8.67415e+00  3.90748e+01             
       H -5.91822e+01 -2.33623e+01  2.01480e+01             
       O -6.68186e+01 -1.67337e+01  5.17598e+01             
       H -6.64715e+01 -1.69747e+01  5.26002e+01             
       H -6.59806e+01 -1.66643e+01  5.12514e+01             
       O -6.56489e+01 -1.38794e+01  6.77276e+01             
       H -6.50010e+01 -1.43777e+01  6.72636e+01             
       H -6.50763e+01 -1.35481e+01  6.84360e+01             
192                                                         
# CELL(abcABC):   12.41850    12.41850    12.41850    90.00000    90.00000    90.00000  Step:      200000  Bead:       0 x_centroid{angstrom}  cell{angstrom}   
       O -8.26685e+01 -1.21972e+01  7.36581e+01             
       H -8.20028e+01 -1.27984e+01  7.39747e+01             
       H -8.22007e+01 -1.17868e+01  7.29068e+01             
       O -6.89446e+01 -8.67048e+00  6.18279e+01             
       H -7.23597e+01 -1.86921e+01  5.58347e+01             
       H -6.81279e+01 -8.14764e+00  6.17426e+01             
       O -7.54260e+01 -2.85903e+01  5.45140e+01             
       H -7.47220e+01 -1.58205e+01  5.51649e+01             
       H -7.48835e+01 -2.93480e+01  5.41363e+01             
       O -6.88319e+01 -2.29507e+01  5.98038e+01             
       H -6.79392e+01 -2.33309e+01  6.02039e+01             
       H -6.90687e+01 -2.23796e+01  6.05664e+01             
       O -6.03833e+01 -2.23147e+01  5.25601e+01             
       H -5.96960e+01 -2.17177e+01  5.30464e+01             
       H -5.98873e+01 -2.31822e+01  5.26925e+01             
       O -6.45266e+01 -2.13547e+01  6.67647e+01             
       H -6.38128e+01 -2.19615e+01  6.64632e+01             
       H -6.39481e+01 -2.07583e+01  6.73612e+01             
       O -6.92130e+01 -2.32322e+01  4.09524e+01             
       H -6.87072e+01 -2.31236e+01  4.00623e+01             
       H -5.87955e+01  5.84429e-01  5.71808e+01             
       O -5.42910e+01 -1.70650e+01  6.97479e+01             
       H -5.37483e+01 -1.73175e+01  7.05095e+01             
       H -5.37853e+01 -2.97792e+01  6.90112e+01             
       O -7.63823e+01 -1.01144e+01  4.61291e+01             
       H -7.55826e+01 -1.07597e+01  4.61382e+01             
       H -7.60041e+01 -9.23290e+00  4.58695e+01             
       O -7.39195e+01 -2.75266e+01  5.62767e+01             
       H -7.33800e+01 -2.82057e+01  5.67580e+01             
       H -7.33218e+01 -2.68958e+01  5.58535e+01             
       O -7.71501e+01 -9.57346e+00  6.10476e+01             
       H -7.67535e+01 -9.67088e+00  6.01295e+01             
       H -7.63184e+01 -9.64231e+00  6.16325e+01             
       O -7.14639e+01 -1.22240e+01  5.30826e+01             
       H -7.06298e+01 -1.17134e+01  5.32528e+01             
       H -5.93636e+01 -1.20169e+01  4.88264e+01             
       O -6.89787e+01 -3.09109e+01  4.56374e+01             
       H -6.82576e+01 -3.03374e+01  4.52607e+01             
       H -6.60819e+01 -2.88771e+01  6.11691e+01             
       O -7.87669e+01 -2.08169e+01  5.23395e+01             
       H -7.80801e+01 -2.09193e+01  5.30989e+01             
       H -7.82727e+01 -2.01642e+01  5.17798e+01             
       O -6.25656e+01 -2.57553e+01  6.18806e+01             
       H -6.18802e+01 -2.51390e+01  6.15314e+01             
       H -6.20087e+01 -2.66181e+01  6.19039e+01             
       O -7.11742e+01 -7.80242e+00  6.10245e+01             
       H -7.11801e+01 -7.02637e+00  6.16242e+01             
       H -7.02171e+01 -8.10500e+00  6.11471e+01             
       O -7.06234e+01 -9.16035e+00  4.43746e+01             
       H -7.04476e+01 -2.12428e+01  4.34326e+01             
       H -6.96729e+01 -9.08615e+00  4.47637e+01             
       O -6.96744e+01 -2.47532e+01  4.47630e+01             
       H -6.90721e+01 -2.43366e+01  4.41713e+01             
       H -6.91013e+01 -2.47883e+01  4.55500e+01             
       O -7.91642e+01 -1.39115e+01  5.47411e+01             
       H -7.82765e+01 -1.40335e+01  5.41563e+01             
       H -7.89389e+01 -1.40348e+01  5.57343e+01             
       O -6.96960e+01  8.48311e+00  4.75136e+01             
       H -5.55021e+01 -1.99708e+01  5.24811e+01             
       H -6.95645e+01  7.68757e+00  4.69171e+01             
       O -6.52879e+01 -1.76900e+01  5.94604e+01             
       H -6.80607e+01 -2.18659e+01  5.87119e+01             
       H -7.79569e+01 -1.85090e+01  5.99273e+01             
       O -6.51317e+01 -3.01694e+01  5.52752e+01             
       H -6.45390e+01 -3.09095e+01  5.55685e+01             
       H -6.45294e+01 -2.94565e+01  5.51090e+01             
       O -7.23783e+01 -2.02539e+01  5.86012e+01             
       H -7.18720e+01 -2.01273e+01  5.94349e+01             
       H -7.16624e+01 -2.05030e+01  5.79178e+01             
       O -7.12475e+01 -4.25652e+01  5.68350e+01             
       H -7.05190e+01 -4.30035e+01  5.73385e+01             
       H -7.08363e+01 -4.16863e+01  6.90236e+01             
       O -7.37480e+01 -5.37285e+00  5.28049e+01             
       H -7.32908e+01 -4.64789e+00  5.22180e+01             
       H -7.31619e+01 -5.79035e+00  5.34884e+01             
       O -6.24480e+01 -2.01357e+01  5.82942e+01             
       H -6.24561e+01 -1.92702e+01  5.88313e+01             
       H -6.14149e+01 -2.02454e+01  5.82100e+01             
       O -6.77692e+01 -2.39384e+01  6.77542e+01             
       H -6.71529e+01 -2.33003e+01  6.82202e+01             
       H -6.73222e+01 -2.47869e+01  6.74758e+01             
       O -8.57768e+01 -2.14051e+01  5.00347e+01             
       H -8.53585e+01 -2.16945e+01  5.09667e+01             
       H -8.50117e+01 -2.11210e+01  4.94061e+01             
       O -6.61066e+01 -3.63134e+00  6.40885e+01             
       H -6.60907e+01 -3.08388e+00  6.32998e+01             
       H -6.54770e+01 -3.09939e+00  6.46317e+01             
       O -7.22194e+01 -1.61759e+01  5.12585e+01             
       H -7.17564e+01 -1.69633e+01  5.09870e+01             
       H -7.15177e+01 -1.56503e+01  3.92776e+01             
       O -6.77498e+01 -1.42856e+01  3.45216e+01             
       H -6.71186e+01 -1.48156e+01  3.50104e+01             
       H -7.97633e+01 -1.43226e+01  3.36328e+01             
       O -5.93173e+01 -1.45051e+01  3.48752e+01             
       H -5.86058e+01 -1.52210e+01  3.49398e+01             
       H -5.89270e+01 -1.36812e+01  3.46103e+01             
       O -7.33073e+01 -2.48285e+01  4.26022e+01             
       H -7.29154e+01 -2.43803e+01  4.34163e+01             
       H -7.25289e+01 -2.48555e+01  5.43786e+01             
       O -6.49285e+01 -1.87788e+01  3.82393e+01             
       H -7.33749e+01 -1.16023e+01  4.56225e+01             
       H -6.49214e+01 -1.78475e+01  3.85429e+01             
       O -6.84685e+01 -2.66538e+01  6.23190e+01             
       H -6.80091e+01 -2.73624e+01  6.18378e+01             
       H -6.77391e+01 -2.63330e+01  6.28647e+01             
       O -5.65522e+01 -1.51280e+01  4.17706e+01             
       H -5.57215e+01 -1.46553e+01  4.20174e+01             
       H -5.62469e+01 -1.59832e+01  4.14841e+01             
       O -5.83647e+01 -2.75776e+01  5.61772e+01             
       H -5.80074e+01 -2.68274e+01  5.66737e+01             
       H -5.78151e+01 -2.75815e+01  5.53539e+01             
       O -6.67878e+01 -1.28649e+01  6.38409e+01             
       H -6.68671e+01 -1.30000e+01  6.47898e+01             
       H -6.58793e+01 -1.24879e+01  6.37467e+01             
       O -5.77362e+01  6.91745e+00  7.54039e+01             
       H -5.72470e+01  6.36807e+00  7.60255e+01             
       H -5.70503e+01  7.38732e+00  7.48526e+01             
       O -6.63616e+01 -2.79814e+01  6.13535e+01             
       H -6.85943e+01 -2.33489e+01  4.17818e+01             
       H -6.55911e+01 -2.74339e+01  6.11247e+01             
       O -7.29919e+01 -1.91751e+01  5.52900e+01             
       H -6.39299e+01 -1.91136e+01  3.82654e+01             
       H -7.24284e+01 -1.99168e+01  5.50008e+01             
       O -6.03957e+01 -1.16860e+01  4.86451e+01             
       H -6.90697e+01 -3.21049e+00  4.71289e+01             
       H -6.05327e+01 -1.08317e+01  4.92370e+01             
       O -6.47910e+01 -2.62965e+01  6.06422e+01             
       H -7.67328e+01 -2.62978e+01  7.21675e+01             
       H -5.63105e+01 -9.39245e+00  6.24315e+01             
       O -9.84514e+01 -1.54791e+01  6.15395e+01             
       H -9.78266e+01 -1.49977e+01  6.09253e+01             
       H -9.78571e+01 -1.56100e+01  6.23185e+01             
       O -6.88547e+01 -3.19719e+01  5.25268e+01             
       H -6.85445e+01 -3.11686e+01  5.30433e+01             
       H -6.43502e+01 -1.75711e+01  5.96549e+01             
       O -7.41525e+01 -1.18082e+01  4.62909e+01             
       H -7.36232e+01 -1.17518e+01  4.71750e+01             
       H -8.20945e+01 -2.69888e+01  2.64127e+01             
       O -7.91360e+01 -2.39711e+01  4.86458e+01             
       H -7.84597e+01 -2.32004e+01  4.87879e+01             
       H -7.86248e+01 -2.47800e+01  4.85058e+01             
       O -6.34274e+01 -2.62568e+01  4.55769e+01             
       H -6.27537e+01 -2.67347e+01  4.50033e+01             
       H -6.29078e+01 -2.55256e+01  4.58389e+01             
       O -5.21368e+01 -2.68866e+01  5.34093e+01             
       H -5.13996e+01 -1.50978e+01  5.36452e+01             
       H -5.17939e+01 -2.61150e+01  5.28699e+01             
       O -6.60007e+01 -1.43169e+01  5.73289e+01             
       H -5.25743e+01 -1.42310e+01  5.74647e+01             
       H -6.61717e+01 -1.52856e+01  5.72652e+01             
       O -5.96784e+01  1.03598e+00  5.71568e+01             
       H -6.84691e+01 -3.17256e+01  4.57994e+01             
       H -7.11000e+01 -6.04219e-01  5.26361e+01             
       O -7.48556e+01 -1.92116e+01  5.04829e+01             
       H -7.45646e+01 -1.89056e+01  5.13610e+01             
       H -7.41955e+01 -1.99629e+01  5.02481e+01             
       O -7.05553e+01 -8.66178e+00  4.15859e+01             
       H -7.00014e+01 -2.03972e+01  4.10856e+01             
       H -7.01296e+01 -9.54675e+00  4.13034e+01             
       O -7.84970e+01 -2.21201e+01  5.64679e+01             
       H -7.79303e+01 -2.18589e+01  5.56475e+01             
       H -7.78292e+01 -2.22523e+01  5.71522e+01             
       O -6.64133e+01 -1.98797e+01  6.11363e+01             
       H -6.60743e+01 -2.07445e+01  6.11317e+01             
       H -6.59126e+01 -1.94903e+01  6.18523e+01             
       O -8.05623e+01 -2.12130e+01  4.55509e+01             
       H -7.98136e+01 -2.14059e+01  5.73807e+01             
       H -7.63616e+01 -3.86953e+01  4.87877e+01             
       O -6.26918e+01 -2.32083e+01  6.58506e+01             
       H -6.21537e+01 -2.37754e+01  6.64911e+01             
       H -6.19660e+01 -2.27268e+01  6.53641e+01             
       O -6.76526e+01 -2.26961e+01  5.11210e+01             
       H -6.69662e+01 -2.22331e+01  5.15993e+01             
       H -6.72708e+01 -2.36194e+01  5.08496e+01             
       O -8.53922e+01 -1.66041e+01  5.83817e+01             
       H -8.47338e+01 -1.70743e+01  5.78039e+01             
       H -8.49729e+01 -1.57412e+01  5.86386e+01             
       O -6.39755e+01 -2.48042e+01  5.16227e+01             
       H -6.34531e+01 -2.41565e+01  5.21475e+01             
       H -6.33781e+01 -2.51675e+01  5.09178e+01             
       O -7.98713e+01 -1.73607e+01  2.87163e+01             
       H -7.94656e+01 -1.69273e+01  2.79444e+01             
       H -7.91021e+01 -1.74846e+01  2.92852e+01             
       O -7.03560e+01 -2.70125e+01  2.71187e+01             
       H -4.71050e+01 -1.04118e+01  4.47465e+01             
       H -6.98138e+01 -2.72435e+01  2.79470e+01             
       O -7.56336e+01 -1.96702e+01  5.57967e+01             
       H -7.53820e+01 -1.97789e+01  5.67932e+01             
       H -7.46991e+01 -1.94906e+01  5.54367e+01             
       O -7.48498e+01 -1.78743e+01  7.24742e+01             
       H -7.43005e+01 -1.71325e+01  7.21259e+01             
       H -7.44509e+01 -1.80616e+01  7.33533e+01             
