192                                                         
# CELL(abcABC):   12.41850    12.41850    12.41850    90.00000    90.00000    90.00000  Step:           0  Bead:       0 x_centroid{angstrom}  cell{angstrom}   
       O -7.42464e+01 -1.04945e+01  6.68457e+01             
       H -7.38289e+01 -1.10373e+01  6.62019e+01             
       H -7.35965e+01 -9.78904e+00  6.71966e+01             
       O -6.15705e+01 -6.24980e+00  5.76022e+01             
       H -6.21057e+01 -1.58722e+01  5.26553e+01             
       H -6.10208e+01 -5.93612e+00  5.68796e+01             
       O -6.59787e+01 -2.57021e+01  4.99574e+01             
       H -6.55468e+01 -1.33463e+01  5.08320e+01             
       H -6.53121e+01 -2.62571e+01  4.94139e+01             
       O -6.03662e+01 -2.06713e+01  5.49735e+01             
       H -5.94058e+01 -2.04053e+01  5.51477e+01             
       H -6.09403e+01 -2.01536e+01  5.55205e+01             
       O -5.23509e+01 -2.03416e+01  4.74712e+01             
       H -5.15891e+01 -1.97022e+01  4.77055e+01             
       H -5.18932e+01 -2.11825e+01  4.75923e+01             
       O -5.62131e+01 -1.83839e+01  6.27486e+01             
       H -5.56976e+01 -1.91700e+01  6.24801e+01             
       H -5.54758e+01 -1.77098e+01  6.30359e+01             
       O -6.23399e+01 -1.92882e+01  3.60267e+01             
       H -6.14442e+01 -1.94948e+01  3.55463e+01             
       H -5.08199e+01  2.51655e+00  5.16401e+01             
       O -4.48077e+01 -1.55106e+01  6.65587e+01             
       H -4.41959e+01 -1.54288e+01  6.73383e+01             
       H -4.42918e+01 -2.74586e+01  6.58661e+01             
       O -6.73798e+01 -8.54388e+00  4.14643e+01             
       H -6.71486e+01 -9.09218e+00  4.22800e+01             
       H -6.64979e+01 -8.38623e+00  4.11396e+01             
       O -6.41356e+01 -2.30057e+01  4.83247e+01             
       H -6.36301e+01 -2.36789e+01  4.78700e+01             
       H -6.36170e+01 -2.27539e+01  4.90921e+01             
       O -6.83978e+01 -5.71720e+00  5.64257e+01             
       H -6.77066e+01 -6.14684e+00  5.69588e+01             
       H -6.79450e+01 -4.94202e+00  5.60983e+01             
       O -6.28250e+01 -1.05422e+01  4.45683e+01             
       H -6.19646e+01 -1.03721e+01  4.50654e+01             
       H -5.32571e+01 -1.02959e+01  4.32427e+01             
       O -5.87075e+01 -3.02468e+01  4.15209e+01             
       H -5.79103e+01 -2.96289e+01  4.14489e+01             
       H -5.72403e+01 -2.65803e+01  5.70990e+01             
       O -7.05721e+01 -1.76629e+01  4.84010e+01             
       H -6.98785e+01 -1.80262e+01  4.90137e+01             
       H -6.99610e+01 -1.70225e+01  4.79082e+01             
       O -5.50368e+01 -2.40175e+01  5.78608e+01             
       H -5.52362e+01 -2.35256e+01  5.70768e+01             
       H -5.40883e+01 -2.41597e+01  5.77708e+01             
       O -6.32977e+01 -7.89873e+00  5.64855e+01             
       H -6.27389e+01 -7.28227e+00  5.70027e+01             
       H -6.31880e+01 -8.83436e+00  5.67078e+01             
       O -6.26779e+01 -6.54369e+00  3.97695e+01             
       H -6.26644e+01 -1.80797e+01  4.01030e+01             
       H -6.17407e+01 -6.82376e+00  3.96802e+01             
       O -6.28005e+01 -2.59798e+01  4.18576e+01             
       H -6.19659e+01 -2.60186e+01  4.13661e+01             
       H -6.25234e+01 -2.60420e+01  4.27682e+01             
       O -7.02375e+01 -1.16352e+01  4.95037e+01             
       H -6.95009e+01 -1.19602e+01  4.89826e+01             
       H -6.98168e+01 -1.12211e+01  5.02592e+01             
       O -6.34390e+01  7.83365e+00  4.54007e+01             
       H -4.66940e+01 -1.62909e+01  4.96440e+01             
       H -6.28414e+01  8.51301e+00  4.57428e+01             
       O -5.58523e+01 -1.51667e+01  5.65327e+01             
       H -6.00567e+01 -2.02099e+01  5.31593e+01             
       H -6.80839e+01 -1.55399e+01  5.74062e+01             
       O -5.57951e+01 -2.67279e+01  5.20413e+01             
       H -5.52071e+01 -2.74503e+01  5.18061e+01             
       H -5.54044e+01 -2.60287e+01  5.25981e+01             
       O -6.45107e+01 -1.99773e+01  5.37122e+01             
       H -6.40837e+01 -2.01513e+01  5.45720e+01             
       H -6.37991e+01 -1.95319e+01  5.31314e+01             
       O -6.07582e+01 -4.10150e+01  5.37204e+01             
       H -6.01514e+01 -4.17989e+01  5.38051e+01             
       H -6.02159e+01 -4.02542e+01  6.62619e+01             
       O -6.42871e+01 -2.06522e+00  4.82209e+01             
       H -6.37176e+01 -1.34302e+00  4.79546e+01             
       H -6.37345e+01 -2.80560e+00  4.85209e+01             
       O -5.34312e+01 -1.75197e+01  5.38373e+01             
       H -5.27366e+01 -1.69703e+01  5.42473e+01             
       H -5.31531e+01 -1.85093e+01  5.40012e+01             
       O -6.18514e+01 -2.22725e+01  6.32798e+01             
       H -6.11429e+01 -2.16557e+01  6.34979e+01             
       H -6.15838e+01 -2.27928e+01  6.25615e+01             
       O -7.84004e+01 -1.96839e+01  4.48205e+01             
       H -7.80780e+01 -1.98990e+01  4.57340e+01             
       H -7.75498e+01 -1.94919e+01  4.43242e+01             
       O -5.92010e+01 -1.47298e+00  5.99294e+01             
       H -5.83174e+01 -1.27562e+00  5.97160e+01             
       H -5.92538e+01 -2.00471e+00  6.07547e+01             
       O -6.25636e+01 -1.25814e+01  4.69900e+01             
       H -6.22970e+01 -1.25035e+01  4.61137e+01             
       H -6.17048e+01 -1.25384e+01  3.50848e+01             
       O -5.72142e+01 -1.10082e+01  2.97508e+01             
       H -5.64064e+01 -1.15590e+01  2.99618e+01             
       H -6.95445e+01 -1.08949e+01  2.87738e+01             
       O -4.91237e+01 -1.34106e+01  3.18841e+01             
       H -4.88033e+01 -1.42101e+01  3.22779e+01             
       H -4.83372e+01 -1.30211e+01  3.14961e+01             
       O -6.07384e+01 -2.38045e+01  3.61257e+01             
       H -5.97465e+01 -2.40078e+01  3.63199e+01             
       H -6.05232e+01 -2.33314e+01  4.76894e+01             
       O -5.58752e+01 -1.65351e+01  3.43985e+01             
       H -6.42718e+01 -1.06675e+01  4.13214e+01             
       H -5.58158e+01 -1.57187e+01  3.49476e+01             
       O -5.91656e+01 -2.44426e+01  5.62135e+01             
       H -5.85211e+01 -2.48810e+01  5.67758e+01             
       H -5.85210e+01 -2.40742e+01  5.55271e+01             
       O -4.76979e+01 -1.29715e+01  4.06957e+01             
       H -4.70335e+01 -1.32251e+01  4.00081e+01             
       H -4.71767e+01 -1.30714e+01  4.15217e+01             
       O -5.22815e+01 -2.61423e+01  5.23442e+01             
       H -5.20679e+01 -2.58340e+01  5.32208e+01             
       H -5.16661e+01 -2.69556e+01  5.22342e+01             
       O -5.85136e+01 -8.47030e+00  5.83737e+01             
       H -5.81624e+01 -8.30188e+00  5.74973e+01             
       H -5.77070e+01 -8.59034e+00  5.89302e+01             
       O -4.80671e+01  9.39947e+00  7.05968e+01             
       H -4.74138e+01  8.93458e+00  7.01026e+01             
       H -4.76402e+01  1.00928e+01  7.11753e+01             
       O -5.74972e+01 -2.57820e+01  5.76056e+01             
       H -6.22157e+01 -1.94389e+01  3.69811e+01             
       H -5.67115e+01 -2.53262e+01  5.77236e+01             
       O -6.29592e+01 -1.59526e+01  5.22079e+01             
       H -5.49481e+01 -1.67687e+01  3.44569e+01             
       H -6.28855e+01 -1.60863e+01  5.12654e+01             
       O -5.41521e+01 -9.84500e+00  4.35089e+01             
       H -6.27292e+01 -5.32087e+00  4.53314e+01             
       H -5.37961e+01 -9.06223e+00  4.39548e+01             
       O -5.48789e+01 -2.47117e+01  5.41942e+01             
       H -6.67574e+01 -2.52670e+01  6.72001e+01             
       H -4.84614e+01 -6.27114e+00  5.83696e+01             
       O -8.97414e+01 -1.19795e+01  5.77652e+01             
       H -8.89231e+01 -1.14389e+01  5.74894e+01             
       H -8.95234e+01 -1.24264e+01  5.85418e+01             
       O -5.97858e+01 -2.80080e+01  4.96587e+01             
       H -5.93669e+01 -2.73186e+01  5.02340e+01             
       H -5.50282e+01 -1.46898e+01  5.62918e+01             
       O -6.46500e+01 -1.12396e+01  4.20081e+01             
       H -6.38615e+01 -1.17596e+01  4.21403e+01             
       H -7.22709e+01 -2.19369e+01  2.09975e+01             
       O -7.01655e+01 -2.05308e+01  4.31670e+01             
       H -6.93130e+01 -2.00071e+01  4.31321e+01             
       H -6.98419e+01 -2.14422e+01  4.30044e+01             
       O -5.41202e+01 -2.31297e+01  3.84555e+01             
       H -5.39912e+01 -2.38534e+01  3.77868e+01             
       H -5.33184e+01 -2.29978e+01  3.89357e+01             
       O -4.32753e+01 -2.57953e+01  4.82457e+01             
       H -4.25893e+01 -1.35092e+01  4.90095e+01             
       H -4.26945e+01 -2.53003e+01  4.76267e+01             
       O -5.66798e+01 -1.03013e+01  5.18389e+01             
       H -4.32354e+01 -1.03552e+01  5.17185e+01             
       H -5.68404e+01 -9.38605e+00  5.17929e+01             
       O -5.16767e+01  2.56513e+00  5.20127e+01             
       H -5.84235e+01 -3.10797e+01  4.11773e+01             
       H -6.24724e+01  1.51942e+00  4.37345e+01             
       O -6.56593e+01 -1.65299e+01  4.71136e+01             
       H -6.50501e+01 -1.66860e+01  4.63763e+01             
       H -6.54814e+01 -1.56319e+01  4.73692e+01             
       O -6.23559e+01 -3.94139e+00  3.68672e+01             
       H -6.14153e+01 -1.60999e+01  3.69914e+01             
       H -6.23744e+01 -4.53501e+00  3.60983e+01             
       O -6.97713e+01 -1.98793e+01  5.24402e+01             
       H -6.92640e+01 -1.93280e+01  5.17935e+01             
       H -6.90344e+01 -2.03355e+01  5.29565e+01             
       O -5.88047e+01 -1.75953e+01  5.67700e+01             
       H -5.88332e+01 -1.76411e+01  5.58451e+01             
       H -5.78516e+01 -1.76790e+01  5.69155e+01             
       O -7.25895e+01 -2.00401e+01  3.98073e+01             
       H -7.16422e+01 -1.99933e+01  5.20069e+01             
       H -6.65624e+01 -3.64670e+01  4.16197e+01             
       O -5.47265e+01 -2.04754e+01  6.17396e+01             
       H -5.42992e+01 -2.11949e+01  6.22463e+01             
       H -5.39814e+01 -2.01041e+01  6.12371e+01             
       O -5.98678e+01 -1.90331e+01  4.71184e+01             
       H -5.91644e+01 -1.83517e+01  4.72713e+01             
       H -5.93430e+01 -1.97360e+01  4.66027e+01             
       O -7.65557e+01 -1.59527e+01  5.52853e+01             
       H -7.57985e+01 -1.54931e+01  5.49294e+01             
       H -7.64003e+01 -1.64083e+01  5.61381e+01             
       O -5.62309e+01 -2.17010e+01  4.72238e+01             
       H -5.57776e+01 -2.13664e+01  4.80295e+01             
       H -5.56417e+01 -2.24213e+01  4.68705e+01             
       O -7.08331e+01 -1.35668e+01  2.64984e+01             
       H -7.05916e+01 -1.28906e+01  2.58192e+01             
       H -6.99586e+01 -1.38818e+01  2.67968e+01             
       O -6.04506e+01 -2.27367e+01  2.08582e+01             
       H -3.93161e+01 -9.02452e+00  4.01124e+01             
       H -5.99379e+01 -2.33106e+01  2.02573e+01             
       O -6.65612e+01 -1.66426e+01  5.13622e+01             
       H -6.61924e+01 -1.69805e+01  5.21810e+01             
       H -6.58095e+01 -1.62735e+01  5.08802e+01             
       O -6.58002e+01 -1.40143e+01  6.83063e+01             
       H -6.51334e+01 -1.46304e+01  6.80066e+01             
       H -6.53151e+01 -1.33024e+01  6.87771e+01             
192                                                         
# CELL(abcABC):   12.41850    12.41850    12.41850    90.00000    90.00000    90.00000  Step:      200000  Bead:       0 x_centroid{angstrom}  cell{angstrom}   
       O -8.39000e+01 -1.40487e+01  7.10075e+01             
       H -8.30124e+01 -1.36885e+01  7.09225e+01             
       H -8.37886e+01 -1.48282e+01  7.16112e+01             
       O -7.33174e+01 -1.05426e+01  6.34492e+01             
       H -7.27784e+01 -1.90813e+01  5.80771e+01             
       H -7.26850e+01 -1.06907e+01  6.26939e+01             
       O -7.69131e+01 -2.79437e+01  5.37539e+01             
       H -7.61936e+01 -1.58413e+01  5.43405e+01             
       H -7.63106e+01 -2.76251e+01  5.29581e+01             
       O -7.11098e+01 -2.20778e+01  5.76758e+01             
       H -7.02790e+01 -2.24800e+01  5.71830e+01             
       H -7.05950e+01 -2.15356e+01  5.84071e+01             
       O -6.34791e+01 -2.35260e+01  5.32152e+01             
       H -6.30218e+01 -2.26627e+01  5.34365e+01             
       H -6.27519e+01 -2.41216e+01  5.29714e+01             
       O -6.70009e+01 -2.19893e+01  6.81030e+01             
       H -6.63938e+01 -2.26250e+01  6.75792e+01             
       H -6.64533e+01 -2.16487e+01  6.88315e+01             
       O -7.22036e+01 -2.17825e+01  4.09401e+01             
       H -7.14613e+01 -2.12575e+01  4.05482e+01             
       H -6.38826e+01 -6.36896e-01  5.82911e+01             
       O -5.75086e+01 -1.88917e+01  7.53207e+01             
       H -5.71170e+01 -1.95136e+01  7.59580e+01             
       H -5.69943e+01 -3.14447e+01  7.44807e+01             
       O -7.86175e+01 -1.09355e+01  4.68465e+01             
       H -7.79581e+01 -1.02122e+01  4.66272e+01             
       H -7.80513e+01 -1.17647e+01  4.69228e+01             
       O -7.38589e+01 -2.53831e+01  5.25452e+01             
       H -7.34975e+01 -2.46635e+01  5.20490e+01             
       H -7.31626e+01 -2.57181e+01  5.31643e+01             
       O -8.00416e+01 -9.90122e+00  6.44907e+01             
       H -7.93714e+01 -1.01856e+01  6.51441e+01             
       H -7.95169e+01 -9.49089e+00  6.37691e+01             
       O -7.26412e+01 -1.15101e+01  4.64882e+01             
       H -7.20439e+01 -1.08813e+01  4.60707e+01             
       H -6.64903e+01 -1.51408e+01  4.54411e+01             
       O -7.23561e+01 -3.32946e+01  4.86520e+01             
       H -7.14242e+01 -3.34887e+01  4.84805e+01             
       H -6.88571e+01 -2.99482e+01  6.36599e+01             
       O -8.08921e+01 -1.98285e+01  5.46642e+01             
       H -8.03623e+01 -2.06550e+01  5.51010e+01             
       H -8.01339e+01 -1.91263e+01  5.44295e+01             
       O -6.74098e+01 -2.61663e+01  6.43873e+01             
       H -6.65577e+01 -2.58940e+01  6.40027e+01             
       H -6.74375e+01 -2.63270e+01  6.53670e+01             
       O -7.44524e+01 -1.01806e+01  6.05239e+01             
       H -7.38859e+01 -9.48219e+00  6.08233e+01             
       H -7.38502e+01 -1.09190e+01  6.00628e+01             
       O -7.45199e+01 -9.62340e+00  4.43913e+01             
       H -7.38248e+01 -2.13713e+01  4.46576e+01             
       H -7.42750e+01 -1.05697e+01  4.45786e+01             
       O -7.54421e+01 -3.00238e+01  4.84514e+01             
       H -7.46731e+01 -3.05141e+01  4.81083e+01             
       H -7.50210e+01 -2.94882e+01  4.91649e+01             
       O -8.14564e+01 -1.28456e+01  5.80875e+01             
       H -8.12544e+01 -1.24214e+01  5.89813e+01             
       H -8.07088e+01 -1.34956e+01  5.79780e+01             
       O -7.44917e+01  5.16569e+00  5.15773e+01             
       H -5.72960e+01 -1.91535e+01  5.55979e+01             
       H -7.36086e+01  5.67389e+00  5.17230e+01             
       O -6.65270e+01 -1.80527e+01  6.68859e+01             
       H -7.44328e+01 -2.54705e+01  5.70595e+01             
       H -7.82858e+01 -1.85553e+01  6.74100e+01             
       O -6.79463e+01 -3.20868e+01  6.12586e+01             
       H -6.74458e+01 -3.26760e+01  6.18722e+01             
       H -6.71783e+01 -3.16471e+01  6.08174e+01             
       O -7.63428e+01 -2.21771e+01  5.89362e+01             
       H -7.58210e+01 -2.21904e+01  5.81212e+01             
       H -7.56426e+01 -2.23889e+01  5.96272e+01             
       O -7.29325e+01 -4.31608e+01  5.97828e+01             
       H -7.26604e+01 -4.40173e+01  6.02321e+01             
       H -7.21790e+01 -4.25471e+01  7.24637e+01             
       O -7.42371e+01 -5.73325e+00  5.57583e+01             
       H -7.33261e+01 -5.55903e+00  5.51831e+01             
       H -7.39710e+01 -6.37529e+00  5.64622e+01             
       O -6.62171e+01 -2.12278e+01  6.25399e+01             
       H -6.54507e+01 -2.05370e+01  6.27651e+01             
       H -6.58495e+01 -2.20025e+01  6.20555e+01             
       O -7.32953e+01 -2.67751e+01  6.90573e+01             
       H -7.26105e+01 -2.67443e+01  6.97870e+01             
       H -7.28070e+01 -2.66298e+01  6.82415e+01             
       O -8.89148e+01 -2.30337e+01  5.01168e+01             
       H -8.85584e+01 -2.30274e+01  5.10387e+01             
       H -8.81960e+01 -2.30074e+01  4.94309e+01             
       O -7.01318e+01 -3.33044e+00  6.63107e+01             
       H -6.96437e+01 -3.43613e+00  6.54262e+01             
       H -6.95707e+01 -3.63900e+00  6.70721e+01             
       O -7.54613e+01 -1.48068e+01  5.16814e+01             
       H -7.49628e+01 -1.55978e+01  5.12673e+01             
       H -7.47733e+01 -1.41708e+01  3.95062e+01             
       O -6.69312e+01 -1.37746e+01  3.61015e+01             
       H -6.64411e+01 -1.39438e+01  3.53163e+01             
       H -7.86802e+01 -1.36583e+01  3.68276e+01             
       O -6.14574e+01 -1.63723e+01  3.81435e+01             
       H -6.10940e+01 -1.71800e+01  3.85898e+01             
       H -6.06655e+01 -1.56816e+01  3.81043e+01             
       O -7.19593e+01 -2.62935e+01  4.17185e+01             
       H -7.12267e+01 -2.68995e+01  4.15081e+01             
       H -7.15743e+01 -2.54111e+01  5.43409e+01             
       O -6.41238e+01 -1.94842e+01  4.29023e+01             
       H -7.61065e+01 -1.62651e+01  4.56829e+01             
       H -6.33616e+01 -1.89406e+01  4.32527e+01             
       O -6.89951e+01 -2.76908e+01  6.17199e+01             
       H -6.88015e+01 -2.81270e+01  6.25956e+01             
       H -6.81640e+01 -2.73853e+01  6.13809e+01             
       O -5.85037e+01 -1.64612e+01  4.76096e+01             
       H -5.79122e+01 -1.68029e+01  4.69079e+01             
       H -5.78545e+01 -1.61529e+01  4.83214e+01             
       O -6.30106e+01 -2.83775e+01  5.65186e+01             
       H -6.21744e+01 -2.78384e+01  5.66831e+01             
       H -6.25249e+01 -2.92068e+01  5.61901e+01             
       O -7.13349e+01 -1.18772e+01  6.22192e+01             
       H -7.06355e+01 -1.18242e+01  6.28499e+01             
       H -7.08232e+01 -1.16384e+01  6.14238e+01             
       O -5.98124e+01  6.55663e+00  7.66851e+01             
       H -5.90119e+01  6.36635e+00  7.60977e+01             
       H -5.95991e+01  6.69418e+00  7.76292e+01             
       O -6.85028e+01 -2.91486e+01  6.40587e+01             
       H -7.16525e+01 -2.24674e+01  4.13724e+01             
       H -6.76365e+01 -2.94249e+01  6.43762e+01             
       O -7.29794e+01 -1.97416e+01  5.74112e+01             
       H -6.35066e+01 -2.01552e+01  4.25566e+01             
       H -7.20754e+01 -2.00569e+01  5.70990e+01             
       O -6.67511e+01 -1.42874e+01  4.51497e+01             
       H -7.42537e+01 -8.16462e+00  5.16446e+01             
       H -6.59385e+01 -1.37864e+01  4.55005e+01             
       O -6.64046e+01 -3.07711e+01  5.89534e+01             
       H -7.82483e+01 -2.99681e+01  7.12362e+01             
       H -6.02948e+01 -1.01946e+01  6.41613e+01             
       O -1.02523e+02 -1.30532e+01  6.29774e+01             
       H -1.02196e+02 -1.21812e+01  6.26145e+01             
       H -1.01694e+02 -1.34998e+01  6.31804e+01             
       O -7.05027e+01 -3.12062e+01  5.61374e+01             
       H -7.01050e+01 -3.07098e+01  5.68584e+01             
       H -6.63089e+01 -1.78162e+01  6.59261e+01             
       O -7.67126e+01 -1.62123e+01  4.64422e+01             
       H -7.61490e+01 -1.66383e+01  4.71813e+01             
       H -8.43184e+01 -2.61304e+01  2.48935e+01             
       O -8.09186e+01 -2.37924e+01  4.79415e+01             
       H -8.07386e+01 -2.43446e+01  4.87302e+01             
       H -7.99211e+01 -2.35461e+01  4.75531e+01             
       O -6.64943e+01 -2.64727e+01  4.23143e+01             
       H -6.61543e+01 -2.61533e+01  4.31783e+01             
       H -6.56987e+01 -2.70172e+01  4.19317e+01             
       O -5.57285e+01 -2.85619e+01  5.55908e+01             
       H -5.51075e+01 -1.67647e+01  5.52619e+01             
       H -5.51804e+01 -2.77723e+01  5.54682e+01             
       O -6.91770e+01 -1.07788e+01  5.62970e+01             
       H -5.66094e+01 -1.15879e+01  5.69153e+01             
       H -6.83400e+01 -1.04401e+01  5.59856e+01             
       O -6.45730e+01 -1.08053e+00  5.88826e+01             
       H -7.22401e+01 -3.31465e+01  4.96059e+01             
       H -7.21470e+01  7.07358e-02  4.66667e+01             
       O -7.46876e+01 -2.13971e+01  5.42126e+01             
       H -7.36845e+01 -2.13736e+01  5.40150e+01             
       H -7.45535e+01 -2.17600e+01  5.50909e+01             
       O -7.20412e+01 -5.36437e+00  4.20244e+01             
       H -7.15236e+01 -1.69766e+01  4.18813e+01             
       H -7.14115e+01 -5.73995e+00  4.27814e+01             
       O -8.20527e+01 -2.13888e+01  6.01946e+01             
       H -8.13726e+01 -2.06504e+01  6.02498e+01             
       H -8.16049e+01 -2.22825e+01  6.03608e+01             
       O -6.96579e+01 -2.06816e+01  6.49624e+01             
       H -6.90393e+01 -2.13781e+01  6.48602e+01             
       H -6.92532e+01 -2.02619e+01  6.58104e+01             
       O -8.73164e+01 -2.47372e+01  4.51023e+01             
       H -8.66985e+01 -2.44597e+01  5.82250e+01             
       H -7.84130e+01 -4.38888e+01  4.59861e+01             
       O -6.58568e+01 -2.37072e+01  6.66624e+01             
       H -6.61971e+01 -2.45908e+01  6.66844e+01             
       H -6.48724e+01 -2.37037e+01  6.63554e+01             
       O -7.07134e+01 -2.39692e+01  5.43874e+01             
       H -7.02571e+01 -2.39967e+01  5.35654e+01             
       H -6.99855e+01 -2.37913e+01  5.50039e+01             
       O -8.93489e+01 -1.93222e+01  6.30072e+01             
       H -8.91926e+01 -1.86967e+01  6.22614e+01             
       H -8.84414e+01 -1.95062e+01  6.34171e+01             
       O -6.94676e+01 -2.44008e+01  5.18086e+01             
       H -6.89521e+01 -2.36069e+01  5.18394e+01             
       H -6.87809e+01 -2.51257e+01  5.17410e+01             
       O -8.13362e+01 -1.75786e+01  3.35744e+01             
       H -8.09117e+01 -1.70369e+01  3.28845e+01             
       H -8.05866e+01 -1.80662e+01  3.39803e+01             
       O -7.18768e+01 -2.71096e+01  2.51025e+01             
       H -5.18019e+01 -1.43863e+01  4.66266e+01             
       H -7.09827e+01 -2.72729e+01  2.47414e+01             
       O -7.79608e+01 -2.04628e+01  5.76506e+01             
       H -7.73689e+01 -2.08866e+01  5.82726e+01             
       H -7.73714e+01 -2.03276e+01  5.68547e+01             
       O -7.82963e+01 -1.71406e+01  7.70404e+01             
       H -7.77520e+01 -1.76674e+01  7.64144e+01             
       H -7.76075e+01 -1.65098e+01  7.75390e+01             
