192                                                         
# CELL(abcABC):   12.41850    12.41850    12.41850    90.00000    90.00000    90.00000  Step:           0  Bead:       0 x_centroid{angstrom}  cell{angstrom}   
       O -7.35331e+01 -1.05390e+01  6.66644e+01             
       H -7.29303e+01 -1.12256e+01  6.64024e+01             
       H -7.28533e+01 -9.80556e+00  6.68850e+01             
       O -6.02945e+01 -7.04690e+00  5.69459e+01             
       H -6.30418e+01 -1.58537e+01  5.21764e+01             
       H -5.94583e+01 -6.55051e+00  5.66032e+01             
       O -6.56506e+01 -2.55385e+01  4.90992e+01             
       H -6.52696e+01 -1.33374e+01  4.99904e+01             
       H -6.49727e+01 -2.58979e+01  4.85126e+01             
       O -5.96491e+01 -2.07602e+01  5.46577e+01             
       H -5.87310e+01 -2.07321e+01  5.49936e+01             
       H -6.01472e+01 -2.03274e+01  5.53900e+01             
       O -5.21249e+01 -2.02694e+01  4.78520e+01             
       H -5.15695e+01 -1.95624e+01  4.82325e+01             
       H -5.15276e+01 -2.09856e+01  4.77547e+01             
       O -5.60378e+01 -1.87656e+01  6.28403e+01             
       H -5.55532e+01 -1.95511e+01  6.23462e+01             
       H -5.52722e+01 -1.83522e+01  6.33162e+01             
       O -6.21341e+01 -1.92268e+01  3.63836e+01             
       H -6.13483e+01 -1.95136e+01  3.58497e+01             
       H -5.06990e+01  2.50988e+00  5.08626e+01             
       O -4.44872e+01 -1.58498e+01  6.69061e+01             
       H -4.39100e+01 -1.57390e+01  6.76556e+01             
       H -4.39555e+01 -2.77604e+01  6.62383e+01             
       O -6.75388e+01 -7.98254e+00  4.04349e+01             
       H -6.73391e+01 -8.38397e+00  4.13084e+01             
       H -6.67532e+01 -7.57099e+00  4.01405e+01             
       O -6.31003e+01 -2.25138e+01  4.76375e+01             
       H -6.28728e+01 -2.29259e+01  4.85057e+01             
       H -6.22702e+01 -2.26437e+01  4.71445e+01             
       O -6.77558e+01 -6.38107e+00  5.62869e+01             
       H -6.71704e+01 -6.63331e+00  5.69893e+01             
       H -6.71950e+01 -6.04172e+00  5.55467e+01             
       O -6.26287e+01 -1.03147e+01  4.39941e+01             
       H -6.18198e+01 -1.01892e+01  4.45318e+01             
       H -5.32309e+01 -9.92268e+00  4.23194e+01             
       O -5.93429e+01 -2.93873e+01  4.14768e+01             
       H -5.86959e+01 -2.87425e+01  4.17018e+01             
       H -5.60307e+01 -2.60894e+01  5.73068e+01             
       O -7.01293e+01 -1.71910e+01  4.87825e+01             
       H -6.95775e+01 -1.76944e+01  4.94126e+01             
       H -6.95469e+01 -1.66465e+01  4.81465e+01             
       O -5.46638e+01 -2.29778e+01  5.76392e+01             
       H -5.45578e+01 -2.25820e+01  5.67153e+01             
       H -5.37538e+01 -2.33008e+01  5.78509e+01             
       O -6.33958e+01 -7.72167e+00  5.61695e+01             
       H -6.27117e+01 -7.13253e+00  5.65062e+01             
       H -6.31134e+01 -8.67448e+00  5.63229e+01             
       O -6.28032e+01 -6.91088e+00  3.92286e+01             
       H -6.29731e+01 -1.83864e+01  3.90599e+01             
       H -6.18408e+01 -6.95765e+00  3.94625e+01             
       O -6.27333e+01 -2.51089e+01  4.19343e+01             
       H -6.20354e+01 -2.50404e+01  4.13161e+01             
       H -6.23383e+01 -2.52657e+01  4.28024e+01             
       O -6.99189e+01 -1.18808e+01  4.95762e+01             
       H -6.91817e+01 -1.24256e+01  4.92571e+01             
       H -6.94713e+01 -1.10333e+01  4.96655e+01             
       O -6.19073e+01  7.84380e+00  4.47978e+01             
       H -4.63589e+01 -1.59278e+01  4.94489e+01             
       H -6.10936e+01  8.41433e+00  4.50795e+01             
       O -5.51146e+01 -1.50279e+01  5.68718e+01             
       H -6.00419e+01 -2.00401e+01  5.29103e+01             
       H -6.77506e+01 -1.55662e+01  5.76474e+01             
       O -5.55550e+01 -2.65278e+01  5.26644e+01             
       H -5.47472e+01 -2.67257e+01  5.21051e+01             
       H -5.52620e+01 -2.58168e+01  5.32590e+01             
       O -6.45448e+01 -1.98324e+01  5.35935e+01             
       H -6.38740e+01 -2.00325e+01  5.43341e+01             
       H -6.39683e+01 -1.96736e+01  5.27934e+01             
       O -6.18993e+01 -4.05624e+01  5.36215e+01             
       H -6.10586e+01 -4.11467e+01  5.36040e+01             
       H -6.15348e+01 -3.96608e+01  6.62330e+01             
       O -6.35945e+01 -2.19961e+00  4.75193e+01             
       H -6.29710e+01 -1.63135e+00  4.70507e+01             
       H -6.30698e+01 -2.71501e+00  4.81630e+01             
       O -5.36395e+01 -1.77443e+01  5.44558e+01             
       H -5.29141e+01 -1.71170e+01  5.46779e+01             
       H -5.31729e+01 -1.85211e+01  5.40371e+01             
       O -6.15725e+01 -2.22046e+01  6.27633e+01             
       H -6.08653e+01 -2.18250e+01  6.33534e+01             
       H -6.10471e+01 -2.27439e+01  6.21260e+01             
       O -7.80781e+01 -1.95754e+01  4.55257e+01             
       H -7.78072e+01 -1.99797e+01  4.64153e+01             
       H -7.72519e+01 -1.95245e+01  4.50063e+01             
       O -5.90211e+01 -7.50333e-01  5.91979e+01             
       H -5.81924e+01 -6.38452e-01  5.86916e+01             
       H -5.87280e+01 -3.90295e-01  5.99977e+01             
       O -6.19519e+01 -1.28211e+01  4.65445e+01             
       H -6.17624e+01 -1.30256e+01  4.56049e+01             
       H -6.10690e+01 -1.27715e+01  3.44885e+01             
       O -5.68233e+01 -1.05727e+01  2.92710e+01             
       H -5.60821e+01 -1.10652e+01  2.95327e+01             
       H -6.89430e+01 -1.01551e+01  2.83845e+01             
       O -4.82674e+01 -1.33341e+01  3.15747e+01             
       H -4.76864e+01 -1.40711e+01  3.18965e+01             
       H -4.76554e+01 -1.26447e+01  3.13559e+01             
       O -6.02635e+01 -2.38784e+01  3.63143e+01             
       H -5.93448e+01 -2.39347e+01  3.67295e+01             
       H -6.01829e+01 -2.34480e+01  4.78586e+01             
       O -5.59654e+01 -1.58218e+01  3.46974e+01             
       H -6.43924e+01 -1.05910e+01  4.04397e+01             
       H -5.60380e+01 -1.48809e+01  3.50675e+01             
       O -5.85788e+01 -2.43439e+01  5.60845e+01             
       H -5.77729e+01 -2.47946e+01  5.63879e+01             
       H -5.83135e+01 -2.35341e+01  5.56449e+01             
       O -4.77141e+01 -1.35505e+01  4.10108e+01             
       H -4.69345e+01 -1.35814e+01  4.03845e+01             
       H -4.72926e+01 -1.34661e+01  4.18759e+01             
       O -5.29002e+01 -2.62080e+01  5.19068e+01             
       H -5.21869e+01 -2.56538e+01  5.22989e+01             
       H -5.23681e+01 -2.70992e+01  5.17946e+01             
       O -5.83214e+01 -8.76822e+00  5.85029e+01             
       H -5.81181e+01 -8.40812e+00  5.76235e+01             
       H -5.74909e+01 -9.17963e+00  5.88389e+01             
       O -4.70920e+01  9.20402e+00  7.00357e+01             
       H -4.63011e+01  8.73242e+00  6.97591e+01             
       H -4.68799e+01  9.55276e+00  7.08947e+01             
       O -5.65908e+01 -2.52891e+01  5.75513e+01             
       H -6.20635e+01 -1.97159e+01  3.72063e+01             
       H -5.59951e+01 -2.45204e+01  5.75344e+01             
       O -6.38145e+01 -1.60170e+01  5.16120e+01             
       H -5.50859e+01 -1.62125e+01  3.48500e+01             
       H -6.34737e+01 -1.59229e+01  5.06990e+01             
       O -5.37697e+01 -9.27267e+00  4.28421e+01             
       H -6.15284e+01 -5.33587e+00  4.43176e+01             
       H -5.32472e+01 -8.54469e+00  4.30331e+01             
       O -5.47625e+01 -2.49008e+01  5.48454e+01             
       H -6.69909e+01 -2.56694e+01  6.78469e+01             
       H -4.79746e+01 -7.00520e+00  5.78943e+01             
       O -8.94482e+01 -1.15617e+01  5.75535e+01             
       H -8.87754e+01 -1.09573e+01  5.71340e+01             
       H -8.89276e+01 -1.19197e+01  5.82684e+01             
       O -5.94538e+01 -2.79647e+01  4.99933e+01             
       H -5.89962e+01 -2.72454e+01  5.04753e+01             
       H -5.40981e+01 -1.48702e+01  5.69503e+01             
       O -6.48093e+01 -1.09572e+01  4.12472e+01             
       H -6.40986e+01 -1.15789e+01  4.14905e+01             
       H -7.18998e+01 -2.22309e+01  2.11266e+01             
       O -6.95741e+01 -2.07364e+01  4.33849e+01             
       H -6.88670e+01 -2.00025e+01  4.34144e+01             
       H -6.90964e+01 -2.15114e+01  4.29604e+01             
       O -5.41279e+01 -2.31670e+01  3.81142e+01             
       H -5.40791e+01 -2.39980e+01  3.75238e+01             
       H -5.32218e+01 -2.29372e+01  3.83215e+01             
       O -4.32747e+01 -2.57340e+01  4.80480e+01             
       H -4.23666e+01 -1.35215e+01  4.84911e+01             
       H -4.29332e+01 -2.51356e+01  4.73899e+01             
       O -5.65273e+01 -9.75322e+00  5.12521e+01             
       H -4.33582e+01 -1.03655e+01  5.10857e+01             
       H -5.60141e+01 -8.99074e+00  5.15342e+01             
       O -5.16806e+01  2.72553e+00  5.10500e+01             
       H -5.90145e+01 -2.98345e+01  4.06787e+01             
       H -6.21840e+01  1.80219e+00  4.31875e+01             
       O -6.55372e+01 -1.66611e+01  4.70781e+01             
       H -6.52099e+01 -1.73799e+01  4.65505e+01             
       H -6.48664e+01 -1.59884e+01  4.71966e+01             
       O -6.21918e+01 -3.68040e+00  3.69623e+01             
       H -6.12501e+01 -1.57435e+01  3.70831e+01             
       H -6.20317e+01 -4.64283e+00  3.67720e+01             
       O -7.02780e+01 -1.89675e+01  5.23962e+01             
       H -6.95783e+01 -1.88050e+01  5.16779e+01             
       H -6.96800e+01 -1.96229e+01  5.28626e+01             
       O -5.79071e+01 -1.78540e+01  5.63946e+01             
       H -5.79281e+01 -1.73882e+01  5.55270e+01             
       H -5.69784e+01 -1.80885e+01  5.64621e+01             
       O -7.27616e+01 -1.98981e+01  3.96042e+01             
       H -7.19020e+01 -1.95254e+01  5.17327e+01             
       H -6.62906e+01 -3.70616e+01  4.21550e+01             
       O -5.46514e+01 -2.04092e+01  6.13557e+01             
       H -5.43872e+01 -2.11757e+01  6.18978e+01             
       H -5.36986e+01 -2.01455e+01  6.11484e+01             
       O -5.98443e+01 -1.92648e+01  4.73142e+01             
       H -5.91390e+01 -1.87028e+01  4.77454e+01             
       H -5.92959e+01 -2.00278e+01  4.69199e+01             
       O -7.63588e+01 -1.64551e+01  5.53961e+01             
       H -7.56790e+01 -1.61177e+01  5.47675e+01             
       H -7.57608e+01 -1.67144e+01  5.61871e+01             
       O -5.61010e+01 -2.18745e+01  4.71466e+01             
       H -5.55704e+01 -2.14125e+01  4.78426e+01             
       H -5.55085e+01 -2.20626e+01  4.64063e+01             
       O -7.04713e+01 -1.36664e+01  2.69146e+01             
       H -7.02035e+01 -1.29458e+01  2.64290e+01             
       H -6.96626e+01 -1.41000e+01  2.72011e+01             
       O -6.02258e+01 -2.28859e+01  2.11729e+01             
       H -3.92257e+01 -8.95496e+00  3.91803e+01             
       H -5.98031e+01 -2.37252e+01  2.08463e+01             
       O -6.65470e+01 -1.74032e+01  5.17573e+01             
       H -6.67622e+01 -1.73880e+01  5.26726e+01             
       H -6.55434e+01 -1.73205e+01  5.16877e+01             
       O -6.51885e+01 -1.42331e+01  6.86835e+01             
       H -6.46427e+01 -1.50098e+01  6.83246e+01             
       H -6.47768e+01 -1.34271e+01  6.89975e+01             
192                                                         
# CELL(abcABC):   12.41850    12.41850    12.41850    90.00000    90.00000    90.00000  Step:      200000  Bead:       0 x_centroid{angstrom}  cell{angstrom}   
       O -8.41668e+01 -1.25637e+01  7.21760e+01             
       H -8.39513e+01 -1.35273e+01  7.23378e+01             
       H -8.32830e+01 -1.22195e+01  7.19267e+01             
       O -7.32527e+01 -9.13326e+00  6.19999e+01             
       H -7.62431e+01 -1.78360e+01  5.70277e+01             
       H -7.25569e+01 -8.77806e+00  6.14230e+01             
       O -7.90821e+01 -2.97223e+01  5.57108e+01             
       H -7.85112e+01 -1.78637e+01  5.63573e+01             
       H -7.83719e+01 -2.91808e+01  5.51902e+01             
       O -6.90060e+01 -2.43954e+01  5.92941e+01             
       H -6.84074e+01 -2.48333e+01  5.86878e+01             
       H -6.85041e+01 -2.44434e+01  6.01176e+01             
       O -6.29608e+01 -2.40842e+01  5.41094e+01             
       H -6.23157e+01 -2.33345e+01  5.40753e+01             
       H -6.22976e+01 -2.48078e+01  5.39625e+01             
       O -6.78930e+01 -2.13434e+01  6.91471e+01             
       H -6.74439e+01 -2.17114e+01  6.83525e+01             
       H -6.72146e+01 -2.09172e+01  6.96881e+01             
       O -7.34811e+01 -2.20866e+01  4.15974e+01             
       H -7.29088e+01 -2.21371e+01  4.08070e+01             
       H -6.43218e+01  6.17720e-01  5.53692e+01             
       O -5.71391e+01 -1.89082e+01  7.39172e+01             
       H -5.65235e+01 -1.92145e+01  7.46255e+01             
       H -5.65341e+01 -3.09885e+01  7.32386e+01             
       O -7.89588e+01 -1.32306e+01  4.52407e+01             
       H -7.81894e+01 -1.34752e+01  4.58336e+01             
       H -7.86190e+01 -1.26594e+01  4.45303e+01             
       O -7.36062e+01 -2.59572e+01  5.33739e+01             
       H -7.31305e+01 -2.63465e+01  5.41849e+01             
       H -7.28932e+01 -2.59132e+01  5.26064e+01             
       O -8.06747e+01 -9.03206e+00  6.01587e+01             
       H -8.01385e+01 -9.11359e+00  6.09905e+01             
       H -8.00823e+01 -8.57443e+00  5.94859e+01             
       O -7.36948e+01 -1.36861e+01  4.97594e+01             
       H -7.29743e+01 -1.35399e+01  5.04367e+01             
       H -6.47261e+01 -1.39453e+01  5.20688e+01             
       O -7.10433e+01 -3.32272e+01  4.77452e+01             
       H -7.03384e+01 -3.29212e+01  4.82849e+01             
       H -6.74138e+01 -2.92493e+01  6.51247e+01             
       O -8.18129e+01 -1.93843e+01  5.58588e+01             
       H -8.12676e+01 -2.01659e+01  5.61722e+01             
       H -8.10378e+01 -1.88479e+01  5.54695e+01             
       O -6.68488e+01 -2.64170e+01  6.63458e+01             
       H -6.63716e+01 -2.62570e+01  6.54439e+01             
       H -6.62398e+01 -2.66944e+01  6.70781e+01             
       O -7.52911e+01 -1.11183e+01  6.22618e+01             
       H -7.45879e+01 -1.04714e+01  6.21524e+01             
       H -7.48678e+01 -1.20514e+01  6.22254e+01             
       O -7.56646e+01 -1.07037e+01  4.55475e+01             
       H -7.51861e+01 -2.22506e+01  4.56349e+01             
       H -7.48878e+01 -1.13270e+01  4.55039e+01             
       O -7.43715e+01 -2.73663e+01  4.65000e+01             
       H -7.41080e+01 -2.64682e+01  4.60597e+01             
       H -7.35314e+01 -2.77120e+01  4.69605e+01             
       O -8.23740e+01 -1.34592e+01  5.54110e+01             
       H -8.18783e+01 -1.28098e+01  5.49267e+01             
       H -8.17622e+01 -1.40267e+01  5.59233e+01             
       O -7.32240e+01  7.46147e+00  5.19299e+01             
       H -5.82677e+01 -1.86046e+01  5.66797e+01             
       H -7.25069e+01  7.23996e+00  5.11929e+01             
       O -6.61308e+01 -1.83207e+01  6.44149e+01             
       H -7.28854e+01 -2.29799e+01  5.65250e+01             
       H -7.80999e+01 -1.87016e+01  6.51975e+01             
       O -6.78619e+01 -3.01782e+01  5.95919e+01             
       H -6.72969e+01 -3.08848e+01  5.93257e+01             
       H -6.73107e+01 -2.95668e+01  6.00195e+01             
       O -7.70354e+01 -2.34308e+01  6.03470e+01             
       H -7.63497e+01 -2.34164e+01  6.10202e+01             
       H -7.64995e+01 -2.33731e+01  5.95328e+01             
       O -7.30872e+01 -4.41422e+01  5.95823e+01             
       H -7.21809e+01 -4.46225e+01  5.97100e+01             
       H -7.28394e+01 -4.34106e+01  7.14024e+01             
       O -7.73635e+01 -7.40656e+00  5.41673e+01             
       H -7.64354e+01 -7.43970e+00  5.37756e+01             
       H -7.72253e+01 -6.78464e+00  5.48971e+01             
       O -6.50938e+01 -2.08120e+01  6.09498e+01             
       H -6.41168e+01 -2.06335e+01  6.09412e+01             
       H -6.51046e+01 -2.17099e+01  6.05674e+01             
       O -7.35281e+01 -2.47018e+01  7.00476e+01             
       H -7.28796e+01 -2.47747e+01  7.08188e+01             
       H -7.33206e+01 -2.52059e+01  6.92621e+01             
       O -8.93959e+01 -2.35246e+01  5.19332e+01             
       H -8.88640e+01 -2.37438e+01  5.27943e+01             
       H -8.87845e+01 -2.34199e+01  5.11332e+01             
       O -7.27224e+01 -4.55292e+00  6.78897e+01             
       H -7.21072e+01 -4.84649e+00  6.71252e+01             
       H -7.22146e+01 -4.97117e+00  6.86762e+01             
       O -7.48546e+01 -1.99597e+01  5.30142e+01             
       H -7.44266e+01 -1.91576e+01  5.26665e+01             
       H -7.42329e+01 -2.06563e+01  4.10793e+01             
       O -6.75626e+01 -1.45070e+01  3.76618e+01             
       H -6.68130e+01 -1.41978e+01  3.82885e+01             
       H -7.95463e+01 -1.51617e+01  3.70350e+01             
       O -6.25269e+01 -1.59260e+01  3.82496e+01             
       H -6.17057e+01 -1.64585e+01  3.87399e+01             
       H -6.21531e+01 -1.51861e+01  3.76396e+01             
       O -7.24422e+01 -2.64416e+01  4.32820e+01             
       H -7.25373e+01 -2.74011e+01  4.32649e+01             
       H -7.14860e+01 -2.61771e+01  5.55602e+01             
       O -6.79711e+01 -1.99254e+01  3.86762e+01             
       H -7.70428e+01 -1.33708e+01  4.78924e+01             
       H -6.71167e+01 -1.94981e+01  3.89842e+01             
       O -6.98107e+01 -2.77276e+01  6.35213e+01             
       H -6.93048e+01 -2.81795e+01  6.42981e+01             
       H -6.90588e+01 -2.74020e+01  6.29558e+01             
       O -5.91052e+01 -1.54109e+01  4.74522e+01             
       H -5.84710e+01 -1.58178e+01  4.67785e+01             
       H -5.89072e+01 -1.58193e+01  4.82984e+01             
       O -6.26067e+01 -2.89760e+01  5.65760e+01             
       H -6.18233e+01 -2.92411e+01  5.60350e+01             
       H -6.21037e+01 -2.85320e+01  5.73480e+01             
       O -6.99067e+01 -1.13630e+01  6.37733e+01             
       H -6.94137e+01 -1.14280e+01  6.29190e+01             
       H -6.93577e+01 -1.16839e+01  6.45269e+01             
       O -5.89832e+01  7.40969e+00  7.49469e+01             
       H -5.85040e+01  8.23017e+00  7.53191e+01             
       H -5.82381e+01  6.85727e+00  7.46467e+01             
       O -6.81436e+01 -2.86742e+01  6.53659e+01             
       H -7.28559e+01 -2.18184e+01  4.23128e+01             
       H -6.77089e+01 -2.78278e+01  6.57668e+01             
       O -7.66071e+01 -1.87835e+01  5.69731e+01             
       H -6.75922e+01 -2.08088e+01  3.85080e+01             
       H -7.58018e+01 -1.93578e+01  5.72054e+01             
       O -6.56002e+01 -1.35028e+01  5.17270e+01             
       H -7.25577e+01 -4.66252e+00  5.25587e+01             
       H -6.54250e+01 -1.25457e+01  5.18139e+01             
       O -6.60204e+01 -2.88192e+01  6.08503e+01             
       H -7.77393e+01 -2.93441e+01  7.38425e+01             
       H -6.02740e+01 -9.38387e+00  6.27786e+01             
       O -1.00711e+02 -1.45910e+01  6.52978e+01             
       H -9.98342e+01 -1.40816e+01  6.55587e+01             
       H -1.00289e+02 -1.50395e+01  6.44400e+01             
       O -7.14179e+01 -3.06090e+01  5.72429e+01             
       H -7.10712e+01 -2.98940e+01  5.78061e+01             
       H -6.54275e+01 -1.79918e+01  6.38260e+01             
       O -7.70549e+01 -1.41883e+01  4.73495e+01             
       H -7.61217e+01 -1.44109e+01  4.72629e+01             
       H -8.35181e+01 -2.51025e+01  2.66757e+01             
       O -8.06348e+01 -2.44970e+01  4.92718e+01             
       H -7.98852e+01 -2.38783e+01  4.93575e+01             
       H -8.04116e+01 -2.53633e+01  4.96406e+01             
       O -6.47234e+01 -2.80759e+01  4.25555e+01             
       H -6.40108e+01 -2.81375e+01  4.32631e+01             
       H -6.41669e+01 -2.78867e+01  4.17606e+01             
       O -5.84185e+01 -2.98091e+01  5.34356e+01             
       H -5.75464e+01 -1.69634e+01  5.34256e+01             
       H -5.82514e+01 -3.07712e+01  5.31681e+01             
       O -6.82671e+01 -1.52875e+01  5.67983e+01             
       H -5.53680e+01 -1.59790e+01  5.62190e+01             
       H -6.75612e+01 -1.46232e+01  5.70975e+01             
       O -6.49290e+01  1.00552e+00  5.60379e+01             
       H -7.05953e+01 -3.37073e+01  4.69534e+01             
       H -7.33867e+01 -7.66584e-01  4.89958e+01             
       O -7.89918e+01 -2.22981e+01  5.04090e+01             
       H -7.82578e+01 -2.19606e+01  4.98429e+01             
       H -7.85422e+01 -2.25950e+01  5.12432e+01             
       O -7.46223e+01 -8.18010e+00  4.52014e+01             
       H -7.42273e+01 -2.01522e+01  4.60335e+01             
       H -7.38938e+01 -8.57220e+00  4.47210e+01             
       O -8.24474e+01 -2.23725e+01  5.79284e+01             
       H -8.17740e+01 -2.20910e+01  5.72544e+01             
       H -8.19230e+01 -2.30006e+01  5.84781e+01             
       O -6.99571e+01 -2.02593e+01  6.54189e+01             
       H -6.96329e+01 -2.00596e+01  6.62942e+01             
       H -6.92130e+01 -2.00339e+01  6.48226e+01             
       O -8.49849e+01 -2.20475e+01  4.41026e+01             
       H -8.41182e+01 -2.20810e+01  5.70520e+01             
       H -7.79202e+01 -4.06328e+01  4.78343e+01             
       O -6.64689e+01 -2.21925e+01  6.70997e+01             
       H -6.57977e+01 -2.27452e+01  6.76767e+01             
       H -6.58929e+01 -2.14965e+01  6.66794e+01             
       O -7.17814e+01 -2.19623e+01  5.19037e+01             
       H -7.12427e+01 -2.13393e+01  5.23749e+01             
       H -7.11808e+01 -2.27589e+01  5.16423e+01             
       O -8.73266e+01 -1.96001e+01  6.15314e+01             
       H -8.65746e+01 -1.93402e+01  6.09435e+01             
       H -8.69669e+01 -2.03561e+01  6.20350e+01             
       O -6.85077e+01 -2.42330e+01  5.36538e+01             
       H -6.81337e+01 -2.33514e+01  5.37561e+01             
       H -6.77465e+01 -2.48341e+01  5.38469e+01             
       O -8.22170e+01 -1.64719e+01  3.34859e+01             
       H -8.16613e+01 -1.59545e+01  3.27960e+01             
       H -8.14377e+01 -1.69484e+01  3.39871e+01             
       O -7.16951e+01 -2.58883e+01  2.67303e+01             
       H -5.18528e+01 -1.10556e+01  4.42897e+01             
       H -7.09739e+01 -2.66176e+01  2.67789e+01             
       O -7.85971e+01 -1.97209e+01  5.84848e+01             
       H -7.79714e+01 -1.99957e+01  5.91960e+01             
       H -7.79082e+01 -1.93405e+01  5.78379e+01             
       O -7.67320e+01 -1.75864e+01  7.47675e+01             
       H -7.61740e+01 -1.83095e+01  7.44087e+01             
       H -7.61671e+01 -1.68593e+01  7.51045e+01             
