192                                                         
# CELL(abcABC):   12.41850    12.41850    12.41850    90.00000    90.00000    90.00000  Step:           0  Bead:       0 x_centroid{angstrom}  cell{angstrom}   
       O -7.40566e+01 -9.86713e+00  6.65727e+01             
       H -7.38749e+01 -1.07420e+01  6.62379e+01             
       H -7.32529e+01 -9.54676e+00  6.70099e+01             
       O -6.05568e+01 -6.01696e+00  5.73632e+01             
       H -6.22694e+01 -1.61259e+01  5.25464e+01             
       H -5.98768e+01 -5.53484e+00  5.68068e+01             
       O -6.59997e+01 -2.59279e+01  4.93139e+01             
       H -6.57343e+01 -1.36653e+01  5.02275e+01             
       H -6.53434e+01 -2.63571e+01  4.87520e+01             
       O -5.97955e+01 -2.05821e+01  5.53499e+01             
       H -5.89415e+01 -2.10209e+01  5.55048e+01             
       H -5.98614e+01 -2.00103e+01  5.61011e+01             
       O -5.15673e+01 -2.07445e+01  4.72938e+01             
       H -5.08500e+01 -2.02818e+01  4.77789e+01             
       H -5.13090e+01 -2.16871e+01  4.75277e+01             
       O -5.53993e+01 -1.88600e+01  6.25378e+01             
       H -5.47640e+01 -1.94780e+01  6.21083e+01             
       H -5.47741e+01 -1.82691e+01  6.30400e+01             
       O -6.18197e+01 -1.97952e+01  3.62981e+01             
       H -6.09062e+01 -1.95699e+01  3.60680e+01             
       H -5.04781e+01  2.84232e+00  5.11965e+01             
       O -4.48982e+01 -1.47809e+01  6.63274e+01             
       H -4.45795e+01 -1.49274e+01  6.72522e+01             
       H -4.41265e+01 -2.71995e+01  6.57232e+01             
       O -6.74294e+01 -7.91187e+00  4.09447e+01             
       H -6.70359e+01 -8.19229e+00  4.17935e+01             
       H -6.66680e+01 -7.57040e+00  4.05288e+01             
       O -6.35840e+01 -2.31283e+01  4.83193e+01             
       H -6.27313e+01 -2.34076e+01  4.86456e+01             
       H -6.37247e+01 -2.37332e+01  4.75895e+01             
       O -6.82704e+01 -5.91325e+00  5.61227e+01             
       H -6.77138e+01 -6.01298e+00  5.68828e+01             
       H -6.76271e+01 -5.59207e+00  5.54715e+01             
       O -6.24453e+01 -9.91345e+00  4.46190e+01             
       H -6.15630e+01 -9.94391e+00  4.50883e+01             
       H -5.30914e+01 -9.69427e+00  4.27204e+01             
       O -5.85688e+01 -2.94713e+01  4.09145e+01             
       H -5.79580e+01 -2.87465e+01  4.10879e+01             
       H -5.64057e+01 -2.60021e+01  5.76027e+01             
       O -6.98903e+01 -1.76566e+01  4.82538e+01             
       H -6.92857e+01 -1.80439e+01  4.88554e+01             
       H -6.93679e+01 -1.72243e+01  4.76003e+01             
       O -5.45406e+01 -2.35118e+01  5.75219e+01             
       H -5.43008e+01 -2.28967e+01  5.68105e+01             
       H -5.37238e+01 -2.38243e+01  5.78926e+01             
       O -6.29440e+01 -7.19944e+00  5.66583e+01             
       H -6.20509e+01 -6.74938e+00  5.66956e+01             
       H -6.28325e+01 -8.10215e+00  5.71136e+01             
       O -6.26233e+01 -6.95548e+00  3.96794e+01             
       H -6.27783e+01 -1.84519e+01  3.94100e+01             
       H -6.16641e+01 -7.05865e+00  3.96749e+01             
       O -6.21729e+01 -2.52562e+01  4.10464e+01             
       H -6.13946e+01 -2.55484e+01  4.05416e+01             
       H -6.19069e+01 -2.55432e+01  4.19452e+01             
       O -7.03293e+01 -1.15280e+01  4.93265e+01             
       H -6.95447e+01 -1.19081e+01  4.88121e+01             
       H -6.98857e+01 -1.09570e+01  5.00199e+01             
       O -6.24340e+01  8.38257e+00  4.55699e+01             
       H -4.62011e+01 -1.62885e+01  4.87182e+01             
       H -6.16164e+01  8.89536e+00  4.52992e+01             
       O -5.57739e+01 -1.50203e+01  5.61497e+01             
       H -5.99934e+01 -2.04117e+01  5.32738e+01             
       H -6.80907e+01 -1.56861e+01  5.68590e+01             
       O -5.54898e+01 -2.69819e+01  5.17968e+01             
       H -5.47111e+01 -2.75805e+01  5.17499e+01             
       H -5.51861e+01 -2.61557e+01  5.20731e+01             
       O -6.43046e+01 -1.94315e+01  5.43398e+01             
       H -6.38254e+01 -1.95488e+01  5.52173e+01             
       H -6.36309e+01 -1.93364e+01  5.36019e+01             
       O -6.11519e+01 -4.08971e+01  5.38119e+01             
       H -6.04081e+01 -4.13453e+01  5.34754e+01             
       H -6.08599e+01 -4.00455e+01  6.65118e+01             
       O -6.40605e+01 -2.39737e+00  4.77327e+01             
       H -6.32912e+01 -1.81058e+00  4.76534e+01             
       H -6.35169e+01 -3.15226e+00  4.81081e+01             
       O -5.36813e+01 -1.75675e+01  5.45958e+01             
       H -5.31799e+01 -1.68580e+01  5.50287e+01             
       H -5.30037e+01 -1.82714e+01  5.43932e+01             
       O -6.11394e+01 -2.16387e+01  6.28977e+01             
       H -6.05455e+01 -2.11572e+01  6.35023e+01             
       H -6.06989e+01 -2.22349e+01  6.22088e+01             
       O -7.76916e+01 -1.94719e+01  4.53942e+01             
       H -7.73525e+01 -1.99565e+01  4.62301e+01             
       H -7.67631e+01 -1.93236e+01  4.51193e+01             
       O -5.90596e+01 -1.42332e+00  5.93091e+01             
       H -5.83350e+01 -8.27229e-01  5.90899e+01             
       H -5.87267e+01 -1.96613e+00  5.99934e+01             
       O -6.19770e+01 -1.29958e+01  4.77106e+01             
       H -6.12992e+01 -1.30741e+01  4.70391e+01             
       H -6.14238e+01 -1.28603e+01  3.60769e+01             
       O -5.68549e+01 -1.05948e+01  2.95236e+01             
       H -5.59758e+01 -1.10613e+01  2.94503e+01             
       H -6.93626e+01 -1.02343e+01  2.86772e+01             
       O -4.86497e+01 -1.35144e+01  3.09428e+01             
       H -4.82107e+01 -1.42454e+01  3.14363e+01             
       H -4.78240e+01 -1.29596e+01  3.08226e+01             
       O -6.04142e+01 -2.34347e+01  3.61385e+01             
       H -5.94941e+01 -2.35715e+01  3.64932e+01             
       H -6.03276e+01 -2.34357e+01  4.75582e+01             
       O -5.58440e+01 -1.59094e+01  3.40063e+01             
       H -6.44260e+01 -1.02330e+01  4.06990e+01             
       H -5.58266e+01 -1.50998e+01  3.45687e+01             
       O -5.86866e+01 -2.44712e+01  5.57804e+01             
       H -5.79398e+01 -2.46160e+01  5.64375e+01             
       H -5.82845e+01 -2.40899e+01  5.50096e+01             
       O -4.70801e+01 -1.34726e+01  4.05011e+01             
       H -4.66372e+01 -1.36273e+01  3.96089e+01             
       H -4.64024e+01 -1.37400e+01  4.11432e+01             
       O -5.21298e+01 -2.62485e+01  5.17262e+01             
       H -5.16748e+01 -2.56356e+01  5.22695e+01             
       H -5.15096e+01 -2.69328e+01  5.16584e+01             
       O -5.81711e+01 -8.88654e+00  5.87689e+01             
       H -5.80319e+01 -8.57899e+00  5.78525e+01             
       H -5.72868e+01 -9.19345e+00  5.91361e+01             
       O -4.76665e+01  9.49776e+00  6.97376e+01             
       H -4.69157e+01  8.97099e+00  6.93396e+01             
       H -4.73555e+01  9.96847e+00  7.05290e+01             
       O -5.66548e+01 -2.50477e+01  5.77049e+01             
       H -6.16713e+01 -2.04144e+01  3.70150e+01             
       H -5.57618e+01 -2.46004e+01  5.75540e+01             
       O -6.29176e+01 -1.62828e+01  5.18426e+01             
       H -5.49031e+01 -1.60716e+01  3.40334e+01             
       H -6.24761e+01 -1.64243e+01  5.10065e+01             
       O -5.37682e+01 -9.22260e+00  4.32206e+01             
       H -6.21706e+01 -4.94825e+00  4.55060e+01             
       H -5.31789e+01 -8.64715e+00  4.37077e+01             
       O -5.46529e+01 -2.46930e+01  5.38301e+01             
       H -6.64967e+01 -2.52398e+01  6.68241e+01             
       H -4.77143e+01 -6.30418e+00  5.81710e+01             
       O -8.88898e+01 -1.18987e+01  5.79385e+01             
       H -8.83586e+01 -1.11536e+01  5.75352e+01             
       H -8.82298e+01 -1.25206e+01  5.82645e+01             
       O -5.92520e+01 -2.80277e+01  4.88973e+01             
       H -5.89723e+01 -2.74413e+01  4.96597e+01             
       H -5.48573e+01 -1.46769e+01  5.61234e+01             
       O -6.47409e+01 -1.05861e+01  4.15772e+01             
       H -6.39641e+01 -1.11148e+01  4.18390e+01             
       H -7.18777e+01 -2.25096e+01  2.10138e+01             
       O -6.96118e+01 -2.08621e+01  4.36470e+01             
       H -6.89541e+01 -2.00794e+01  4.36880e+01             
       H -6.91182e+01 -2.15960e+01  4.32712e+01             
       O -5.36024e+01 -2.26769e+01  3.80815e+01             
       H -5.34931e+01 -2.34230e+01  3.75718e+01             
       H -5.27101e+01 -2.24628e+01  3.84070e+01             
       O -4.35592e+01 -2.55261e+01  4.83527e+01             
       H -4.27170e+01 -1.33465e+01  4.89246e+01             
       H -4.32699e+01 -2.52216e+01  4.75287e+01             
       O -5.62429e+01 -9.97489e+00  5.14178e+01             
       H -4.28456e+01 -1.01734e+01  5.12280e+01             
       H -5.63832e+01 -9.05867e+00  5.13675e+01             
       O -5.13604e+01  3.06157e+00  5.16065e+01             
       H -5.79335e+01 -3.01582e+01  4.05863e+01             
       H -6.22549e+01  2.48146e+00  4.36635e+01             
       O -6.57602e+01 -1.64906e+01  4.62009e+01             
       H -6.52218e+01 -1.72805e+01  4.62310e+01             
       H -6.51283e+01 -1.57711e+01  4.64236e+01             
       O -6.20056e+01 -4.21718e+00  3.68679e+01             
       H -6.11186e+01 -1.62084e+01  3.67005e+01             
       H -6.19204e+01 -5.18220e+00  3.66091e+01             
       O -6.97625e+01 -1.93933e+01  5.20606e+01             
       H -6.91707e+01 -1.91293e+01  5.12968e+01             
       H -6.92147e+01 -1.97149e+01  5.27699e+01             
       O -5.84706e+01 -1.74684e+01  5.61697e+01             
       H -5.84667e+01 -1.72525e+01  5.52302e+01             
       H -5.75879e+01 -1.77245e+01  5.63892e+01             
       O -7.22406e+01 -2.04022e+01  3.99373e+01             
       H -7.13246e+01 -1.99806e+01  5.23522e+01             
       H -6.64042e+01 -3.64557e+01  4.10994e+01             
       O -5.39890e+01 -2.07848e+01  6.10961e+01             
       H -5.37200e+01 -2.13663e+01  6.18140e+01             
       H -5.31178e+01 -2.05117e+01  6.06955e+01             
       O -5.95251e+01 -1.92557e+01  4.75296e+01             
       H -5.88544e+01 -1.85492e+01  4.76700e+01             
       H -5.91118e+01 -2.00854e+01  4.72376e+01             
       O -7.64294e+01 -1.58231e+01  5.54365e+01             
       H -7.58183e+01 -1.58625e+01  5.46279e+01             
       H -7.58116e+01 -1.60948e+01  5.61826e+01             
       O -5.59736e+01 -2.22591e+01  4.72637e+01             
       H -5.53324e+01 -2.17423e+01  4.78321e+01             
       H -5.54518e+01 -2.24562e+01  4.64367e+01             
       O -7.05988e+01 -1.39253e+01  2.57354e+01             
       H -7.04509e+01 -1.29905e+01  2.54498e+01             
       H -6.97423e+01 -1.42313e+01  2.61020e+01             
       O -6.01550e+01 -2.31040e+01  2.07043e+01             
       H -3.86737e+01 -8.46178e+00  3.96034e+01             
       H -5.98121e+01 -2.37431e+01  2.00420e+01             
       O -6.61474e+01 -1.70735e+01  5.16412e+01             
       H -6.60894e+01 -1.73024e+01  5.26065e+01             
       H -6.52850e+01 -1.67522e+01  5.14487e+01             
       O -6.56966e+01 -1.38379e+01  6.85217e+01             
       H -6.50221e+01 -1.44469e+01  6.81310e+01             
       H -6.52413e+01 -1.32609e+01  6.91666e+01             
192                                                         
# CELL(abcABC):   12.41850    12.41850    12.41850    90.00000    90.00000    90.00000  Step:      200000  Bead:       0 x_centroid{angstrom}  cell{angstrom}   
       O -8.69094e+01 -1.40995e+01  7.03602e+01             
       H -8.63675e+01 -1.48762e+01  7.04158e+01             
       H -8.62315e+01 -1.33661e+01  7.03144e+01             
       O -7.37894e+01 -1.02799e+01  6.14281e+01             
       H -7.71229e+01 -1.87012e+01  5.81250e+01             
       H -7.33473e+01 -1.11360e+01  6.16609e+01             
       O -8.06872e+01 -2.79435e+01  5.71877e+01             
       H -8.00424e+01 -1.56084e+01  5.79960e+01             
       H -8.00149e+01 -2.80750e+01  5.64229e+01             
       O -7.12757e+01 -2.47570e+01  6.15332e+01             
       H -7.04707e+01 -2.46345e+01  6.20422e+01             
       H -7.11388e+01 -2.41662e+01  6.07539e+01             
       O -6.45882e+01 -2.40678e+01  5.49762e+01             
       H -6.38015e+01 -2.34585e+01  5.49205e+01             
       H -6.42491e+01 -2.49936e+01  5.52354e+01             
       O -6.89078e+01 -2.20582e+01  6.99265e+01             
       H -6.82672e+01 -2.25659e+01  6.94460e+01             
       H -6.82601e+01 -2.15549e+01  7.05091e+01             
       O -7.51996e+01 -2.20833e+01  4.22526e+01             
       H -7.49106e+01 -2.17856e+01  4.13438e+01             
       H -6.53508e+01 -7.84197e-01  5.90648e+01             
       O -5.84563e+01 -2.02854e+01  7.40061e+01             
       H -5.79491e+01 -2.05104e+01  7.48041e+01             
       H -5.77940e+01 -3.22358e+01  7.34444e+01             
       O -8.05828e+01 -1.28274e+01  4.79108e+01             
       H -7.97027e+01 -1.26388e+01  4.74509e+01             
       H -8.03078e+01 -1.30250e+01  4.88138e+01             
       O -7.63158e+01 -2.66626e+01  5.58342e+01             
       H -7.57765e+01 -2.67716e+01  5.66644e+01             
       H -7.57170e+01 -2.68415e+01  5.50322e+01             
       O -7.96360e+01 -9.76155e+00  6.29710e+01             
       H -7.89750e+01 -9.93329e+00  6.36550e+01             
       H -7.90221e+01 -9.46843e+00  6.21962e+01             
       O -7.51971e+01 -1.54385e+01  4.92341e+01             
       H -7.43804e+01 -1.49690e+01  4.94906e+01             
       H -6.60088e+01 -1.41294e+01  5.11600e+01             
       O -7.22477e+01 -3.38256e+01  4.70241e+01             
       H -7.17362e+01 -3.33903e+01  4.76994e+01             
       H -6.89425e+01 -2.99989e+01  6.48333e+01             
       O -8.36254e+01 -2.09008e+01  5.67818e+01             
       H -8.27279e+01 -2.13732e+01  5.67999e+01             
       H -8.33328e+01 -2.00174e+01  5.65047e+01             
       O -6.77842e+01 -2.71858e+01  6.58750e+01             
       H -6.73985e+01 -2.65745e+01  6.51804e+01             
       H -6.70960e+01 -2.76178e+01  6.64180e+01             
       O -7.47556e+01 -1.07078e+01  6.40306e+01             
       H -7.42231e+01 -1.00568e+01  6.35243e+01             
       H -7.40608e+01 -1.13459e+01  6.43299e+01             
       O -7.47749e+01 -8.68231e+00  4.60203e+01             
       H -7.38722e+01 -2.11658e+01  4.64986e+01             
       H -7.45580e+01 -8.67855e+00  4.50662e+01             
       O -7.39658e+01 -2.95536e+01  4.75908e+01             
       H -7.33557e+01 -2.90195e+01  4.71103e+01             
       H -7.33508e+01 -3.01180e+01  4.81582e+01             
       O -8.28254e+01 -1.40279e+01  5.63749e+01             
       H -8.22569e+01 -1.34105e+01  5.58871e+01             
       H -8.22013e+01 -1.45427e+01  5.69044e+01             
       O -7.48381e+01  6.22550e+00  5.15193e+01             
       H -6.13347e+01 -1.73922e+01  5.75604e+01             
       H -7.42633e+01  5.59193e+00  5.20822e+01             
       O -6.78407e+01 -1.85423e+01  6.43984e+01             
       H -7.24275e+01 -2.61253e+01  6.20314e+01             
       H -7.98048e+01 -1.89759e+01  6.51721e+01             
       O -6.92468e+01 -3.15573e+01  5.98843e+01             
       H -6.86105e+01 -3.21433e+01  5.95001e+01             
       H -6.87506e+01 -3.08297e+01  6.03230e+01             
       O -7.61707e+01 -2.28004e+01  6.01104e+01             
       H -7.53208e+01 -2.28299e+01  6.06182e+01             
       H -7.58948e+01 -2.20900e+01  5.94562e+01             
       O -7.57477e+01 -4.37046e+01  5.91383e+01             
       H -7.54120e+01 -4.45765e+01  5.89219e+01             
       H -7.49384e+01 -4.30947e+01  7.15453e+01             
       O -7.71050e+01 -5.89862e+00  5.46761e+01             
       H -7.65653e+01 -5.44597e+00  5.39624e+01             
       H -7.62773e+01 -6.42974e+00  5.50493e+01             
       O -6.57372e+01 -2.15342e+01  6.10772e+01             
       H -6.52350e+01 -2.08118e+01  6.15162e+01             
       H -6.49904e+01 -2.22371e+01  6.06839e+01             
       O -7.32307e+01 -2.24898e+01  6.87523e+01             
       H -7.28188e+01 -2.32938e+01  6.91505e+01             
       H -7.24986e+01 -2.18525e+01  6.88888e+01             
       O -8.99126e+01 -2.31983e+01  5.22308e+01             
       H -8.99167e+01 -2.35137e+01  5.31659e+01             
       H -8.89417e+01 -2.32213e+01  5.18314e+01             
       O -7.10659e+01 -5.72372e+00  6.69413e+01             
       H -7.03689e+01 -5.40095e+00  6.63029e+01             
       H -7.04429e+01 -6.11097e+00  6.75686e+01             
       O -7.60295e+01 -1.65322e+01  5.28359e+01             
       H -7.56684e+01 -1.72864e+01  5.23433e+01             
       H -7.52424e+01 -1.59897e+01  4.06713e+01             
       O -7.01498e+01 -1.47840e+01  3.53655e+01             
       H -6.93136e+01 -1.44306e+01  3.51200e+01             
       H -8.28407e+01 -1.41664e+01  3.60294e+01             
       O -6.02138e+01 -1.81959e+01  3.75900e+01             
       H -5.97970e+01 -1.90369e+01  3.73429e+01             
       H -5.95497e+01 -1.74819e+01  3.77099e+01             
       O -7.45356e+01 -2.70382e+01  4.14527e+01             
       H -7.38515e+01 -2.74969e+01  4.20082e+01             
       H -7.40347e+01 -2.63701e+01  5.32607e+01             
       O -6.87738e+01 -1.96084e+01  4.33874e+01             
       H -7.58841e+01 -1.42029e+01  4.64138e+01             
       H -6.84530e+01 -1.89120e+01  4.40388e+01             
       O -7.08409e+01 -2.86363e+01  6.27694e+01             
       H -7.03087e+01 -2.87820e+01  6.36731e+01             
       H -7.00788e+01 -2.87898e+01  6.21857e+01             
       O -5.96280e+01 -1.57457e+01  4.62765e+01             
       H -5.90991e+01 -1.64459e+01  4.59037e+01             
       H -5.89568e+01 -1.52293e+01  4.68173e+01             
       O -6.61958e+01 -2.83572e+01  5.53438e+01             
       H -6.54889e+01 -2.76728e+01  5.56161e+01             
       H -6.57221e+01 -2.92150e+01  5.51482e+01             
       O -7.05777e+01 -1.22322e+01  6.50375e+01             
       H -6.99772e+01 -1.22257e+01  6.42402e+01             
       H -6.99129e+01 -1.22745e+01  6.57946e+01             
       O -6.09147e+01  4.75826e+00  7.81598e+01             
       H -6.01834e+01  4.19439e+00  7.77695e+01             
       H -6.04126e+01  5.43768e+00  7.86723e+01             
       O -6.96074e+01 -2.92806e+01  6.51273e+01             
       H -7.43406e+01 -2.22511e+01  4.27225e+01             
       H -6.90242e+01 -2.85305e+01  6.54300e+01             
       O -7.79169e+01 -1.87994e+01  5.75585e+01             
       H -6.81463e+01 -1.99111e+01  4.28030e+01             
       H -7.75401e+01 -1.86836e+01  5.66697e+01             
       O -6.65441e+01 -1.33767e+01  5.14423e+01             
       H -7.40773e+01 -5.73464e+00  5.09147e+01             
       H -6.58331e+01 -1.25936e+01  5.16121e+01             
       O -6.80858e+01 -2.94020e+01  6.09285e+01             
       H -7.97628e+01 -2.97200e+01  7.39345e+01             
       H -6.07693e+01 -9.90682e+00  6.07424e+01             
       O -1.02159e+02 -1.56621e+01  6.31976e+01             
       H -1.01384e+02 -1.55294e+01  6.26252e+01             
       H -1.01664e+02 -1.58666e+01  6.40289e+01             
       O -7.42040e+01 -2.94253e+01  5.68626e+01             
       H -7.34128e+01 -2.89926e+01  5.65030e+01             
       H -6.71835e+01 -1.82227e+01  6.37076e+01             
       O -7.67182e+01 -1.44253e+01  4.70024e+01             
       H -7.62184e+01 -1.45810e+01  4.78622e+01             
       H -8.45386e+01 -2.49958e+01  2.76486e+01             
       O -8.11548e+01 -2.44206e+01  5.04757e+01             
       H -8.07336e+01 -2.35322e+01  5.03556e+01             
       H -8.04219e+01 -2.49069e+01  5.09228e+01             
       O -6.63826e+01 -2.85112e+01  4.64898e+01             
       H -6.61701e+01 -2.93499e+01  4.60031e+01             
       H -6.55817e+01 -2.79678e+01  4.64627e+01             
       O -5.98433e+01 -2.81683e+01  5.51991e+01             
       H -5.93185e+01 -1.64780e+01  5.48463e+01             
       H -5.91920e+01 -2.75258e+01  5.55810e+01             
       O -7.23565e+01 -1.25297e+01  5.76544e+01             
       H -5.92436e+01 -1.30908e+01  5.71674e+01             
       H -7.18250e+01 -1.20287e+01  5.83099e+01             
       O -6.59501e+01  1.59262e-02  5.89144e+01             
       H -7.15367e+01 -3.38953e+01  4.63318e+01             
       H -7.48114e+01 -3.75572e+00  4.86033e+01             
       O -7.90068e+01 -1.98830e+01  5.38535e+01             
       H -7.85401e+01 -2.05933e+01  5.33324e+01             
       H -7.81533e+01 -1.92730e+01  5.40741e+01             
       O -7.51165e+01 -6.95838e+00  4.33308e+01             
       H -7.46200e+01 -1.85473e+01  4.35752e+01             
       H -7.46076e+01 -7.47290e+00  4.26747e+01             
       O -8.26627e+01 -2.37300e+01  5.92195e+01             
       H -8.21075e+01 -2.31825e+01  5.86000e+01             
       H -8.19796e+01 -2.43054e+01  5.96624e+01             
       O -6.92945e+01 -2.08280e+01  6.36636e+01             
       H -6.84121e+01 -2.12947e+01  6.33547e+01             
       H -6.89691e+01 -1.99475e+01  6.38885e+01             
       O -8.52132e+01 -2.68370e+01  5.01777e+01             
       H -8.44923e+01 -2.75184e+01  6.27603e+01             
       H -8.00519e+01 -4.13421e+01  4.77752e+01             
       O -6.70549e+01 -2.39597e+01  6.88435e+01             
       H -6.67614e+01 -2.45503e+01  6.95938e+01             
       H -6.62496e+01 -2.37948e+01  6.83064e+01             
       O -7.16181e+01 -2.18320e+01  5.23790e+01             
       H -7.06567e+01 -2.16077e+01  5.21389e+01             
       H -7.16329e+01 -2.27748e+01  5.26648e+01             
       O -8.91524e+01 -1.93727e+01  6.15846e+01             
       H -8.86127e+01 -1.92663e+01  6.07656e+01             
       H -8.84662e+01 -1.93393e+01  6.23594e+01             
       O -6.88221e+01 -2.50024e+01  5.47101e+01             
       H -6.80998e+01 -2.45022e+01  5.51528e+01             
       H -6.84161e+01 -2.58251e+01  5.43517e+01             
       O -8.25416e+01 -1.76833e+01  3.27955e+01             
       H -8.19385e+01 -1.69004e+01  3.26694e+01             
       H -8.23431e+01 -1.81667e+01  3.35931e+01             
       O -7.31156e+01 -2.51743e+01  2.75052e+01             
       H -5.29358e+01 -1.16467e+01  4.67098e+01             
       H -7.30700e+01 -2.58330e+01  2.67791e+01             
       O -7.95886e+01 -2.06830e+01  5.89745e+01             
       H -7.91194e+01 -2.02593e+01  5.82213e+01             
       H -7.89549e+01 -2.09535e+01  5.96432e+01             
       O -7.86945e+01 -1.77717e+01  7.48952e+01             
       H -7.80302e+01 -1.83482e+01  7.44098e+01             
       H -7.82515e+01 -1.69036e+01  7.51186e+01             
