192                                                         
# CELL(abcABC):   12.41850    12.41850    12.41850    90.00000    90.00000    90.00000  Step:           0  Bead:       0 x_centroid{angstrom}  cell{angstrom}   
       O -7.62291e+01 -9.46764e+00  7.08800e+01             
       H -7.62293e+01 -1.00245e+01  7.01022e+01             
       H -7.52476e+01 -9.57741e+00  7.11634e+01             
       O -6.21160e+01 -5.74841e+00  5.63086e+01             
       H -6.43875e+01 -1.64090e+01  5.31933e+01             
       H -6.14500e+01 -5.32608e+00  5.69035e+01             
       O -6.74132e+01 -2.73282e+01  5.06550e+01             
       H -6.70965e+01 -1.43724e+01  5.14471e+01             
       H -6.65394e+01 -2.72864e+01  5.01270e+01             
       O -6.07136e+01 -2.02519e+01  5.50504e+01             
       H -5.99711e+01 -2.04268e+01  5.56210e+01             
       H -6.04577e+01 -1.98709e+01  5.42258e+01             
       O -5.32571e+01 -2.03969e+01  4.76182e+01             
       H -5.26674e+01 -1.98425e+01  4.81566e+01             
       H -5.26318e+01 -2.08656e+01  4.69876e+01             
       O -5.68812e+01 -1.84839e+01  6.26956e+01             
       H -5.61652e+01 -1.88999e+01  6.22017e+01             
       H -5.63465e+01 -1.78745e+01  6.33440e+01             
       O -6.35320e+01 -1.91200e+01  3.64305e+01             
       H -6.25287e+01 -1.90188e+01  3.62184e+01             
       H -5.24769e+01  1.07279e+00  5.19816e+01             
       O -4.78236e+01 -1.64000e+01  6.73767e+01             
       H -4.71258e+01 -1.61904e+01  6.80186e+01             
       H -4.74059e+01 -2.85970e+01  6.65051e+01             
       O -6.89696e+01 -9.46378e+00  4.14932e+01             
       H -6.82670e+01 -9.23172e+00  4.20537e+01             
       H -6.86108e+01 -1.00744e+01  4.08444e+01             
       O -6.64353e+01 -2.36631e+01  4.89647e+01             
       H -6.58193e+01 -2.40711e+01  4.83666e+01             
       H -6.58244e+01 -2.33075e+01  4.95950e+01             
       O -6.88787e+01 -6.39220e+00  5.61187e+01             
       H -6.81097e+01 -6.50157e+00  5.66803e+01             
       H -6.84110e+01 -6.24242e+00  5.52687e+01             
       O -6.44671e+01 -1.18790e+01  4.70997e+01             
       H -6.44017e+01 -1.09073e+01  4.68063e+01             
       H -5.44792e+01 -1.03815e+01  4.36133e+01             
       O -5.99226e+01 -3.14454e+01  4.02077e+01             
       H -5.95751e+01 -3.05539e+01  4.03168e+01             
       H -5.82334e+01 -2.68724e+01  5.96763e+01             
       O -7.18430e+01 -1.72955e+01  4.95788e+01             
       H -7.10542e+01 -1.76323e+01  4.99656e+01             
       H -7.14974e+01 -1.66436e+01  4.89471e+01             
       O -5.63743e+01 -2.40574e+01  5.83698e+01             
       H -5.60437e+01 -2.35267e+01  5.76531e+01             
       H -5.55908e+01 -2.45438e+01  5.86623e+01             
       O -6.42078e+01 -7.18877e+00  5.69871e+01             
       H -6.34322e+01 -6.69006e+00  5.67597e+01             
       H -6.38546e+01 -7.95075e+00  5.74883e+01             
       O -6.31616e+01 -7.73969e+00  3.97070e+01             
       H -6.24555e+01 -1.95358e+01  3.98166e+01             
       H -6.27707e+01 -8.63744e+00  3.96263e+01             
       O -6.32034e+01 -2.36022e+01  4.37208e+01             
       H -6.25067e+01 -2.31797e+01  4.31631e+01             
       H -6.27568e+01 -2.43877e+01  4.40360e+01             
       O -7.07397e+01 -1.23281e+01  5.07311e+01             
       H -6.99706e+01 -1.25223e+01  5.01344e+01             
       H -7.08011e+01 -1.13934e+01  5.06858e+01             
       O -6.50536e+01  7.71707e+00  4.62921e+01             
       H -4.84001e+01 -1.63765e+01  5.04989e+01             
       H -6.42047e+01  8.14688e+00  4.65727e+01             
       O -5.77740e+01 -1.67283e+01  5.71013e+01             
       H -6.09204e+01 -2.19175e+01  5.45714e+01             
       H -6.96808e+01 -1.75583e+01  5.67554e+01             
       O -5.82758e+01 -2.81124e+01  5.27976e+01             
       H -5.76815e+01 -2.85352e+01  5.21899e+01             
       H -5.75511e+01 -2.75939e+01  5.33344e+01             
       O -6.51949e+01 -2.07631e+01  5.37222e+01             
       H -6.48361e+01 -2.08195e+01  5.46121e+01             
       H -6.44248e+01 -2.03748e+01  5.32224e+01             
       O -6.34545e+01 -4.11072e+01  5.46781e+01             
       H -6.28261e+01 -4.18521e+01  5.49273e+01             
       H -6.30056e+01 -4.02417e+01  6.69591e+01             
       O -6.52042e+01 -2.45337e+00  4.90955e+01             
       H -6.46205e+01 -1.65146e+00  4.90327e+01             
       H -6.46372e+01 -3.20142e+00  4.93916e+01             
       O -5.45518e+01 -1.83234e+01  5.41621e+01             
       H -5.39917e+01 -1.76954e+01  5.46251e+01             
       H -5.39449e+01 -1.89248e+01  5.36802e+01             
       O -6.42413e+01 -2.52144e+01  6.48174e+01             
       H -6.36057e+01 -2.54492e+01  6.55425e+01             
       H -6.38364e+01 -2.54473e+01  6.39813e+01             
       O -7.93000e+01 -1.98166e+01  4.50179e+01             
       H -7.90691e+01 -1.97673e+01  4.59567e+01             
       H -7.85127e+01 -1.96972e+01  4.44841e+01             
       O -6.12170e+01 -1.52503e+00  6.08441e+01             
       H -6.10118e+01 -2.19462e+00  6.15119e+01             
       H -6.03362e+01 -1.24741e+00  6.06093e+01             
       O -6.32898e+01 -1.24686e+01  4.97303e+01             
       H -6.25301e+01 -1.29412e+01  4.94153e+01             
       H -6.30018e+01 -1.15905e+01  3.76030e+01             
       O -5.85913e+01 -1.13256e+01  3.01337e+01             
       H -5.82136e+01 -1.21869e+01  2.97195e+01             
       H -7.03644e+01 -1.07326e+01  2.98411e+01             
       O -4.95650e+01 -1.35354e+01  3.21276e+01             
       H -4.99126e+01 -1.44120e+01  3.24078e+01             
       H -4.87378e+01 -1.32440e+01  3.25134e+01             
       O -6.16795e+01 -2.24932e+01  3.91593e+01             
       H -6.13196e+01 -2.26096e+01  4.00653e+01             
       H -6.10226e+01 -2.21724e+01  5.09615e+01             
       O -5.75423e+01 -1.60661e+01  3.49317e+01             
       H -6.55104e+01 -1.10375e+01  4.16966e+01             
       H -5.74037e+01 -1.66395e+01  3.41447e+01             
       O -5.98037e+01 -2.48322e+01  5.76241e+01             
       H -5.91656e+01 -2.51910e+01  5.83070e+01             
       H -5.93759e+01 -2.45596e+01  5.67762e+01             
       O -4.97806e+01 -1.36331e+01  4.13275e+01             
       H -4.90493e+01 -1.37452e+01  4.06817e+01             
       H -4.93740e+01 -1.31979e+01  4.21192e+01             
       O -5.41598e+01 -2.66066e+01  5.30439e+01             
       H -5.34540e+01 -2.59457e+01  5.29886e+01             
       H -5.35955e+01 -2.74118e+01  5.28708e+01             
       O -5.92537e+01 -8.27068e+00  5.93158e+01             
       H -5.89026e+01 -8.11469e+00  5.84287e+01             
       H -5.85464e+01 -8.85292e+00  5.97451e+01             
       O -5.00398e+01  8.88775e+00  7.15180e+01             
       H -4.92907e+01  8.34542e+00  7.11699e+01             
       H -4.96445e+01  9.71085e+00  7.18471e+01             
       O -5.87217e+01 -2.60287e+01  5.97824e+01             
       H -6.36312e+01 -1.95522e+01  3.72930e+01             
       H -5.80004e+01 -2.55360e+01  6.02660e+01             
       O -6.50340e+01 -1.63723e+01  5.24791e+01             
       H -5.65890e+01 -1.60248e+01  3.51953e+01             
       H -6.45576e+01 -1.66571e+01  5.16734e+01             
       O -5.52122e+01 -1.00331e+01  4.41337e+01             
       H -6.47490e+01 -5.54429e+00  4.58843e+01             
       H -5.49237e+01 -9.24374e+00  4.45925e+01             
       O -5.66153e+01 -2.65871e+01  5.42458e+01             
       H -6.87371e+01 -2.69383e+01  6.75025e+01             
       H -4.91244e+01 -6.35794e+00  5.57605e+01             
       O -9.15334e+01 -1.32652e+01  5.86692e+01             
       H -9.07309e+01 -1.27548e+01  5.86171e+01             
       H -9.12433e+01 -1.39979e+01  5.92434e+01             
       O -6.15831e+01 -2.82582e+01  5.05893e+01             
       H -6.13041e+01 -2.74568e+01  5.10317e+01             
       H -5.72734e+01 -1.59408e+01  5.68666e+01             
       O -6.54977e+01 -1.12209e+01  4.26048e+01             
       H -6.45914e+01 -1.14018e+01  4.28137e+01             
       H -7.30380e+01 -2.21001e+01  2.18421e+01             
       O -7.05981e+01 -2.07381e+01  4.42468e+01             
       H -6.99830e+01 -2.01216e+01  4.38079e+01             
       H -7.01512e+01 -2.15726e+01  4.42213e+01             
       O -5.57599e+01 -2.31751e+01  3.92677e+01             
       H -5.61794e+01 -2.39766e+01  3.89126e+01             
       H -5.47747e+01 -2.33315e+01  3.93512e+01             
       O -4.38846e+01 -2.54071e+01  4.92286e+01             
       H -4.35052e+01 -1.37732e+01  4.96744e+01             
       H -4.30945e+01 -2.47493e+01  4.92134e+01             
       O -5.98496e+01 -9.19105e+00  4.99441e+01             
       H -4.71753e+01 -9.55912e+00  4.91060e+01             
       H -5.90585e+01 -8.86380e+00  5.03685e+01             
       O -5.30806e+01  1.84262e+00  5.17723e+01             
       H -5.92223e+01 -3.20439e+01  3.96912e+01             
       H -6.36328e+01  4.73579e-01  4.76148e+01             
       O -6.72077e+01 -1.59388e+01  4.75725e+01             
       H -6.65836e+01 -1.64202e+01  4.69959e+01             
       H -6.66003e+01 -1.57943e+01  4.83219e+01             
       O -6.39036e+01 -4.42839e+00  3.78626e+01             
       H -6.30209e+01 -1.64339e+01  3.80086e+01             
       H -6.36951e+01 -5.27796e+00  3.73759e+01             
       O -7.03722e+01 -2.04657e+01  5.14787e+01             
       H -6.98783e+01 -1.97214e+01  5.10128e+01             
       H -6.98756e+01 -2.08052e+01  5.21810e+01             
       O -6.02665e+01 -1.74745e+01  5.81264e+01             
       H -5.94857e+01 -1.70340e+01  5.78833e+01             
       H -6.00913e+01 -1.79991e+01  5.89180e+01             
       O -7.35476e+01 -2.28452e+01  4.18458e+01             
       H -7.26531e+01 -2.32798e+01  5.45337e+01             
       H -6.81004e+01 -3.89928e+01  4.13767e+01             
       O -5.57451e+01 -2.13501e+01  6.18619e+01             
       H -5.57608e+01 -2.19307e+01  6.26110e+01             
       H -5.49333e+01 -2.16066e+01  6.14216e+01             
       O -6.09658e+01 -1.90415e+01  4.82036e+01             
       H -6.03086e+01 -1.86566e+01  4.87759e+01             
       H -6.04491e+01 -1.98586e+01  4.78856e+01             
       O -7.82507e+01 -1.65440e+01  5.58038e+01             
       H -7.73594e+01 -1.63069e+01  5.53657e+01             
       H -7.79665e+01 -1.68058e+01  5.66901e+01             
       O -5.75175e+01 -2.26142e+01  4.77286e+01             
       H -5.67201e+01 -2.24113e+01  4.81714e+01             
       H -5.71140e+01 -2.31371e+01  4.69283e+01             
       O -7.25971e+01 -1.41051e+01  2.71305e+01             
       H -7.19839e+01 -1.34292e+01  2.67390e+01             
       H -7.19423e+01 -1.48221e+01  2.74580e+01             
       O -6.13722e+01 -2.26848e+01  2.17405e+01             
       H -4.02124e+01 -9.78708e+00  3.96810e+01             
       H -6.10946e+01 -2.33430e+01  2.10923e+01             
       O -6.83470e+01 -1.70182e+01  5.20081e+01             
       H -6.78618e+01 -1.73879e+01  5.27864e+01             
       H -6.76829e+01 -1.63995e+01  5.16153e+01             
       O -6.80281e+01 -1.49632e+01  6.90350e+01             
       H -6.73250e+01 -1.55363e+01  6.87906e+01             
       H -6.77057e+01 -1.42148e+01  6.95760e+01             
192                                                         
# CELL(abcABC):   12.41850    12.41850    12.41850    90.00000    90.00000    90.00000  Step:      200000  Bead:       0 x_centroid{angstrom}  cell{angstrom}   
       O -8.81384e+01 -1.60668e+01  7.69073e+01             
       H -8.74710e+01 -1.67489e+01  7.66894e+01             
       H -8.76188e+01 -1.53277e+01  7.73572e+01             
       O -7.55126e+01 -9.87625e+00  6.22754e+01             
       H -7.75298e+01 -1.95874e+01  5.90262e+01             
       H -7.52609e+01 -8.96847e+00  6.19880e+01             
       O -7.83706e+01 -3.05863e+01  5.62387e+01             
       H -7.82976e+01 -1.89249e+01  5.68639e+01             
       H -7.74536e+01 -3.02458e+01  5.60956e+01             
       O -7.29799e+01 -2.34408e+01  6.20221e+01             
       H -7.23551e+01 -2.34717e+01  6.27609e+01             
       H -7.24479e+01 -2.33975e+01  6.11603e+01             
       O -6.45141e+01 -2.36017e+01  5.58663e+01             
       H -6.40622e+01 -2.29218e+01  5.64603e+01             
       H -6.38834e+01 -2.36355e+01  5.51240e+01             
       O -6.96488e+01 -2.21068e+01  6.92920e+01             
       H -6.89066e+01 -2.23911e+01  6.87425e+01             
       H -6.91651e+01 -2.16207e+01  6.99525e+01             
       O -7.53072e+01 -2.39072e+01  4.14560e+01             
       H -7.46460e+01 -2.32920e+01  4.16236e+01             
       H -6.44599e+01 -2.77094e-01  5.64252e+01             
       O -5.93586e+01 -2.02877e+01  7.27778e+01             
       H -5.89185e+01 -1.96019e+01  7.22090e+01             
       H -5.88916e+01 -3.27996e+01  7.36486e+01             
       O -8.21213e+01 -1.21349e+01  4.78714e+01             
       H -8.18493e+01 -1.21963e+01  4.87638e+01             
       H -8.13650e+01 -1.21074e+01  4.72113e+01             
       O -7.90004e+01 -2.67372e+01  5.54454e+01             
       H -7.85746e+01 -2.72464e+01  5.46683e+01             
       H -7.83387e+01 -2.64751e+01  5.60653e+01             
       O -8.12400e+01 -1.01971e+01  6.28877e+01             
       H -8.06453e+01 -1.02318e+01  6.36663e+01             
       H -8.06508e+01 -9.89115e+00  6.21552e+01             
       O -7.79010e+01 -1.62447e+01  5.34830e+01             
       H -7.71947e+01 -1.60721e+01  5.28520e+01             
       H -6.72936e+01 -1.39045e+01  5.01020e+01             
       O -7.41392e+01 -3.19372e+01  4.87399e+01             
       H -7.32621e+01 -3.21385e+01  4.84915e+01             
       H -7.23767e+01 -2.87480e+01  6.54661e+01             
       O -8.38226e+01 -2.08635e+01  5.51107e+01             
       H -8.31856e+01 -2.12564e+01  5.58348e+01             
       H -8.32196e+01 -2.02535e+01  5.45827e+01             
       O -7.01022e+01 -2.73574e+01  6.41123e+01             
       H -6.93614e+01 -2.68019e+01  6.37276e+01             
       H -6.95975e+01 -2.81467e+01  6.44645e+01             
       O -7.69892e+01 -1.05562e+01  6.43740e+01             
       H -7.64336e+01 -1.02548e+01  6.36027e+01             
       H -7.63386e+01 -1.08944e+01  6.50718e+01             
       O -7.57405e+01 -1.21805e+01  4.68383e+01             
       H -7.48223e+01 -2.42626e+01  4.65652e+01             
       H -7.59917e+01 -1.28590e+01  4.62053e+01             
       O -7.60846e+01 -2.74631e+01  4.97017e+01             
       H -7.53392e+01 -2.68951e+01  4.98012e+01             
       H -7.60716e+01 -2.80304e+01  5.05771e+01             
       O -8.31616e+01 -1.58543e+01  5.53321e+01             
       H -8.21127e+01 -1.59588e+01  5.52958e+01             
       H -8.31812e+01 -1.50703e+01  5.59890e+01             
       O -7.68882e+01  4.65143e+00  5.24943e+01             
       H -6.09412e+01 -2.41884e+01  5.72113e+01             
       H -7.59460e+01  5.04325e+00  5.24989e+01             
       O -7.02362e+01 -2.02397e+01  6.26018e+01             
       H -7.33830e+01 -2.52308e+01  6.22335e+01             
       H -8.21652e+01 -2.11106e+01  6.28016e+01             
       O -7.01042e+01 -3.11403e+01  5.87901e+01             
       H -6.93473e+01 -3.18395e+01  5.87119e+01             
       H -6.97148e+01 -3.04167e+01  5.93155e+01             
       O -7.73633e+01 -2.40177e+01  6.12133e+01             
       H -7.68383e+01 -2.36035e+01  6.19088e+01             
       H -7.67436e+01 -2.42039e+01  6.04555e+01             
       O -7.67407e+01 -4.35858e+01  6.02198e+01             
       H -7.57702e+01 -4.38448e+01  6.04092e+01             
       H -7.65920e+01 -4.26674e+01  7.23627e+01             
       O -7.61611e+01 -4.59065e+00  5.53793e+01             
       H -7.55514e+01 -3.82108e+00  5.56231e+01             
       H -7.56051e+01 -5.09919e+00  5.46974e+01             
       O -6.71385e+01 -2.18674e+01  6.10837e+01             
       H -6.65605e+01 -2.11009e+01  6.13502e+01             
       H -6.65626e+01 -2.25934e+01  6.07159e+01             
       O -7.63131e+01 -2.85493e+01  7.20193e+01             
       H -7.60201e+01 -2.81618e+01  7.29199e+01             
       H -7.56627e+01 -2.83955e+01  7.13287e+01             
       O -9.19403e+01 -2.33977e+01  5.27082e+01             
       H -9.18976e+01 -2.31343e+01  5.36682e+01             
       H -9.10049e+01 -2.32583e+01  5.23152e+01             
       O -7.36622e+01 -7.57903e+00  6.85106e+01             
       H -7.27157e+01 -7.91832e+00  6.82447e+01             
       H -7.34351e+01 -7.09587e+00  6.93186e+01             
       O -7.46483e+01 -1.48632e+01  5.63865e+01             
       H -7.41133e+01 -1.40834e+01  5.62410e+01             
       H -7.41619e+01 -1.53345e+01  4.47425e+01             
       O -7.09207e+01 -1.47840e+01  3.50546e+01             
       H -7.01532e+01 -1.54909e+01  3.51381e+01             
       H -8.28562e+01 -1.39616e+01  3.49327e+01             
       O -6.14693e+01 -1.77530e+01  3.83123e+01             
       H -6.06980e+01 -1.81454e+01  3.88772e+01             
       H -6.10389e+01 -1.69202e+01  3.79359e+01             
       O -7.26931e+01 -2.53398e+01  4.33983e+01             
       H -7.19637e+01 -2.57509e+01  4.39031e+01             
       H -7.23735e+01 -2.53259e+01  5.49076e+01             
       O -6.95230e+01 -1.90345e+01  4.17903e+01             
       H -7.80786e+01 -1.30117e+01  4.92090e+01             
       H -6.94779e+01 -1.82978e+01  4.24703e+01             
       O -7.20555e+01 -2.80443e+01  6.23133e+01             
       H -7.16913e+01 -2.77636e+01  6.14153e+01             
       H -7.12668e+01 -2.78449e+01  6.28942e+01             
       O -6.11836e+01 -1.59856e+01  4.61968e+01             
       H -6.06271e+01 -1.67302e+01  4.58576e+01             
       H -6.05630e+01 -1.54171e+01  4.66519e+01             
       O -6.68116e+01 -2.73909e+01  5.94949e+01             
       H -6.59338e+01 -2.77446e+01  5.92476e+01             
       H -6.66674e+01 -2.71473e+01  6.04334e+01             
       O -7.11533e+01 -1.32355e+01  6.60619e+01             
       H -7.07457e+01 -1.39564e+01  6.55273e+01             
       H -7.03781e+01 -1.30972e+01  6.66629e+01             
       O -6.21618e+01  6.50414e+00  7.83682e+01             
       H -6.19579e+01  5.77844e+00  7.89626e+01             
       H -6.14177e+01  7.12676e+00  7.83949e+01             
       O -7.27547e+01 -2.85401e+01  6.63270e+01             
       H -7.48131e+01 -2.47300e+01  4.11825e+01             
       H -7.19364e+01 -2.84043e+01  6.69356e+01             
       O -7.79074e+01 -2.02638e+01  5.83634e+01             
       H -6.86322e+01 -1.94392e+01  4.17794e+01             
       H -7.70452e+01 -2.08437e+01  5.81406e+01             
       O -6.80897e+01 -1.33789e+01  5.05323e+01             
       H -7.67125e+01 -8.70996e+00  5.23895e+01             
       H -6.76574e+01 -1.27160e+01  5.11217e+01             
       O -6.89836e+01 -2.90512e+01  6.02458e+01             
       H -8.12080e+01 -2.95898e+01  7.34941e+01             
       H -6.22864e+01 -1.04116e+01  6.21074e+01             
       O -1.05411e+02 -1.69261e+01  6.48771e+01             
       H -1.04555e+02 -1.65424e+01  6.51636e+01             
       H -1.05671e+02 -1.75644e+01  6.54857e+01             
       O -7.36764e+01 -3.61304e+01  5.79977e+01             
       H -7.29075e+01 -3.57901e+01  5.85763e+01             
       H -6.95436e+01 -1.96315e+01  6.23500e+01             
       O -7.83877e+01 -1.39881e+01  4.93070e+01             
       H -7.74469e+01 -1.44410e+01  4.95563e+01             
       H -8.64599e+01 -2.58480e+01  2.71739e+01             
       O -8.36811e+01 -2.36538e+01  5.15465e+01             
       H -8.28406e+01 -2.36609e+01  5.09686e+01             
       H -8.35088e+01 -2.43671e+01  5.22130e+01             
       O -6.80938e+01 -2.51405e+01  4.59494e+01             
       H -6.75466e+01 -2.47875e+01  4.52591e+01             
       H -6.75326e+01 -2.59834e+01  4.62769e+01             
       O -5.58664e+01 -2.87982e+01  5.60991e+01             
       H -5.52179e+01 -1.70484e+01  5.59758e+01             
       H -5.53508e+01 -2.79715e+01  5.60595e+01             
       O -7.04375e+01 -1.39756e+01  5.72116e+01             
       H -5.70996e+01 -1.35863e+01  5.73026e+01             
       H -7.07110e+01 -1.43759e+01  5.80576e+01             
       O -6.45546e+01 -1.14086e+00  5.69100e+01             
       H -7.40559e+01 -3.11732e+01  4.94001e+01             
       H -7.73977e+01 -4.24872e+00  5.42655e+01             
       O -7.94824e+01 -1.98728e+01  5.42649e+01             
       H -7.87752e+01 -2.00234e+01  5.35559e+01             
       H -7.89695e+01 -1.91323e+01  5.47243e+01             
       O -7.56643e+01 -9.35069e+00  4.48636e+01             
       H -7.50362e+01 -2.11588e+01  4.42587e+01             
       H -7.49863e+01 -9.95319e+00  4.53300e+01             
       O -8.40864e+01 -2.30732e+01  5.95667e+01             
       H -8.41149e+01 -2.20824e+01  5.96395e+01             
       H -8.31824e+01 -2.35220e+01  5.97660e+01             
       O -7.16434e+01 -1.86740e+01  6.45035e+01             
       H -7.12148e+01 -1.92381e+01  6.38398e+01             
       H -7.09935e+01 -1.88231e+01  6.52821e+01             
       O -8.61588e+01 -2.61301e+01  5.01141e+01             
       H -8.55319e+01 -2.68808e+01  6.23408e+01             
       H -8.05449e+01 -4.11543e+01  4.75100e+01             
       O -6.69900e+01 -2.27685e+01  6.77725e+01             
       H -6.60250e+01 -2.30778e+01  6.80162e+01             
       H -6.70799e+01 -2.17981e+01  6.77488e+01             
       O -7.30940e+01 -2.22637e+01  5.34405e+01             
       H -7.25435e+01 -2.17354e+01  5.40580e+01             
       H -7.23674e+01 -2.26475e+01  5.29016e+01             
       O -9.08905e+01 -1.96037e+01  6.21609e+01             
       H -9.01618e+01 -1.92371e+01  6.16236e+01             
       H -9.04377e+01 -1.96881e+01  6.30571e+01             
       O -6.89174e+01 -2.53009e+01  5.51469e+01             
       H -6.86578e+01 -2.44862e+01  5.46363e+01             
       H -6.80040e+01 -2.57231e+01  5.52292e+01             
       O -8.42681e+01 -1.77491e+01  3.25132e+01             
       H -8.39498e+01 -1.70411e+01  3.19176e+01             
       H -8.34511e+01 -1.82166e+01  3.29852e+01             
       O -7.43360e+01 -2.61064e+01  2.80772e+01             
       H -5.13259e+01 -1.40994e+01  4.43010e+01             
       H -7.36365e+01 -2.66695e+01  2.85142e+01             
       O -8.05215e+01 -2.05885e+01  5.88397e+01             
       H -8.04099e+01 -2.11115e+01  5.96555e+01             
       H -7.95824e+01 -2.04618e+01  5.85664e+01             
       O -8.07497e+01 -1.83230e+01  7.47328e+01             
       H -7.98459e+01 -1.87900e+01  7.46155e+01             
       H -8.06490e+01 -1.78645e+01  7.56303e+01             
