192                                                         
# CELL(abcABC):   12.41850    12.41850    12.41850    90.00000    90.00000    90.00000  Step:           0  Bead:       0 x_centroid{angstrom}  cell{angstrom}   
       O -7.39776e+01 -1.04547e+01  6.66532e+01             
       H -7.33512e+01 -1.11371e+01  6.62693e+01             
       H -7.33808e+01 -9.74217e+00  6.70106e+01             
       O -6.12490e+01 -6.41999e+00  5.70073e+01             
       H -6.18698e+01 -1.55317e+01  5.28673e+01             
       H -6.04641e+01 -5.83484e+00  5.67731e+01             
       O -6.61952e+01 -2.55015e+01  4.98340e+01             
       H -6.57767e+01 -1.35198e+01  5.05849e+01             
       H -6.55253e+01 -2.55351e+01  4.91764e+01             
       O -6.01704e+01 -2.07425e+01  5.51695e+01             
       H -5.92730e+01 -2.09851e+01  5.55387e+01             
       H -6.04783e+01 -2.01208e+01  5.58565e+01             
       O -5.25019e+01 -2.01684e+01  4.78681e+01             
       H -5.17221e+01 -1.98192e+01  4.83298e+01             
       H -5.21069e+01 -2.10069e+01  4.75512e+01             
       O -5.60286e+01 -1.85398e+01  6.29069e+01             
       H -5.55103e+01 -1.92483e+01  6.24979e+01             
       H -5.54837e+01 -1.78516e+01  6.32367e+01             
       O -6.29412e+01 -1.89007e+01  3.66245e+01             
       H -6.20385e+01 -1.90462e+01  3.63284e+01             
       H -5.07878e+01  2.86557e+00  5.16632e+01             
       O -4.52093e+01 -1.51933e+01  6.70154e+01             
       H -4.47024e+01 -1.52717e+01  6.78360e+01             
       H -4.45276e+01 -2.74560e+01  6.62989e+01             
       O -6.75270e+01 -8.51702e+00  4.12918e+01             
       H -6.70374e+01 -9.04462e+00  4.19413e+01             
       H -6.67718e+01 -8.13466e+00  4.07743e+01             
       O -6.45254e+01 -2.33861e+01  4.84157e+01             
       H -6.39037e+01 -2.36013e+01  4.77063e+01             
       H -6.40270e+01 -2.27523e+01  4.89398e+01             
       O -6.83781e+01 -6.28737e+00  5.56569e+01             
       H -6.76889e+01 -6.56609e+00  5.63204e+01             
       H -6.79488e+01 -6.37272e+00  5.48038e+01             
       O -6.29146e+01 -1.05268e+01  4.42929e+01             
       H -6.21222e+01 -1.04915e+01  4.48725e+01             
       H -5.35218e+01 -1.05539e+01  4.31624e+01             
       O -5.86566e+01 -2.99520e+01  4.16143e+01             
       H -5.79482e+01 -2.92956e+01  4.15837e+01             
       H -5.69710e+01 -2.62942e+01  5.75558e+01             
       O -7.01165e+01 -1.76497e+01  4.83803e+01             
       H -6.95199e+01 -1.78842e+01  4.90860e+01             
       H -6.95555e+01 -1.76528e+01  4.75616e+01             
       O -5.52935e+01 -2.39803e+01  5.78210e+01             
       H -5.50143e+01 -2.35327e+01  5.70233e+01             
       H -5.44724e+01 -2.44956e+01  5.80927e+01             
       O -6.37054e+01 -7.90086e+00  5.62173e+01             
       H -6.30884e+01 -7.25183e+00  5.66027e+01             
       H -6.33826e+01 -8.82774e+00  5.64879e+01             
       O -6.22604e+01 -6.16740e+00  3.92317e+01             
       H -6.22351e+01 -1.75826e+01  3.94314e+01             
       H -6.13383e+01 -6.46376e+00  3.93947e+01             
       O -6.26837e+01 -2.56829e+01  4.20826e+01             
       H -6.19635e+01 -2.54423e+01  4.14757e+01             
       H -6.22963e+01 -2.57240e+01  4.30123e+01             
       O -7.01883e+01 -1.17263e+01  4.90525e+01             
       H -6.93867e+01 -1.22592e+01  4.86742e+01             
       H -6.98284e+01 -1.10763e+01  4.96259e+01             
       O -6.28294e+01  8.23662e+00  4.51476e+01             
       H -4.68650e+01 -1.61967e+01  5.00037e+01             
       H -6.20695e+01  8.86883e+00  4.52867e+01             
       O -5.60611e+01 -1.52879e+01  5.67599e+01             
       H -6.01032e+01 -2.04235e+01  5.34041e+01             
       H -6.83760e+01 -1.58540e+01  5.75854e+01             
       O -5.57424e+01 -2.70101e+01  5.26884e+01             
       H -5.51695e+01 -2.76359e+01  5.22166e+01             
       H -5.52977e+01 -2.61673e+01  5.29996e+01             
       O -6.39270e+01 -1.96054e+01  5.35033e+01             
       H -6.35296e+01 -1.98310e+01  5.43213e+01             
       H -6.32522e+01 -1.91661e+01  5.28700e+01             
       O -6.07775e+01 -4.04084e+01  5.39607e+01             
       H -6.01371e+01 -4.11216e+01  5.39016e+01             
       H -6.02221e+01 -3.96030e+01  6.62572e+01             
       O -6.42176e+01 -1.81755e+00  4.81762e+01             
       H -6.33895e+01 -1.32207e+00  4.79532e+01             
       H -6.37830e+01 -2.50459e+00  4.87171e+01             
       O -5.33770e+01 -1.76438e+01  5.38221e+01             
       H -5.27986e+01 -1.70665e+01  5.43598e+01             
       H -5.27896e+01 -1.84592e+01  5.37247e+01             
       O -6.17596e+01 -2.21166e+01  6.32297e+01             
       H -6.11220e+01 -2.15791e+01  6.37351e+01             
       H -6.13111e+01 -2.26760e+01  6.25649e+01             
       O -7.86554e+01 -1.97272e+01  4.50192e+01             
       H -7.82612e+01 -1.95384e+01  4.58933e+01             
       H -7.79156e+01 -1.95954e+01  4.43663e+01             
       O -5.96260e+01 -1.50367e+00  5.94907e+01             
       H -5.90081e+01 -1.10512e+00  5.88097e+01             
       H -5.91698e+01 -1.44123e+00  6.03482e+01             
       O -6.22214e+01 -1.28058e+01  4.70352e+01             
       H -6.18527e+01 -1.30387e+01  4.61073e+01             
       H -6.15065e+01 -1.25704e+01  3.52592e+01             
       O -5.70997e+01 -1.10758e+01  2.93334e+01             
       H -5.62339e+01 -1.14229e+01  2.95426e+01             
       H -6.94487e+01 -1.08177e+01  2.84003e+01             
       O -4.90004e+01 -1.31846e+01  3.20525e+01             
       H -4.86482e+01 -1.40858e+01  3.21940e+01             
       H -4.82666e+01 -1.26862e+01  3.16256e+01             
       O -6.03104e+01 -2.34415e+01  3.61643e+01             
       H -5.93810e+01 -2.37017e+01  3.64037e+01             
       H -6.02055e+01 -2.33285e+01  4.76030e+01             
       O -5.57344e+01 -1.65344e+01  3.42332e+01             
       H -6.45006e+01 -1.10264e+01  4.09655e+01             
       H -5.60220e+01 -1.58059e+01  3.47635e+01             
       O -5.90488e+01 -2.44119e+01  5.60505e+01             
       H -5.85750e+01 -2.50836e+01  5.65530e+01             
       H -5.83949e+01 -2.38221e+01  5.56868e+01             
       O -4.72057e+01 -1.32009e+01  4.10644e+01             
       H -4.64505e+01 -1.32829e+01  4.04420e+01             
       H -4.67657e+01 -1.30026e+01  4.18947e+01             
       O -5.24153e+01 -2.65791e+01  5.22094e+01             
       H -5.22679e+01 -2.59371e+01  5.29034e+01             
       H -5.15280e+01 -2.70059e+01  5.21630e+01             
       O -5.84665e+01 -8.49534e+00  5.83507e+01             
       H -5.79752e+01 -8.49925e+00  5.75218e+01             
       H -5.77762e+01 -8.64282e+00  5.90183e+01             
       O -4.80942e+01  9.26874e+00  7.01806e+01             
       H -4.73767e+01  8.84375e+00  6.96863e+01             
       H -4.76713e+01  9.65837e+00  7.09674e+01             
       O -5.75730e+01 -2.55655e+01  5.77494e+01             
       H -6.28630e+01 -1.88330e+01  3.75810e+01             
       H -5.69559e+01 -2.48312e+01  5.78699e+01             
       O -6.24350e+01 -1.56388e+01  5.20141e+01             
       H -5.47145e+01 -1.66182e+01  3.44402e+01             
       H -6.20228e+01 -1.55251e+01  5.11200e+01             
       O -5.41156e+01 -1.00018e+01  4.36591e+01             
       H -6.22868e+01 -4.94330e+00  4.49200e+01             
       H -5.34359e+01 -9.64404e+00  4.42659e+01             
       O -5.47607e+01 -2.51419e+01  5.42815e+01             
       H -6.68417e+01 -2.55543e+01  6.75203e+01             
       H -4.84796e+01 -6.74471e+00  5.78407e+01             
       O -8.97325e+01 -1.25247e+01  5.79217e+01             
       H -8.91266e+01 -1.20166e+01  5.73985e+01             
       H -8.91573e+01 -1.29063e+01  5.86581e+01             
       O -5.97798e+01 -2.78232e+01  5.02429e+01             
       H -5.90297e+01 -2.71423e+01  5.05089e+01             
       H -5.51204e+01 -1.50493e+01  5.64546e+01             
       O -6.48865e+01 -1.14122e+01  4.17186e+01             
       H -6.41850e+01 -1.19004e+01  4.21505e+01             
       H -7.21798e+01 -2.20429e+01  2.08926e+01             
       O -7.00196e+01 -2.08897e+01  4.33363e+01             
       H -6.93052e+01 -2.02014e+01  4.33526e+01             
       H -6.96379e+01 -2.16555e+01  4.28409e+01             
       O -5.41308e+01 -2.26509e+01  3.83783e+01             
       H -5.37769e+01 -2.34452e+01  3.78819e+01             
       H -5.32898e+01 -2.23492e+01  3.87282e+01             
       O -4.33625e+01 -2.55046e+01  4.82156e+01             
       H -4.26535e+01 -1.30721e+01  4.89210e+01             
       H -4.29380e+01 -2.49922e+01  4.75438e+01             
       O -5.68548e+01 -1.04225e+01  5.13422e+01             
       H -4.34655e+01 -1.03566e+01  5.13337e+01             
       H -5.71558e+01 -9.48481e+00  5.11764e+01             
       O -5.16922e+01  2.93949e+00  5.18951e+01             
       H -5.83802e+01 -3.06270e+01  4.09450e+01             
       H -6.25896e+01  1.67948e+00  4.34183e+01             
       O -6.54551e+01 -1.66580e+01  4.68755e+01             
       H -6.49039e+01 -1.70464e+01  4.62037e+01             
       H -6.50805e+01 -1.58198e+01  4.70875e+01             
       O -6.21940e+01 -3.63757e+00  3.67291e+01             
       H -6.12766e+01 -1.57173e+01  3.69060e+01             
       H -6.22123e+01 -4.40281e+00  3.61492e+01             
       O -7.00372e+01 -1.97825e+01  5.23142e+01             
       H -6.95087e+01 -1.92825e+01  5.16779e+01             
       H -6.93521e+01 -2.03335e+01  5.27461e+01             
       O -5.90858e+01 -1.76152e+01  5.64442e+01             
       H -5.90184e+01 -1.77695e+01  5.54100e+01             
       H -5.82151e+01 -1.76407e+01  5.67799e+01             
       O -7.25503e+01 -2.03153e+01  4.00073e+01             
       H -7.16591e+01 -2.01680e+01  5.21390e+01             
       H -6.63539e+01 -3.71358e+01  4.14338e+01             
       O -5.49124e+01 -2.05347e+01  6.17371e+01             
       H -5.46257e+01 -2.12179e+01  6.23358e+01             
       H -5.41448e+01 -2.01850e+01  6.12427e+01             
       O -6.00439e+01 -1.91623e+01  4.80458e+01             
       H -5.93131e+01 -1.86225e+01  4.82561e+01             
       H -5.96788e+01 -2.00066e+01  4.77949e+01             
       O -7.65131e+01 -1.57271e+01  5.51400e+01             
       H -7.60451e+01 -1.50843e+01  5.46065e+01             
       H -7.59710e+01 -1.61475e+01  5.58220e+01             
       O -5.61170e+01 -2.20280e+01  4.73749e+01             
       H -5.55083e+01 -2.13149e+01  4.76996e+01             
       H -5.57544e+01 -2.24525e+01  4.65682e+01             
       O -7.01730e+01 -1.39369e+01  2.61713e+01             
       H -7.01112e+01 -1.30733e+01  2.57459e+01             
       H -6.92741e+01 -1.42435e+01  2.65740e+01             
       O -6.02981e+01 -2.28258e+01  2.10134e+01             
       H -3.92619e+01 -8.60888e+00  3.98780e+01             
       H -5.96904e+01 -2.34216e+01  2.05722e+01             
       O -6.66525e+01 -1.65929e+01  5.15912e+01             
       H -6.62788e+01 -1.70959e+01  5.24191e+01             
       H -6.59708e+01 -1.63910e+01  5.09882e+01             
       O -6.60532e+01 -1.43095e+01  6.85698e+01             
       H -6.53430e+01 -1.48259e+01  6.81503e+01             
       H -6.55478e+01 -1.37840e+01  6.92497e+01             
192                                                         
# CELL(abcABC):   12.41850    12.41850    12.41850    90.00000    90.00000    90.00000  Step:      200000  Bead:       0 x_centroid{angstrom}  cell{angstrom}   
       O -8.51373e+01 -1.62315e+01  7.01720e+01             
       H -8.44313e+01 -1.68955e+01  7.01022e+01             
       H -8.48944e+01 -1.53267e+01  7.02931e+01             
       O -7.22442e+01 -8.73611e+00  6.29738e+01             
       H -7.33845e+01 -1.85120e+01  5.94931e+01             
       H -7.15361e+01 -8.28211e+00  6.24762e+01             
       O -7.82244e+01 -3.00295e+01  5.55006e+01             
       H -7.76800e+01 -1.80892e+01  5.61520e+01             
       H -7.75919e+01 -2.94011e+01  5.50217e+01             
       O -7.17165e+01 -2.47182e+01  6.04418e+01             
       H -7.07050e+01 -2.44637e+01  6.04513e+01             
       H -7.16817e+01 -2.56904e+01  6.07089e+01             
       O -6.45054e+01 -2.32379e+01  5.25015e+01             
       H -6.40727e+01 -2.24199e+01  5.27253e+01             
       H -6.38250e+01 -2.36825e+01  5.19996e+01             
       O -6.68179e+01 -2.23650e+01  6.87165e+01             
       H -6.64351e+01 -2.31805e+01  6.83299e+01             
       H -6.60468e+01 -2.18168e+01  6.90832e+01             
       O -7.19899e+01 -2.26823e+01  4.24586e+01             
       H -7.14002e+01 -2.22033e+01  4.18264e+01             
       H -6.18764e+01  1.20627e-01  5.55996e+01             
       O -5.56361e+01 -1.89557e+01  7.40983e+01             
       H -5.50602e+01 -1.84326e+01  7.46872e+01             
       H -5.53506e+01 -3.12231e+01  7.31625e+01             
       O -8.14292e+01 -1.01458e+01  4.54518e+01             
       H -8.06672e+01 -1.00755e+01  4.47529e+01             
       H -8.09750e+01 -1.01958e+01  4.63162e+01             
       O -7.34218e+01 -2.46648e+01  5.36921e+01             
       H -7.27262e+01 -2.53669e+01  5.37300e+01             
       H -7.29215e+01 -2.38621e+01  5.39491e+01             
       O -8.04137e+01 -9.31465e+00  6.04369e+01             
       H -7.94858e+01 -9.14434e+00  6.06307e+01             
       H -8.08149e+01 -8.51948e+00  6.07555e+01             
       O -7.48988e+01 -1.21753e+01  5.14185e+01             
       H -7.43074e+01 -1.21867e+01  5.22578e+01             
       H -6.63714e+01 -1.31385e+01  4.85677e+01             
       O -7.06588e+01 -3.14363e+01  4.98040e+01             
       H -7.07310e+01 -3.11505e+01  5.07305e+01             
       H -6.79361e+01 -2.86172e+01  6.43662e+01             
       O -8.06397e+01 -2.09521e+01  5.42574e+01             
       H -8.01904e+01 -2.14781e+01  5.50073e+01             
       H -7.99001e+01 -2.04488e+01  5.38510e+01             
       O -6.63341e+01 -2.69579e+01  6.37498e+01             
       H -6.64661e+01 -2.64997e+01  6.29093e+01             
       H -6.54050e+01 -2.72319e+01  6.38335e+01             
       O -7.34354e+01 -1.08089e+01  6.18204e+01             
       H -7.29365e+01 -1.01244e+01  6.22423e+01             
       H -7.28217e+01 -1.13518e+01  6.12438e+01             
       O -7.49494e+01 -9.95475e+00  4.53360e+01             
       H -7.42593e+01 -2.17725e+01  4.49282e+01             
       H -7.47164e+01 -1.08689e+01  4.49616e+01             
       O -7.53175e+01 -2.81206e+01  4.69713e+01             
       H -7.48959e+01 -2.83220e+01  4.60898e+01             
       H -7.46724e+01 -2.84935e+01  4.76696e+01             
       O -8.15962e+01 -1.36004e+01  5.51757e+01             
       H -8.08242e+01 -1.34543e+01  5.45896e+01             
       H -8.14859e+01 -1.44474e+01  5.56357e+01             
       O -7.43936e+01  5.02507e+00  5.11538e+01             
       H -5.68878e+01 -1.91244e+01  5.45815e+01             
       H -7.42048e+01  5.97171e+00  5.14669e+01             
       O -6.68050e+01 -1.73630e+01  6.35043e+01             
       H -7.25924e+01 -2.54591e+01  5.86855e+01             
       H -7.89848e+01 -1.79078e+01  6.42450e+01             
       O -6.69225e+01 -3.14798e+01  5.87571e+01             
       H -6.63864e+01 -3.22098e+01  5.85252e+01             
       H -6.64598e+01 -3.06503e+01  5.85519e+01             
       O -7.56970e+01 -2.29257e+01  6.04047e+01             
       H -7.48734e+01 -2.28449e+01  6.09619e+01             
       H -7.53660e+01 -2.26232e+01  5.95425e+01             
       O -7.19712e+01 -4.27809e+01  6.03187e+01             
       H -7.15352e+01 -4.31573e+01  6.11347e+01             
       H -7.12496e+01 -4.23690e+01  7.21767e+01             
       O -7.44515e+01 -6.83523e+00  5.51062e+01             
       H -7.41907e+01 -5.99265e+00  5.47064e+01             
       H -7.36591e+01 -7.27364e+00  5.55893e+01             
       O -6.53013e+01 -2.15730e+01  6.13424e+01             
       H -6.49252e+01 -2.06508e+01  6.12779e+01             
       H -6.46777e+01 -2.22518e+01  6.08603e+01             
       O -7.06504e+01 -2.43180e+01  6.90058e+01             
       H -7.01518e+01 -2.37151e+01  6.96358e+01             
       H -7.00409e+01 -2.49252e+01  6.85873e+01             
       O -9.13501e+01 -2.32917e+01  5.06713e+01             
       H -9.06348e+01 -2.34226e+01  5.14454e+01             
       H -9.08935e+01 -2.25837e+01  5.01156e+01             
       O -7.13049e+01 -1.41074e+00  6.59991e+01             
       H -7.09058e+01 -1.48365e+00  6.50694e+01             
       H -7.05850e+01 -1.38802e+00  6.66493e+01             
       O -7.64762e+01 -1.59650e+01  5.43393e+01             
       H -7.65319e+01 -1.56377e+01  5.33856e+01             
       H -7.54592e+01 -1.60514e+01  4.20933e+01             
       O -6.93424e+01 -1.61506e+01  3.54131e+01             
       H -6.91081e+01 -1.57684e+01  3.45800e+01             
       H -8.11103e+01 -1.66856e+01  3.58418e+01             
       O -6.11345e+01 -1.62574e+01  3.65713e+01             
       H -6.06141e+01 -1.70287e+01  3.62244e+01             
       H -6.03858e+01 -1.55634e+01  3.66261e+01             
       O -7.13607e+01 -3.10543e+01  4.49271e+01             
       H -7.08911e+01 -3.08482e+01  4.40755e+01             
       H -7.06401e+01 -3.13761e+01  5.78753e+01             
       O -6.61214e+01 -1.94696e+01  4.08501e+01             
       H -7.67753e+01 -1.24174e+01  4.72328e+01             
       H -6.60491e+01 -1.87941e+01  4.15607e+01             
       O -7.13388e+01 -2.72831e+01  6.15820e+01             
       H -7.08157e+01 -2.70066e+01  6.23967e+01             
       H -7.06335e+01 -2.77331e+01  6.09687e+01             
       O -6.14624e+01 -1.62915e+01  4.25823e+01             
       H -6.07941e+01 -1.56473e+01  4.23562e+01             
       H -6.12274e+01 -1.64644e+01  4.35027e+01             
       O -6.36724e+01 -3.11226e+01  5.71467e+01             
       H -6.30377e+01 -3.09395e+01  5.79090e+01             
       H -6.30978e+01 -3.13351e+01  5.63485e+01             
       O -6.90613e+01 -1.13405e+01  6.40545e+01             
       H -6.83482e+01 -1.09448e+01  6.34596e+01             
       H -6.85686e+01 -1.18285e+01  6.47181e+01             
       O -6.12700e+01  7.80965e+00  7.63505e+01             
       H -6.02775e+01  7.76561e+00  7.65158e+01             
       H -6.12015e+01  8.12366e+00  7.53984e+01             
       O -6.88063e+01 -2.84218e+01  6.47309e+01             
       H -7.14559e+01 -2.32943e+01  4.29784e+01             
       H -6.87283e+01 -2.80089e+01  6.56212e+01             
       O -7.41573e+01 -1.90906e+01  5.91432e+01             
       H -6.53317e+01 -2.00144e+01  4.08915e+01             
       H -7.36635e+01 -1.97685e+01  5.85811e+01             
       O -6.70313e+01 -1.29809e+01  4.92036e+01             
       H -7.35588e+01 -7.85784e+00  5.09752e+01             
       H -6.67897e+01 -1.21893e+01  4.97641e+01             
       O -6.63138e+01 -2.86026e+01  5.93081e+01             
       H -7.85923e+01 -2.80572e+01  7.09370e+01             
       H -5.93389e+01 -9.01969e+00  6.37511e+01             
       O -1.00820e+02 -1.48297e+01  6.40055e+01             
       H -1.00486e+02 -1.38954e+01  6.39683e+01             
       H -1.00041e+02 -1.53526e+01  6.38643e+01             
       O -7.00047e+01 -3.08646e+01  5.47924e+01             
       H -6.94716e+01 -3.00678e+01  5.49489e+01             
       H -6.59680e+01 -1.72777e+01  6.30262e+01             
       O -7.72570e+01 -1.32594e+01  4.72335e+01             
       H -7.65721e+01 -1.39276e+01  4.74002e+01             
       H -8.21437e+01 -2.54705e+01  2.59671e+01             
       O -8.15389e+01 -2.45519e+01  4.79461e+01             
       H -8.13302e+01 -2.35645e+01  4.78829e+01             
       H -8.07434e+01 -2.48524e+01  4.84841e+01             
       O -6.43967e+01 -2.65124e+01  4.37856e+01             
       H -6.42052e+01 -2.71271e+01  4.30517e+01             
       H -6.35231e+01 -2.61256e+01  4.40228e+01             
       O -5.58202e+01 -2.88766e+01  5.59295e+01             
       H -5.49523e+01 -1.69213e+01  5.57855e+01             
       H -5.59594e+01 -2.88577e+01  5.69074e+01             
       O -6.66506e+01 -1.37488e+01  5.74765e+01             
       H -5.35096e+01 -1.39861e+01  5.67842e+01             
       H -6.61083e+01 -1.36916e+01  5.82712e+01             
       O -6.23146e+01 -8.72634e-03  5.64435e+01             
       H -6.96118e+01 -3.14049e+01  4.95203e+01             
       H -7.44342e+01  7.47914e-01  5.07325e+01             
       O -7.61155e+01 -2.04792e+01  5.31554e+01             
       H -7.55606e+01 -2.03486e+01  5.23125e+01             
       H -7.54420e+01 -2.01475e+01  5.38485e+01             
       O -7.29236e+01 -8.24921e+00  4.40386e+01             
       H -7.21660e+01 -2.01464e+01  4.44326e+01             
       H -7.25854e+01 -8.86260e+00  4.33358e+01             
       O -8.19883e+01 -1.97878e+01  5.87743e+01             
       H -8.10965e+01 -1.93157e+01  5.85839e+01             
       H -8.18160e+01 -2.06696e+01  5.83406e+01             
       O -7.11064e+01 -1.75211e+01  6.47558e+01             
       H -7.04447e+01 -1.68580e+01  6.45442e+01             
       H -7.06889e+01 -1.78666e+01  6.56246e+01             
       O -8.49331e+01 -2.57448e+01  4.53749e+01             
       H -8.41244e+01 -2.53227e+01  5.73956e+01             
       H -7.77937e+01 -4.11297e+01  4.71865e+01             
       O -6.53375e+01 -2.43736e+01  6.72415e+01             
       H -6.47950e+01 -2.50605e+01  6.76618e+01             
       H -6.49311e+01 -2.41024e+01  6.64098e+01             
       O -7.04748e+01 -2.17872e+01  5.27341e+01             
       H -6.97788e+01 -2.11620e+01  5.30000e+01             
       H -6.99836e+01 -2.26099e+01  5.23620e+01             
       O -8.83952e+01 -1.92016e+01  6.13220e+01             
       H -8.77223e+01 -1.91226e+01  6.06422e+01             
       H -8.78328e+01 -1.93934e+01  6.21897e+01             
       O -6.73657e+01 -2.54848e+01  5.32027e+01             
       H -6.66692e+01 -2.52719e+01  5.38921e+01             
       H -6.69104e+01 -2.61640e+01  5.26345e+01             
       O -8.15596e+01 -1.41813e+01  3.35814e+01             
       H -8.15735e+01 -1.34917e+01  3.42577e+01             
       H -8.07728e+01 -1.39486e+01  3.30767e+01             
       O -6.99605e+01 -2.63494e+01  2.62296e+01             
       H -4.91155e+01 -1.28125e+01  4.46390e+01             
       H -6.92160e+01 -2.70069e+01  2.62346e+01             
       O -7.73520e+01 -2.10451e+01  5.77025e+01             
       H -7.66783e+01 -2.17545e+01  5.77108e+01             
       H -7.68265e+01 -2.02497e+01  5.73953e+01             
       O -7.69786e+01 -1.67454e+01  7.43760e+01             
       H -7.66661e+01 -1.76259e+01  7.40771e+01             
       H -7.62596e+01 -1.61578e+01  7.45820e+01             
