192                                                         
# CELL(abcABC):   12.41850    12.41850    12.41850    90.00000    90.00000    90.00000  Step:           0  Bead:       0 x_centroid{angstrom}  cell{angstrom}   
       O -7.43044e+01 -9.92350e+00  6.78333e+01             
       H -7.46937e+01 -1.08000e+01  6.75756e+01             
       H -7.33769e+01 -9.87208e+00  6.75428e+01             
       O -6.26495e+01 -6.22257e+00  5.79586e+01             
       H -6.30283e+01 -1.62833e+01  5.34387e+01             
       H -6.19817e+01 -5.52891e+00  5.80830e+01             
       O -6.65899e+01 -2.67945e+01  5.07110e+01             
       H -6.61533e+01 -1.43496e+01  5.16426e+01             
       H -6.58347e+01 -2.70296e+01  5.01826e+01             
       O -5.94419e+01 -2.14957e+01  5.46458e+01             
       H -5.84890e+01 -2.16730e+01  5.46705e+01             
       H -5.94602e+01 -2.06396e+01  5.41916e+01             
       O -5.24297e+01 -2.05264e+01  4.79039e+01             
       H -5.16926e+01 -1.99548e+01  4.80782e+01             
       H -5.21007e+01 -2.14317e+01  4.81929e+01             
       O -5.62703e+01 -1.87645e+01  6.23540e+01             
       H -5.55482e+01 -1.94136e+01  6.21377e+01             
       H -5.58995e+01 -1.80852e+01  6.29365e+01             
       O -6.22960e+01 -1.88656e+01  3.62776e+01             
       H -6.15139e+01 -1.85996e+01  3.57601e+01             
       H -5.20304e+01  1.51476e+00  5.18200e+01             
       O -4.65954e+01 -1.70836e+01  6.68438e+01             
       H -4.64142e+01 -1.74239e+01  6.77346e+01             
       H -4.58923e+01 -2.88842e+01  6.65392e+01             
       O -6.95623e+01 -9.69485e+00  4.00040e+01             
       H -6.92750e+01 -9.09347e+00  4.07254e+01             
       H -6.87427e+01 -9.87154e+00  3.94939e+01             
       O -6.34949e+01 -2.26370e+01  4.87305e+01             
       H -6.34519e+01 -2.35753e+01  4.83423e+01             
       H -6.26582e+01 -2.23077e+01  4.87421e+01             
       O -6.70876e+01 -6.14589e+00  5.60615e+01             
       H -6.64345e+01 -6.56732e+00  5.67444e+01             
       H -6.64527e+01 -5.82147e+00  5.54250e+01             
       O -6.50097e+01 -1.13208e+01  4.62101e+01             
       H -6.49879e+01 -1.03609e+01  4.62833e+01             
       H -5.45757e+01 -1.05192e+01  4.37939e+01             
       O -5.99381e+01 -3.16516e+01  4.04495e+01             
       H -5.95010e+01 -3.08128e+01  4.08355e+01             
       H -5.71766e+01 -2.66189e+01  5.99084e+01             
       O -7.04173e+01 -1.71287e+01  4.86043e+01             
       H -6.97056e+01 -1.77437e+01  4.89855e+01             
       H -6.97987e+01 -1.65671e+01  4.80387e+01             
       O -5.71748e+01 -2.34885e+01  5.82537e+01             
       H -5.64164e+01 -2.31428e+01  5.77368e+01             
       H -5.68461e+01 -2.43186e+01  5.86017e+01             
       O -6.35998e+01 -7.91121e+00  5.57594e+01             
       H -6.33056e+01 -7.19965e+00  5.63041e+01             
       H -6.28663e+01 -8.51513e+00  5.57310e+01             
       O -6.20600e+01 -7.47825e+00  3.90849e+01             
       H -6.13649e+01 -1.95757e+01  3.97010e+01             
       H -6.21681e+01 -8.46085e+00  3.93274e+01             
       O -6.35320e+01 -2.53599e+01  4.27780e+01             
       H -6.29342e+01 -2.52845e+01  4.20463e+01             
       H -6.31775e+01 -2.52346e+01  4.36576e+01             
       O -7.04332e+01 -1.19104e+01  5.08927e+01             
       H -6.98480e+01 -1.23897e+01  5.03696e+01             
       H -6.99593e+01 -1.12117e+01  5.13169e+01             
       O -6.38907e+01  8.64394e+00  4.56954e+01             
       H -4.69055e+01 -1.60128e+01  4.94093e+01             
       H -6.30357e+01  9.12931e+00  4.59486e+01             
       O -5.64721e+01 -1.64755e+01  5.69209e+01             
       H -6.05460e+01 -2.23162e+01  5.30801e+01             
       H -6.83096e+01 -1.72213e+01  5.66515e+01             
       O -5.72595e+01 -2.76477e+01  5.32567e+01             
       H -5.65742e+01 -2.80990e+01  5.26917e+01             
       H -5.67993e+01 -2.69261e+01  5.36962e+01             
       O -6.43047e+01 -2.02926e+01  5.30157e+01             
       H -6.36997e+01 -2.02658e+01  5.38291e+01             
       H -6.37201e+01 -1.98995e+01  5.23187e+01             
       O -6.16552e+01 -4.09117e+01  5.44065e+01             
       H -6.07554e+01 -4.12151e+01  5.41965e+01             
       H -6.14294e+01 -4.00058e+01  6.69379e+01             
       O -6.44592e+01 -2.65696e+00  4.90686e+01             
       H -6.37014e+01 -2.02181e+00  4.88099e+01             
       H -6.40050e+01 -3.29497e+00  4.96005e+01             
       O -5.35573e+01 -1.81850e+01  5.35985e+01             
       H -5.29057e+01 -1.75997e+01  5.32577e+01             
       H -5.30822e+01 -1.90635e+01  5.35683e+01             
       O -6.33845e+01 -2.44741e+01  6.41230e+01             
       H -6.26561e+01 -2.43071e+01  6.46921e+01             
       H -6.28510e+01 -2.43526e+01  6.33016e+01             
       O -7.79588e+01 -2.07018e+01  4.53411e+01             
       H -7.76598e+01 -2.05520e+01  4.63187e+01             
       H -7.72581e+01 -2.07768e+01  4.47102e+01             
       O -6.01743e+01 -1.16484e+00  6.02685e+01             
       H -6.00571e+01 -1.89845e+00  6.09040e+01             
       H -5.92729e+01 -9.68084e-01  5.99481e+01             
       O -6.30709e+01 -1.30506e+01  4.81580e+01             
       H -6.29959e+01 -1.30547e+01  4.72075e+01             
       H -6.21632e+01 -1.27675e+01  3.60171e+01             
       O -5.87372e+01 -1.20008e+01  2.98109e+01             
       H -5.78455e+01 -1.23466e+01  2.98772e+01             
       H -7.10960e+01 -1.13120e+01  2.91305e+01             
       O -4.99946e+01 -1.26966e+01  3.26862e+01             
       H -4.96712e+01 -1.36113e+01  3.28588e+01             
       H -4.91552e+01 -1.22234e+01  3.25365e+01             
       O -6.13138e+01 -2.42569e+01  3.74831e+01             
       H -6.06619e+01 -2.49238e+01  3.71538e+01             
       H -6.08358e+01 -2.34174e+01  4.96385e+01             
       O -5.61585e+01 -1.56252e+01  3.47129e+01             
       H -6.57237e+01 -1.10001e+01  4.19580e+01             
       H -5.63641e+01 -1.59505e+01  3.38483e+01             
       O -5.99687e+01 -2.38720e+01  5.69734e+01             
       H -5.92045e+01 -2.41663e+01  5.75156e+01             
       H -5.95255e+01 -2.41017e+01  5.61169e+01             
       O -4.88870e+01 -1.31762e+01  4.13094e+01             
       H -4.82754e+01 -1.35599e+01  4.06352e+01             
       H -4.82657e+01 -1.27699e+01  4.18956e+01             
       O -5.27128e+01 -2.65149e+01  5.27381e+01             
       H -5.20115e+01 -2.59384e+01  5.24530e+01             
       H -5.22795e+01 -2.73291e+01  5.29733e+01             
       O -5.91578e+01 -8.09733e+00  5.83828e+01             
       H -5.88495e+01 -8.02086e+00  5.74780e+01             
       H -5.84043e+01 -8.48884e+00  5.88746e+01             
       O -4.90152e+01  9.69645e+00  7.10230e+01             
       H -4.83216e+01  9.11976e+00  7.06681e+01             
       H -4.85316e+01  1.02817e+01  7.16484e+01             
       O -5.76824e+01 -2.57578e+01  5.98801e+01             
       H -6.19758e+01 -1.94539e+01  3.70096e+01             
       H -5.71900e+01 -2.50971e+01  6.04207e+01             
       O -6.39304e+01 -1.64505e+01  5.29423e+01             
       H -5.51701e+01 -1.58407e+01  3.48934e+01             
       H -6.36081e+01 -1.67081e+01  5.20921e+01             
       O -5.50188e+01 -1.00304e+01  4.45428e+01             
       H -6.34895e+01 -4.65473e+00  4.57656e+01             
       H -5.42722e+01 -9.48542e+00  4.49554e+01             
       O -5.62654e+01 -2.54395e+01  5.44587e+01             
       H -6.84862e+01 -2.59047e+01  6.76757e+01             
       H -5.00094e+01 -7.05642e+00  5.84169e+01             
       O -9.18275e+01 -1.29375e+01  5.93357e+01             
       H -9.09533e+01 -1.24372e+01  5.91074e+01             
       H -9.14516e+01 -1.38456e+01  5.94139e+01             
       O -5.99592e+01 -2.79320e+01  4.99017e+01             
       H -5.95153e+01 -2.73968e+01  5.05378e+01             
       H -5.60852e+01 -1.56452e+01  5.66257e+01             
       O -6.62364e+01 -1.15231e+01  4.25971e+01             
       H -6.56316e+01 -1.22415e+01  4.29318e+01             
       H -7.35121e+01 -2.13718e+01  2.17221e+01             
       O -6.91222e+01 -2.05934e+01  4.29832e+01             
       H -6.85144e+01 -1.98196e+01  4.30511e+01             
       H -6.86728e+01 -2.12456e+01  4.36172e+01             
       O -5.50617e+01 -2.27551e+01  3.86280e+01             
       H -5.50443e+01 -2.36918e+01  3.82341e+01             
       H -5.41310e+01 -2.27082e+01  3.89622e+01             
       O -4.31275e+01 -2.48385e+01  4.94571e+01             
       H -4.27735e+01 -1.31324e+01  5.00330e+01             
       H -4.26333e+01 -2.49753e+01  4.86264e+01             
       O -5.99404e+01 -9.47055e+00  4.93551e+01             
       H -4.67869e+01 -9.47932e+00  4.87658e+01             
       H -5.96608e+01 -8.85131e+00  5.00239e+01             
       O -5.27587e+01  2.02431e+00  5.22239e+01             
       H -5.93046e+01 -3.20406e+01  3.97894e+01             
       H -6.43187e+01  8.11083e-01  4.56124e+01             
       O -6.60681e+01 -1.58232e+01  4.72938e+01             
       H -6.52957e+01 -1.60328e+01  4.66631e+01             
       H -6.56212e+01 -1.54812e+01  4.81077e+01             
       O -6.26489e+01 -4.19072e+00  3.78939e+01             
       H -6.16889e+01 -1.63425e+01  3.78777e+01             
       H -6.27437e+01 -5.05126e+00  3.74345e+01             
       O -7.07815e+01 -2.03483e+01  5.09826e+01             
       H -7.00213e+01 -1.97743e+01  5.06489e+01             
       H -7.02442e+01 -2.09926e+01  5.15007e+01             
       O -5.91979e+01 -1.64123e+01  5.73678e+01             
       H -5.82391e+01 -1.63320e+01  5.72392e+01             
       H -5.91977e+01 -1.71976e+01  5.79917e+01             
       O -7.34988e+01 -2.27263e+01  3.99857e+01             
       H -7.28567e+01 -2.30855e+01  5.16913e+01             
       H -6.78792e+01 -3.72893e+01  4.19307e+01             
       O -5.48120e+01 -2.08522e+01  6.14801e+01             
       H -5.48040e+01 -2.15466e+01  6.21617e+01             
       H -5.39253e+01 -2.07396e+01  6.11991e+01             
       O -6.01350e+01 -1.81558e+01  4.72157e+01             
       H -5.93774e+01 -1.78565e+01  4.77336e+01             
       H -5.97798e+01 -1.90224e+01  4.69347e+01             
       O -7.75633e+01 -1.47437e+01  5.63110e+01             
       H -7.69918e+01 -1.44218e+01  5.56049e+01             
       H -7.70318e+01 -1.52993e+01  5.68797e+01             
       O -5.71282e+01 -2.16859e+01  4.78357e+01             
       H -5.62630e+01 -2.12205e+01  4.78695e+01             
       H -5.70179e+01 -2.24026e+01  4.71622e+01             
       O -7.16119e+01 -1.40808e+01  2.72298e+01             
       H -7.10532e+01 -1.34439e+01  2.67218e+01             
       H -7.09136e+01 -1.46586e+01  2.76552e+01             
       O -6.19999e+01 -2.13148e+01  2.14540e+01             
       H -4.00128e+01 -9.50997e+00  4.01008e+01             
       H -6.19363e+01 -2.16706e+01  2.05438e+01             
       O -6.78253e+01 -1.68751e+01  5.18053e+01             
       H -6.72207e+01 -1.73796e+01  5.23606e+01             
       H -6.73005e+01 -1.61505e+01  5.13105e+01             
       O -6.76877e+01 -1.42849e+01  6.91666e+01             
       H -6.66957e+01 -1.44335e+01  6.90487e+01             
       H -6.77402e+01 -1.38583e+01  7.00694e+01             
192                                                         
# CELL(abcABC):   12.41850    12.41850    12.41850    90.00000    90.00000    90.00000  Step:      200000  Bead:       0 x_centroid{angstrom}  cell{angstrom}   
       O -8.70757e+01 -1.41497e+01  7.38958e+01             
       H -8.65315e+01 -1.44725e+01  7.31108e+01             
       H -8.63517e+01 -1.39528e+01  7.45263e+01             
       O -7.30355e+01 -8.44589e+00  6.33634e+01             
       H -7.35877e+01 -1.86798e+01  5.86535e+01             
       H -7.24937e+01 -8.67486e+00  6.42044e+01             
       O -7.81383e+01 -2.97421e+01  5.53738e+01             
       H -7.78212e+01 -1.63844e+01  5.53974e+01             
       H -7.72935e+01 -3.00549e+01  5.49515e+01             
       O -7.24444e+01 -2.23251e+01  6.12036e+01             
       H -7.18261e+01 -2.31220e+01  6.15624e+01             
       H -7.19680e+01 -2.19829e+01  6.03745e+01             
       O -6.55281e+01 -2.21314e+01  5.38939e+01             
       H -6.51398e+01 -2.13050e+01  5.35097e+01             
       H -6.46538e+01 -2.25885e+01  5.40614e+01             
       O -6.74430e+01 -2.06297e+01  6.78037e+01             
       H -6.67008e+01 -2.10195e+01  6.73305e+01             
       H -6.68634e+01 -2.01209e+01  6.85433e+01             
       O -7.33465e+01 -2.14636e+01  4.24444e+01             
       H -7.26252e+01 -2.14548e+01  4.17570e+01             
       H -6.34726e+01 -8.20472e-01  5.78244e+01             
       O -5.56247e+01 -1.86859e+01  7.11953e+01             
       H -5.50130e+01 -1.82447e+01  7.18434e+01             
       H -5.48300e+01 -3.15783e+01  7.07804e+01             
       O -8.15771e+01 -1.24657e+01  4.82408e+01             
       H -8.06812e+01 -1.29475e+01  4.85491e+01             
       H -8.13026e+01 -1.16976e+01  4.77202e+01             
       O -7.56218e+01 -2.31849e+01  5.42658e+01             
       H -7.51358e+01 -2.38114e+01  5.36573e+01             
       H -7.50352e+01 -2.24624e+01  5.44950e+01             
       O -7.85922e+01 -8.80265e+00  6.02107e+01             
       H -7.80554e+01 -9.26257e+00  6.09356e+01             
       H -7.78637e+01 -8.36871e+00  5.96332e+01             
       O -7.66534e+01 -1.42044e+01  5.27111e+01             
       H -7.58165e+01 -1.36612e+01  5.26283e+01             
       H -6.62141e+01 -1.38142e+01  4.87166e+01             
       O -7.07265e+01 -3.37421e+01  4.64285e+01             
       H -7.04670e+01 -3.28742e+01  4.61939e+01             
       H -6.73767e+01 -2.97767e+01  6.51988e+01             
       O -8.16337e+01 -1.96409e+01  5.37429e+01             
       H -8.09161e+01 -2.01234e+01  5.42968e+01             
       H -8.11809e+01 -1.88260e+01  5.34325e+01             
       O -6.84900e+01 -2.67830e+01  6.58302e+01             
       H -6.77001e+01 -2.66063e+01  6.52467e+01             
       H -6.82572e+01 -2.75931e+01  6.62819e+01             
       O -7.47922e+01 -1.10948e+01  6.10474e+01             
       H -7.38868e+01 -1.05578e+01  6.10601e+01             
       H -7.45301e+01 -1.20755e+01  6.11907e+01             
       O -7.27885e+01 -9.96671e+00  4.49698e+01             
       H -7.20044e+01 -2.19067e+01  4.53613e+01             
       H -7.23671e+01 -1.08409e+01  4.47445e+01             
       O -7.35877e+01 -3.05465e+01  5.02771e+01             
       H -7.31587e+01 -3.13714e+01  5.05112e+01             
       H -7.27750e+01 -3.01281e+01  4.98967e+01             
       O -8.04762e+01 -1.53056e+01  5.78357e+01             
       H -7.98930e+01 -1.58042e+01  5.84049e+01             
       H -8.00011e+01 -1.45037e+01  5.75074e+01             
       O -7.55978e+01  3.79818e+00  5.04143e+01             
       H -5.79835e+01 -1.88349e+01  5.46471e+01             
       H -7.59199e+01  4.61108e+00  5.00059e+01             
       O -6.77875e+01 -1.91479e+01  6.18077e+01             
       H -7.00206e+01 -2.57894e+01  5.93322e+01             
       H -7.95616e+01 -1.97318e+01  6.12821e+01             
       O -6.96066e+01 -3.01422e+01  5.71992e+01             
       H -6.90523e+01 -3.07051e+01  5.78111e+01             
       H -6.92108e+01 -2.92419e+01  5.72156e+01             
       O -7.52289e+01 -2.27592e+01  5.85100e+01             
       H -7.51108e+01 -2.31170e+01  5.94092e+01             
       H -7.42984e+01 -2.24738e+01  5.82098e+01             
       O -7.19990e+01 -4.25179e+01  5.89231e+01             
       H -7.12100e+01 -4.23465e+01  5.83218e+01             
       H -7.14696e+01 -4.26363e+01  7.21537e+01             
       O -7.56636e+01 -5.72710e+00  5.41613e+01             
       H -7.53296e+01 -4.94886e+00  5.35861e+01             
       H -7.48100e+01 -5.97256e+00  5.46978e+01             
       O -6.40942e+01 -2.05815e+01  5.85469e+01             
       H -6.32752e+01 -1.99764e+01  5.84819e+01             
       H -6.36493e+01 -2.15136e+01  5.85309e+01             
       O -7.46264e+01 -2.68279e+01  7.00851e+01             
       H -7.39021e+01 -2.67191e+01  7.07978e+01             
       H -7.41407e+01 -2.65887e+01  6.92731e+01             
       O -8.96758e+01 -2.28505e+01  4.96599e+01             
       H -8.87863e+01 -2.23953e+01  4.98328e+01             
       H -8.95471e+01 -2.37822e+01  4.95267e+01             
       O -7.19967e+01 -3.81212e+00  6.58845e+01             
       H -7.14696e+01 -4.48379e+00  6.64490e+01             
       H -7.14983e+01 -3.67447e+00  6.50265e+01             
       O -7.48042e+01 -1.62356e+01  5.22821e+01             
       H -7.45389e+01 -1.68967e+01  5.16461e+01             
       H -7.39220e+01 -1.61264e+01  4.03264e+01             
       O -6.88133e+01 -1.61339e+01  3.72397e+01             
       H -6.82598e+01 -1.54982e+01  3.68418e+01             
       H -8.07608e+01 -1.69705e+01  3.72915e+01             
       O -5.76003e+01 -2.01922e+01  3.73934e+01             
       H -5.66531e+01 -1.99218e+01  3.71860e+01             
       H -5.78262e+01 -2.08372e+01  3.67134e+01             
       O -7.33054e+01 -2.66114e+01  4.24592e+01             
       H -7.27780e+01 -2.73940e+01  4.22094e+01             
       H -7.26736e+01 -2.60451e+01  5.54007e+01             
       O -6.62388e+01 -1.81642e+01  3.91705e+01             
       H -7.71313e+01 -1.32391e+01  4.72284e+01             
       H -6.57333e+01 -1.74718e+01  3.86878e+01             
       O -7.06026e+01 -2.77240e+01  6.39691e+01             
       H -7.00616e+01 -2.72335e+01  6.47533e+01             
       H -6.98322e+01 -2.82083e+01  6.35521e+01             
       O -6.02893e+01 -1.49264e+01  4.69749e+01             
       H -6.03439e+01 -1.58799e+01  4.68028e+01             
       H -5.94542e+01 -1.45976e+01  4.66085e+01             
       O -6.37885e+01 -2.93228e+01  5.81190e+01             
       H -6.32854e+01 -2.84807e+01  5.79553e+01             
       H -6.29687e+01 -2.98819e+01  5.81562e+01             
       O -7.27143e+01 -1.36341e+01  6.30337e+01             
       H -7.22743e+01 -1.28159e+01  6.28374e+01             
       H -7.19720e+01 -1.42010e+01  6.33165e+01             
       O -5.87837e+01  3.38264e+00  7.80524e+01             
       H -5.82615e+01  2.56369e+00  7.79341e+01             
       H -5.80731e+01  4.09907e+00  7.81360e+01             
       O -6.80414e+01 -2.97561e+01  6.59440e+01             
       H -7.29121e+01 -2.18270e+01  4.32097e+01             
       H -6.74552e+01 -2.98177e+01  6.67529e+01             
       O -7.43989e+01 -1.88099e+01  5.81201e+01             
       H -6.55098e+01 -1.87030e+01  3.95324e+01             
       H -7.41167e+01 -1.88334e+01  5.71228e+01             
       O -6.71547e+01 -1.39992e+01  4.91896e+01             
       H -7.46134e+01 -8.66443e+00  5.05192e+01             
       H -6.70443e+01 -1.37897e+01  5.01475e+01             
       O -6.62503e+01 -2.92071e+01  5.96154e+01             
       H -7.78326e+01 -2.93744e+01  7.14892e+01             
       H -6.00777e+01 -8.79932e+00  6.26280e+01             
       O -1.03928e+02 -1.33469e+01  6.43009e+01             
       H -1.02960e+02 -1.34823e+01  6.44078e+01             
       H -1.04148e+02 -1.24012e+01  6.42191e+01             
       O -7.10199e+01 -3.07120e+01  5.52249e+01             
       H -7.04141e+01 -3.04660e+01  5.59857e+01             
       H -6.72464e+01 -1.89679e+01  6.26543e+01             
       O -7.72030e+01 -1.34821e+01  4.81796e+01             
       H -7.62813e+01 -1.37138e+01  4.84404e+01             
       H -8.63573e+01 -2.57681e+01  2.87731e+01             
       O -8.34305e+01 -2.41116e+01  4.99665e+01             
       H -8.29095e+01 -2.36546e+01  5.07049e+01             
       H -8.27259e+01 -2.44267e+01  4.92897e+01             
       O -6.67148e+01 -2.55077e+01  4.44334e+01             
       H -6.63369e+01 -2.60933e+01  4.37423e+01             
       H -6.59487e+01 -2.53153e+01  4.49830e+01             
       O -5.24464e+01 -2.69244e+01  5.52823e+01             
       H -5.17276e+01 -1.42846e+01  5.58957e+01             
       H -5.21966e+01 -2.68456e+01  5.42874e+01             
       O -7.15525e+01 -1.25898e+01  5.63690e+01             
       H -5.83265e+01 -1.25301e+01  5.57705e+01             
       H -7.11655e+01 -1.29584e+01  5.72078e+01             
       O -6.42308e+01 -1.94057e-01  5.77354e+01             
       H -6.98342e+01 -3.42630e+01  4.65931e+01             
       H -7.61960e+01 -2.66901e+00  5.25121e+01             
       O -7.67568e+01 -2.00020e+01  5.26733e+01             
       H -7.61371e+01 -2.05229e+01  5.20836e+01             
       H -7.60626e+01 -1.94779e+01  5.32188e+01             
       O -7.36242e+01 -6.49535e+00  4.30914e+01             
       H -7.26010e+01 -1.85653e+01  4.28782e+01             
       H -7.35514e+01 -7.46470e+00  4.28878e+01             
       O -8.09873e+01 -2.26365e+01  5.91117e+01             
       H -8.07528e+01 -2.29030e+01  5.81731e+01             
       H -8.02284e+01 -2.21459e+01  5.96003e+01             
       O -6.68273e+01 -2.29741e+01  6.41530e+01             
       H -6.61785e+01 -2.26473e+01  6.48982e+01             
       H -6.62032e+01 -2.28900e+01  6.33912e+01             
       O -8.27147e+01 -2.64018e+01  4.62043e+01             
       H -8.18879e+01 -2.69270e+01  5.84145e+01             
       H -7.84798e+01 -4.12468e+01  4.80448e+01             
       O -6.80541e+01 -2.29958e+01  6.88811e+01             
       H -6.74055e+01 -2.36931e+01  6.90344e+01             
       H -6.75841e+01 -2.21925e+01  6.85511e+01             
       O -6.94677e+01 -2.33863e+01  5.20263e+01             
       H -6.85089e+01 -2.30589e+01  5.18695e+01             
       H -6.94510e+01 -2.41834e+01  5.26559e+01             
       O -8.83243e+01 -1.84505e+01  6.17802e+01             
       H -8.73766e+01 -1.83460e+01  6.22941e+01             
       H -8.80818e+01 -1.87145e+01  6.08765e+01             
       O -6.96920e+01 -2.46934e+01  5.45225e+01             
       H -6.90624e+01 -2.41741e+01  5.50941e+01             
       H -6.92819e+01 -2.55531e+01  5.43531e+01             
       O -8.36233e+01 -1.76891e+01  3.69186e+01             
       H -8.29212e+01 -1.70089e+01  3.70418e+01             
       H -8.32766e+01 -1.85960e+01  3.72084e+01             
       O -7.43536e+01 -2.53326e+01  2.79462e+01             
       H -5.15147e+01 -1.16767e+01  4.55428e+01             
       H -7.37927e+01 -2.54930e+01  2.71584e+01             
       O -7.84430e+01 -1.95171e+01  5.72995e+01             
       H -7.76174e+01 -1.99327e+01  5.76407e+01             
       H -7.81659e+01 -1.87183e+01  5.68025e+01             
       O -7.74927e+01 -1.64867e+01  7.46300e+01             
       H -7.72167e+01 -1.56482e+01  7.48764e+01             
       H -7.67480e+01 -1.70950e+01  7.44831e+01             
