192                                                         
# CELL(abcABC):   12.41850    12.41850    12.41850    90.00000    90.00000    90.00000  Step:           0  Bead:       0 x_centroid{angstrom}  cell{angstrom}   
       O -7.63466e+01 -9.66974e+00  7.09442e+01             
       H -7.67070e+01 -9.90347e+00  7.00419e+01             
       H -7.54541e+01 -1.01055e+01  7.10444e+01             
       O -6.21810e+01 -6.30006e+00  5.58610e+01             
       H -6.52156e+01 -1.76158e+01  5.31709e+01             
       H -6.14344e+01 -5.75053e+00  5.62505e+01             
       O -6.82169e+01 -2.80072e+01  5.12832e+01             
       H -6.78337e+01 -1.50632e+01  5.20580e+01             
       H -6.76033e+01 -2.79631e+01  5.05513e+01             
       O -6.00379e+01 -2.11994e+01  5.53609e+01             
       H -5.92426e+01 -2.14005e+01  5.59151e+01             
       H -5.97502e+01 -2.04424e+01  5.48095e+01             
       O -5.29465e+01 -2.06533e+01  4.79329e+01             
       H -5.22106e+01 -2.01718e+01  4.84642e+01             
       H -5.24315e+01 -2.13807e+01  4.75121e+01             
       O -5.75235e+01 -1.91595e+01  6.32419e+01             
       H -5.68045e+01 -1.95290e+01  6.26762e+01             
       H -5.70570e+01 -1.88323e+01  6.40225e+01             
       O -6.29731e+01 -1.91524e+01  3.65554e+01             
       H -6.22877e+01 -1.89064e+01  3.59762e+01             
       H -5.21395e+01  3.11702e+00  5.06471e+01             
       O -4.69295e+01 -1.84866e+01  6.67015e+01             
       H -4.62057e+01 -1.84456e+01  6.72908e+01             
       H -4.64070e+01 -3.08839e+01  6.58387e+01             
       O -6.92215e+01 -8.52862e+00  4.10062e+01             
       H -6.89925e+01 -8.12263e+00  4.18309e+01             
       H -6.84412e+01 -8.75620e+00  4.04011e+01             
       O -6.81064e+01 -2.35431e+01  4.95129e+01             
       H -6.75247e+01 -2.39482e+01  4.88580e+01             
       H -6.76048e+01 -2.30394e+01  5.01882e+01             
       O -6.94158e+01 -6.41039e+00  5.72858e+01             
       H -6.88908e+01 -6.75747e+00  5.80057e+01             
       H -6.87080e+01 -6.33790e+00  5.65676e+01             
       O -6.60672e+01 -1.18054e+01  4.73623e+01             
       H -6.54874e+01 -1.12134e+01  4.69107e+01             
       H -5.50576e+01 -1.05463e+01  4.42149e+01             
       O -6.17491e+01 -3.18032e+01  3.94966e+01             
       H -6.17608e+01 -3.08515e+01  3.96769e+01             
       H -5.85373e+01 -2.66510e+01  6.10696e+01             
       O -7.16205e+01 -1.74760e+01  4.95159e+01             
       H -7.09977e+01 -1.80710e+01  4.99883e+01             
       H -7.10751e+01 -1.68863e+01  4.89828e+01             
       O -5.79049e+01 -2.46499e+01  5.82182e+01             
       H -5.71049e+01 -2.41293e+01  5.81212e+01             
       H -5.75731e+01 -2.54068e+01  5.86553e+01             
       O -6.42952e+01 -7.07272e+00  5.71957e+01             
       H -6.33350e+01 -6.80187e+00  5.69708e+01             
       H -6.42178e+01 -7.81319e+00  5.77712e+01             
       O -6.33830e+01 -8.17491e+00  4.09871e+01             
       H -6.28935e+01 -2.01250e+01  4.02954e+01             
       H -6.28161e+01 -8.85497e+00  4.13325e+01             
       O -6.39052e+01 -2.36723e+01  4.34391e+01             
       H -6.31591e+01 -2.32746e+01  4.28666e+01             
       H -6.36600e+01 -2.46672e+01  4.35365e+01             
       O -7.24578e+01 -1.14643e+01  5.19055e+01             
       H -7.23087e+01 -1.11074e+01  5.10553e+01             
       H -7.16073e+01 -1.13403e+01  5.23230e+01             
       O -6.51037e+01  8.04859e+00  4.56215e+01             
       H -4.80831e+01 -1.68516e+01  5.04191e+01             
       H -6.41959e+01  8.44136e+00  4.57065e+01             
       O -5.80639e+01 -1.63611e+01  5.77993e+01             
       H -6.09924e+01 -2.23298e+01  5.46291e+01             
       H -6.98517e+01 -1.71157e+01  5.76041e+01             
       O -5.80271e+01 -2.75108e+01  5.40636e+01             
       H -5.76166e+01 -2.84081e+01  5.38871e+01             
       H -5.73847e+01 -2.69959e+01  5.44710e+01             
       O -6.54369e+01 -2.04148e+01  5.51102e+01             
       H -6.50121e+01 -2.00510e+01  5.59043e+01             
       H -6.48326e+01 -2.02102e+01  5.43514e+01             
       O -6.40298e+01 -4.18419e+01  5.43281e+01             
       H -6.34122e+01 -4.25607e+01  5.45461e+01             
       H -6.34179e+01 -4.10824e+01  6.65236e+01             
       O -6.58626e+01 -2.66710e+00  4.96412e+01             
       H -6.54396e+01 -1.84275e+00  4.96999e+01             
       H -6.51615e+01 -3.28548e+00  4.99777e+01             
       O -5.53210e+01 -1.87755e+01  5.54112e+01             
       H -5.48007e+01 -1.78540e+01  5.54569e+01             
       H -5.46492e+01 -1.94267e+01  5.51402e+01             
       O -6.49098e+01 -2.62583e+01  6.50248e+01             
       H -6.40627e+01 -2.65494e+01  6.54030e+01             
       H -6.46912e+01 -2.55713e+01  6.43470e+01             
       O -7.94875e+01 -1.97861e+01  4.60510e+01             
       H -7.88788e+01 -1.99375e+01  4.68291e+01             
       H -7.89517e+01 -1.94117e+01  4.53405e+01             
       O -6.18872e+01 -1.94400e+00  6.11118e+01             
       H -6.16082e+01 -2.64491e+00  6.17523e+01             
       H -6.10463e+01 -1.49794e+00  6.09512e+01             
       O -6.41619e+01 -1.29216e+01  4.93123e+01             
       H -6.33379e+01 -1.33573e+01  4.90712e+01             
       H -6.38246e+01 -1.21980e+01  3.74571e+01             
       O -5.82162e+01 -1.10963e+01  2.91636e+01             
       H -5.73545e+01 -1.15084e+01  2.91375e+01             
       H -7.04229e+01 -1.01700e+01  2.91076e+01             
       O -4.98474e+01 -1.36292e+01  3.14621e+01             
       H -5.01832e+01 -1.42331e+01  3.21514e+01             
       H -4.90215e+01 -1.32437e+01  3.18234e+01             
       O -6.31288e+01 -2.34417e+01  3.86584e+01             
       H -6.27683e+01 -2.37034e+01  3.94800e+01             
       H -6.23502e+01 -2.29481e+01  5.06305e+01             
       O -5.77820e+01 -1.56476e+01  3.55087e+01             
       H -6.61686e+01 -9.77090e+00  4.26396e+01             
       H -5.78712e+01 -1.59292e+01  3.45691e+01             
       O -6.01166e+01 -2.47292e+01  5.68687e+01             
       H -5.92887e+01 -2.46791e+01  5.74094e+01             
       H -5.99191e+01 -2.43107e+01  5.59957e+01             
       O -5.02105e+01 -1.46894e+01  4.14714e+01             
       H -4.93584e+01 -1.45849e+01  4.09469e+01             
       H -5.00334e+01 -1.42844e+01  4.23521e+01             
       O -5.48333e+01 -2.69672e+01  5.36087e+01             
       H -5.40004e+01 -2.66073e+01  5.32509e+01             
       H -5.45507e+01 -2.75294e+01  5.43131e+01             
       O -5.95967e+01 -9.25767e+00  5.93485e+01             
       H -5.90377e+01 -9.12608e+00  5.85407e+01             
       H -5.91411e+01 -9.91208e+00  5.99202e+01             
       O -5.01810e+01  8.99170e+00  7.08352e+01             
       H -4.94331e+01  8.52260e+00  7.03575e+01             
       H -4.98753e+01  9.38894e+00  7.16542e+01             
       O -5.91236e+01 -2.60320e+01  6.15748e+01             
       H -6.24950e+01 -1.95865e+01  3.72403e+01             
       H -5.85978e+01 -2.56556e+01  6.22981e+01             
       O -6.59881e+01 -1.81387e+01  5.27592e+01             
       H -5.68356e+01 -1.55502e+01  3.55542e+01             
       H -6.58004e+01 -1.80475e+01  5.18357e+01             
       O -5.56238e+01 -1.02563e+01  4.50252e+01             
       H -6.48995e+01 -5.34515e+00  4.55406e+01             
       H -5.50365e+01 -1.00095e+01  4.57461e+01             
       O -5.58006e+01 -2.42891e+01  5.38680e+01             
       H -6.78480e+01 -2.51488e+01  6.62170e+01             
       H -4.93092e+01 -7.09871e+00  5.55542e+01             
       O -9.28434e+01 -1.35305e+01  5.87893e+01             
       H -9.20701e+01 -1.29596e+01  5.88176e+01             
       H -9.24813e+01 -1.44078e+01  5.91101e+01             
       O -6.11850e+01 -2.87520e+01  5.08750e+01             
       H -6.06578e+01 -2.81176e+01  5.13851e+01             
       H -5.75572e+01 -1.56876e+01  5.72760e+01             
       O -6.64476e+01 -1.06508e+01  4.29795e+01             
       H -6.55677e+01 -1.10127e+01  4.30342e+01             
       H -7.33398e+01 -2.25131e+01  2.16944e+01             
       O -7.04816e+01 -2.13839e+01  4.45636e+01             
       H -7.02688e+01 -2.04684e+01  4.44889e+01             
       H -6.96065e+01 -2.19012e+01  4.46741e+01             
       O -5.51495e+01 -2.22896e+01  3.93762e+01             
       H -5.51399e+01 -2.31460e+01  3.98102e+01             
       H -5.42715e+01 -2.19735e+01  3.91893e+01             
       O -4.51486e+01 -2.50926e+01  5.10793e+01             
       H -4.45649e+01 -1.33548e+01  5.14450e+01             
       H -4.45641e+01 -2.45442e+01  5.06260e+01             
       O -6.12096e+01 -9.33407e+00  4.99046e+01             
       H -4.82939e+01 -9.80836e+00  4.91720e+01             
       H -6.05777e+01 -9.14892e+00  5.06166e+01             
       O -5.27212e+01  3.51875e+00  5.12874e+01             
       H -6.08573e+01 -3.21904e+01  3.95936e+01             
       H -6.55101e+01  1.85402e-01  4.80410e+01             
       O -6.72197e+01 -1.57866e+01  4.75584e+01             
       H -6.66798e+01 -1.63707e+01  4.69769e+01             
       H -6.66454e+01 -1.54890e+01  4.82685e+01             
       O -6.41400e+01 -4.72018e+00  3.81318e+01             
       H -6.32439e+01 -1.68506e+01  3.83623e+01             
       H -6.40005e+01 -5.35479e+00  3.73971e+01             
       O -7.17998e+01 -2.07813e+01  5.18847e+01             
       H -7.11602e+01 -2.03155e+01  5.12879e+01             
       H -7.12936e+01 -2.11698e+01  5.25713e+01             
       O -6.05262e+01 -1.73413e+01  5.75516e+01             
       H -5.97361e+01 -1.67823e+01  5.74340e+01             
       H -6.04061e+01 -1.78576e+01  5.84058e+01             
       O -7.41346e+01 -2.28113e+01  4.17615e+01             
       H -7.36432e+01 -2.33200e+01  5.34942e+01             
       H -6.75785e+01 -3.63006e+01  4.20423e+01             
       O -5.51102e+01 -1.99859e+01  6.21012e+01             
       H -5.47317e+01 -2.03805e+01  6.28891e+01             
       H -5.43727e+01 -2.01473e+01  6.15243e+01             
       O -6.04613e+01 -1.86674e+01  4.73784e+01             
       H -5.99941e+01 -1.83623e+01  4.81795e+01             
       H -6.01490e+01 -1.95768e+01  4.73030e+01             
       O -7.87105e+01 -1.64719e+01  5.58636e+01             
       H -7.80397e+01 -1.65226e+01  5.52151e+01             
       H -7.82290e+01 -1.66165e+01  5.67034e+01             
       O -5.87129e+01 -2.33457e+01  4.87756e+01             
       H -5.78221e+01 -2.31813e+01  4.90278e+01             
       H -5.88276e+01 -2.42995e+01  4.86213e+01             
       O -7.26317e+01 -1.42796e+01  2.78086e+01             
       H -7.23388e+01 -1.34852e+01  2.73024e+01             
       H -7.18733e+01 -1.44596e+01  2.83985e+01             
       O -6.16545e+01 -2.31097e+01  2.15086e+01             
       H -3.97258e+01 -8.67413e+00  3.96565e+01             
       H -6.13244e+01 -2.35788e+01  2.07129e+01             
       O -6.90031e+01 -1.77216e+01  5.29054e+01             
       H -6.82654e+01 -1.81220e+01  5.33677e+01             
       H -6.85233e+01 -1.71484e+01  5.22833e+01             
       O -6.86641e+01 -1.47503e+01  6.88743e+01             
       H -6.78561e+01 -1.52313e+01  6.87488e+01             
       H -6.84156e+01 -1.39806e+01  6.94615e+01             
192                                                         
# CELL(abcABC):   12.41850    12.41850    12.41850    90.00000    90.00000    90.00000  Step:      200000  Bead:       0 x_centroid{angstrom}  cell{angstrom}   
       O -8.93982e+01 -1.30548e+01  7.77945e+01             
       H -8.96145e+01 -1.32766e+01  7.68708e+01             
       H -8.84206e+01 -1.32528e+01  7.79717e+01             
       O -7.51044e+01 -9.71512e+00  6.30508e+01             
       H -7.68598e+01 -2.04832e+01  5.96368e+01             
       H -7.45904e+01 -9.05633e+00  6.35391e+01             
       O -8.01539e+01 -3.08289e+01  5.81869e+01             
       H -8.02368e+01 -1.86117e+01  5.91018e+01             
       H -7.91615e+01 -3.05210e+01  5.79887e+01             
       O -7.30373e+01 -2.35492e+01  6.19515e+01             
       H -7.22637e+01 -2.37452e+01  6.25118e+01             
       H -7.27232e+01 -2.30749e+01  6.11053e+01             
       O -6.47982e+01 -2.14412e+01  5.49762e+01             
       H -6.38248e+01 -2.13482e+01  5.52126e+01             
       H -6.48223e+01 -2.16449e+01  5.40134e+01             
       O -6.86528e+01 -2.27200e+01  6.90611e+01             
       H -6.78801e+01 -2.30845e+01  6.85365e+01             
       H -6.81100e+01 -2.22203e+01  6.97855e+01             
       O -7.48807e+01 -2.60999e+01  4.33423e+01             
       H -7.45321e+01 -2.62231e+01  4.24336e+01             
       H -6.41283e+01 -6.24531e-01  5.63518e+01             
       O -6.01323e+01 -2.24810e+01  7.17643e+01             
       H -5.98392e+01 -2.16027e+01  7.17265e+01             
       H -5.95137e+01 -3.54832e+01  7.12016e+01             
       O -8.14847e+01 -1.28709e+01  4.70749e+01             
       H -8.09888e+01 -1.21348e+01  4.74930e+01             
       H -8.08131e+01 -1.33585e+01  4.64612e+01             
       O -8.10729e+01 -2.55512e+01  5.42193e+01             
       H -8.01897e+01 -2.60867e+01  5.42050e+01             
       H -8.07037e+01 -2.47386e+01  5.45760e+01             
       O -8.16906e+01 -9.60577e+00  6.28772e+01             
       H -8.09170e+01 -9.33100e+00  6.34017e+01             
       H -8.12900e+01 -9.73045e+00  6.20018e+01             
       O -7.87275e+01 -1.45563e+01  5.41452e+01             
       H -7.79380e+01 -1.40011e+01  5.38771e+01             
       H -6.86427e+01 -1.34772e+01  5.19358e+01             
       O -7.50502e+01 -3.46369e+01  4.55703e+01             
       H -7.41919e+01 -3.46189e+01  4.59893e+01             
       H -7.13111e+01 -2.91849e+01  6.58279e+01             
       O -8.29975e+01 -2.11059e+01  5.53337e+01             
       H -8.22676e+01 -2.17554e+01  5.56198e+01             
       H -8.23795e+01 -2.05093e+01  5.47514e+01             
       O -6.98686e+01 -3.00772e+01  6.52578e+01             
       H -6.91901e+01 -2.96488e+01  6.47097e+01             
       H -6.94218e+01 -3.08010e+01  6.57201e+01             
       O -7.71489e+01 -1.00585e+01  6.50307e+01             
       H -7.65259e+01 -9.89879e+00  6.42466e+01             
       H -7.70238e+01 -1.10702e+01  6.52362e+01             
       O -7.66997e+01 -1.16657e+01  4.65963e+01             
       H -7.60749e+01 -2.34284e+01  4.62603e+01             
       H -7.61525e+01 -1.22725e+01  4.71496e+01             
       O -7.62966e+01 -2.72780e+01  4.92045e+01             
       H -7.57670e+01 -2.65807e+01  4.88923e+01             
       H -7.56466e+01 -2.79826e+01  4.95310e+01             
       O -8.38713e+01 -1.60924e+01  5.90486e+01             
       H -8.31363e+01 -1.60847e+01  5.83885e+01             
       H -8.34034e+01 -1.59020e+01  5.98871e+01             
       O -7.76072e+01  6.55668e+00  5.25140e+01             
       H -5.95396e+01 -2.01043e+01  5.62342e+01             
       H -7.66527e+01  6.40787e+00  5.24687e+01             
       O -7.09930e+01 -1.95046e+01  6.35320e+01             
       H -7.40239e+01 -2.49460e+01  6.09688e+01             
       H -8.27220e+01 -2.01362e+01  6.36827e+01             
       O -7.06227e+01 -3.23412e+01  6.03223e+01             
       H -6.97567e+01 -3.21678e+01  5.99074e+01             
       H -7.05145e+01 -3.21166e+01  6.12306e+01             
       O -7.77878e+01 -2.31298e+01  6.12686e+01             
       H -7.74289e+01 -2.23286e+01  6.16337e+01             
       H -7.71951e+01 -2.33178e+01  6.05182e+01             
       O -7.63796e+01 -4.49328e+01  6.12099e+01             
       H -7.56894e+01 -4.53920e+01  6.17277e+01             
       H -7.58058e+01 -4.41561e+01  7.30926e+01             
       O -7.76982e+01 -5.85749e+00  5.77356e+01             
       H -7.70165e+01 -5.10374e+00  5.77651e+01             
       H -7.72708e+01 -6.67748e+00  5.81929e+01             
       O -6.78708e+01 -2.27885e+01  6.05379e+01             
       H -6.79243e+01 -2.21143e+01  5.98208e+01             
       H -6.70112e+01 -2.29155e+01  6.09230e+01             
       O -7.61383e+01 -2.82428e+01  7.04282e+01             
       H -7.52368e+01 -2.79814e+01  7.05462e+01             
       H -7.64585e+01 -2.76142e+01  6.98004e+01             
       O -9.20705e+01 -2.12399e+01  5.19095e+01             
       H -9.15419e+01 -2.05397e+01  5.14401e+01             
       H -9.13986e+01 -2.17863e+01  5.23124e+01             
       O -7.39951e+01 -4.89805e+00  6.72037e+01             
       H -7.37930e+01 -5.65771e+00  6.77733e+01             
       H -7.31180e+01 -4.54491e+00  6.69182e+01             
       O -7.65273e+01 -1.58575e+01  5.48909e+01             
       H -7.58798e+01 -1.65218e+01  5.47651e+01             
       H -7.60556e+01 -1.51117e+01  4.28572e+01             
       O -7.01934e+01 -1.51390e+01  3.61465e+01             
       H -6.92056e+01 -1.54898e+01  3.65551e+01             
       H -8.22406e+01 -1.43684e+01  3.56865e+01             
       O -6.20005e+01 -1.66906e+01  3.76598e+01             
       H -6.22935e+01 -1.72017e+01  3.84555e+01             
       H -6.11023e+01 -1.63056e+01  3.78269e+01             
       O -7.36264e+01 -2.71265e+01  4.63262e+01             
       H -7.27565e+01 -2.76300e+01  4.65729e+01             
       H -7.33825e+01 -2.66074e+01  5.79356e+01             
       O -6.87027e+01 -1.98342e+01  4.13948e+01             
       H -7.80852e+01 -1.24409e+01  4.99810e+01             
       H -6.82793e+01 -2.02976e+01  4.06726e+01             
       O -7.21496e+01 -2.77048e+01  6.28257e+01             
       H -7.18180e+01 -2.72523e+01  6.36703e+01             
       H -7.13453e+01 -2.77186e+01  6.22407e+01             
       O -6.28290e+01 -1.80426e+01  4.77846e+01             
       H -6.20220e+01 -1.82265e+01  4.71972e+01             
       H -6.23438e+01 -1.75996e+01  4.85162e+01             
       O -6.56206e+01 -2.81118e+01  6.00268e+01             
       H -6.51578e+01 -2.86047e+01  5.93553e+01             
       H -6.48181e+01 -2.77686e+01  6.04914e+01             
       O -7.18761e+01 -1.22984e+01  6.54595e+01             
       H -7.15012e+01 -1.20885e+01  6.45658e+01             
       H -7.11108e+01 -1.26602e+01  6.59125e+01             
       O -6.26104e+01  6.34687e+00  7.71664e+01             
       H -6.20566e+01  5.54785e+00  7.71962e+01             
       H -6.23661e+01  6.83920e+00  7.79993e+01             
       O -7.19328e+01 -2.85788e+01  6.62119e+01             
       H -7.41201e+01 -2.56302e+01  4.37843e+01             
       H -7.13573e+01 -2.80633e+01  6.68558e+01             
       O -7.70954e+01 -2.06808e+01  5.87327e+01             
       H -6.79700e+01 -1.97126e+01  4.20150e+01             
       H -7.62550e+01 -2.11758e+01  5.84265e+01             
       O -6.86753e+01 -1.33490e+01  5.09774e+01             
       H -7.78805e+01 -6.17427e+00  5.33685e+01             
       H -6.77010e+01 -1.32337e+01  5.06854e+01             
       O -6.78411e+01 -2.83569e+01  6.18625e+01             
       H -8.02071e+01 -2.80776e+01  7.52400e+01             
       H -6.19997e+01 -1.03047e+01  6.26364e+01             
       O -1.04585e+02 -1.64071e+01  6.47568e+01             
       H -1.04478e+02 -1.57381e+01  6.54479e+01             
       H -1.03742e+02 -1.68095e+01  6.48166e+01             
       O -7.27036e+01 -3.19150e+01  5.64413e+01             
       H -7.24605e+01 -3.16118e+01  5.73218e+01             
       H -7.07258e+01 -1.87651e+01  6.40627e+01             
       O -7.82103e+01 -1.33279e+01  5.03331e+01             
       H -7.74656e+01 -1.38369e+01  5.00031e+01             
       H -8.56594e+01 -2.58379e+01  2.83817e+01             
       O -8.31579e+01 -2.42197e+01  5.07153e+01             
       H -8.26010e+01 -2.33546e+01  5.07876e+01             
       H -8.25356e+01 -2.49756e+01  5.05787e+01             
       O -6.71925e+01 -2.67864e+01  4.57829e+01             
       H -6.64980e+01 -2.70129e+01  4.65173e+01             
       H -6.67106e+01 -2.62161e+01  4.51458e+01             
       O -5.65733e+01 -2.83863e+01  5.76223e+01             
       H -5.62224e+01 -1.68623e+01  5.77241e+01             
       H -5.57782e+01 -2.78331e+01  5.78054e+01             
       O -7.23655e+01 -1.33546e+01  5.69056e+01             
       H -5.93397e+01 -1.39626e+01  5.63986e+01             
       H -7.17039e+01 -1.26706e+01  5.72872e+01             
       O -6.50339e+01 -5.48820e-01  5.67260e+01             
       H -7.48652e+01 -3.44309e+01  4.44990e+01             
       H -7.81899e+01 -2.79133e+00  5.46682e+01             
       O -7.87547e+01 -1.92406e+01  5.51924e+01             
       H -7.83718e+01 -1.87751e+01  5.59570e+01             
       H -7.81343e+01 -2.00388e+01  5.50551e+01             
       O -7.45377e+01 -9.06356e+00  4.32358e+01             
       H -7.40733e+01 -2.06234e+01  4.34249e+01             
       H -7.37767e+01 -9.52055e+00  4.27335e+01             
       O -8.31257e+01 -2.39260e+01  5.80663e+01             
       H -8.24342e+01 -2.36155e+01  5.73916e+01             
       H -8.25581e+01 -2.44993e+01  5.86706e+01             
       O -7.32601e+01 -2.06226e+01  6.44247e+01             
       H -7.23585e+01 -2.03322e+01  6.40587e+01             
       H -7.29722e+01 -2.10146e+01  6.53013e+01             
       O -8.70708e+01 -2.54626e+01  4.80113e+01             
       H -8.65796e+01 -2.62361e+01  5.99186e+01             
       H -7.94214e+01 -4.07070e+01  4.89290e+01             
       O -6.66325e+01 -2.36304e+01  6.76748e+01             
       H -6.60662e+01 -2.42625e+01  6.81691e+01             
       H -6.60048e+01 -2.28643e+01  6.74943e+01             
       O -7.25375e+01 -2.22599e+01  5.41661e+01             
       H -7.16622e+01 -2.19429e+01  5.45905e+01             
       H -7.22529e+01 -2.31949e+01  5.38070e+01             
       O -9.08789e+01 -1.95342e+01  6.26598e+01             
       H -9.00980e+01 -1.97476e+01  6.20986e+01             
       H -9.05003e+01 -1.90433e+01  6.34674e+01             
       O -7.03479e+01 -2.73220e+01  5.55163e+01             
       H -6.97658e+01 -2.67252e+01  5.49675e+01             
       H -6.96956e+01 -2.77147e+01  5.61658e+01             
       O -8.48529e+01 -1.84235e+01  3.40165e+01             
       H -8.44806e+01 -1.75094e+01  3.40151e+01             
       H -8.42984e+01 -1.89339e+01  3.45945e+01             
       O -7.40383e+01 -2.64540e+01  2.84525e+01             
       H -5.24228e+01 -1.27120e+01  4.52606e+01             
       H -7.35232e+01 -2.73121e+01  2.84175e+01             
       O -7.98130e+01 -2.10639e+01  5.81192e+01             
       H -7.88458e+01 -2.10378e+01  5.82092e+01             
       H -7.99784e+01 -2.01584e+01  5.78629e+01             
       O -8.04466e+01 -1.85997e+01  7.34246e+01             
       H -7.96849e+01 -1.89163e+01  7.40367e+01             
       H -8.07127e+01 -1.77104e+01  7.37316e+01             
