192                                                         
# CELL(abcABC):   12.41850    12.41850    12.41850    90.00000    90.00000    90.00000  Step:           0  Bead:       0 x_centroid{angstrom}  cell{angstrom}   
       O -7.43693e+01 -9.60634e+00  6.75617e+01             
       H -7.43426e+01 -1.01862e+01  6.68437e+01             
       H -7.34816e+01 -9.14426e+00  6.76374e+01             
       O -6.21284e+01 -6.30620e+00  5.72533e+01             
       H -6.28769e+01 -1.61138e+01  5.37564e+01             
       H -6.13000e+01 -5.83297e+00  5.72760e+01             
       O -6.69555e+01 -2.69723e+01  5.05864e+01             
       H -6.65082e+01 -1.43340e+01  5.14488e+01             
       H -6.60974e+01 -2.69667e+01  5.00863e+01             
       O -5.96443e+01 -2.08887e+01  5.48427e+01             
       H -5.87585e+01 -2.09484e+01  5.52716e+01             
       H -5.95266e+01 -2.02124e+01  5.41759e+01             
       O -5.24045e+01 -2.03456e+01  4.75833e+01             
       H -5.16679e+01 -1.97177e+01  4.79328e+01             
       H -5.19287e+01 -2.11983e+01  4.78849e+01             
       O -5.66125e+01 -1.90767e+01  6.27298e+01             
       H -5.58757e+01 -1.94928e+01  6.22382e+01             
       H -5.62037e+01 -1.83426e+01  6.32844e+01             
       O -6.25981e+01 -1.91278e+01  3.62656e+01             
       H -6.17774e+01 -1.90245e+01  3.57252e+01             
       H -5.17149e+01  1.51844e+00  5.20969e+01             
       O -4.69316e+01 -1.67832e+01  6.68548e+01             
       H -4.65325e+01 -1.72140e+01  6.75952e+01             
       H -4.61437e+01 -2.87577e+01  6.64716e+01             
       O -6.88876e+01 -9.91277e+00  4.04733e+01             
       H -6.83582e+01 -9.77775e+00  4.12860e+01             
       H -6.82574e+01 -1.00472e+01  3.96755e+01             
       O -6.37392e+01 -2.24132e+01  4.88996e+01             
       H -6.36869e+01 -2.33308e+01  4.85297e+01             
       H -6.29025e+01 -2.21991e+01  4.91642e+01             
       O -6.75798e+01 -6.38063e+00  5.56456e+01             
       H -6.70307e+01 -6.86676e+00  5.62828e+01             
       H -6.68863e+01 -6.17152e+00  5.49768e+01             
       O -6.49376e+01 -1.04972e+01  4.58381e+01             
       H -6.49625e+01 -9.55161e+00  4.55763e+01             
       H -5.44620e+01 -1.07471e+01  4.32064e+01             
       O -6.03909e+01 -3.11634e+01  4.04924e+01             
       H -6.00056e+01 -3.03422e+01  4.09303e+01             
       H -5.75036e+01 -2.72279e+01  6.02570e+01             
       O -7.07949e+01 -1.73872e+01  4.88954e+01             
       H -7.02665e+01 -1.79577e+01  4.94317e+01             
       H -7.02303e+01 -1.67620e+01  4.84326e+01             
       O -5.63110e+01 -2.40441e+01  5.80958e+01             
       H -5.59061e+01 -2.34973e+01  5.74041e+01             
       H -5.55159e+01 -2.43925e+01  5.85953e+01             
       O -6.37504e+01 -7.71062e+00  5.55138e+01             
       H -6.30979e+01 -7.12663e+00  5.58356e+01             
       H -6.32342e+01 -8.56054e+00  5.53340e+01             
       O -6.20650e+01 -7.81609e+00  3.90009e+01             
       H -6.15332e+01 -1.95836e+01  3.95314e+01             
       H -6.16145e+01 -8.64368e+00  3.90205e+01             
       O -6.37755e+01 -2.53170e+01  4.29146e+01             
       H -6.32573e+01 -2.54101e+01  4.21052e+01             
       H -6.31365e+01 -2.51914e+01  4.36329e+01             
       O -7.04262e+01 -1.19132e+01  5.09829e+01             
       H -6.97458e+01 -1.20104e+01  5.02251e+01             
       H -7.03082e+01 -1.10767e+01  5.14277e+01             
       O -6.38633e+01  8.33166e+00  4.53275e+01             
       H -4.71576e+01 -1.63772e+01  4.97933e+01             
       H -6.30437e+01  8.82639e+00  4.54883e+01             
       O -5.65384e+01 -1.65784e+01  5.69273e+01             
       H -6.00456e+01 -2.20196e+01  5.30771e+01             
       H -6.83483e+01 -1.73791e+01  5.68564e+01             
       O -5.70839e+01 -2.80140e+01  5.35688e+01             
       H -5.65315e+01 -2.85305e+01  5.30074e+01             
       H -5.65619e+01 -2.71796e+01  5.37549e+01             
       O -6.42578e+01 -2.01150e+01  5.28499e+01             
       H -6.37154e+01 -1.99304e+01  5.36407e+01             
       H -6.34279e+01 -2.00419e+01  5.21853e+01             
       O -6.18066e+01 -4.03383e+01  5.47427e+01             
       H -6.10018e+01 -4.08674e+01  5.48698e+01             
       H -6.15720e+01 -3.94446e+01  6.70165e+01             
       O -6.43285e+01 -1.89425e+00  4.92242e+01             
       H -6.38317e+01 -1.12338e+00  4.89676e+01             
       H -6.37300e+01 -2.58590e+00  4.95669e+01             
       O -5.34271e+01 -1.82954e+01  5.36069e+01             
       H -5.27914e+01 -1.75348e+01  5.36317e+01             
       H -5.29253e+01 -1.90962e+01  5.33298e+01             
       O -6.28696e+01 -2.45817e+01  6.44213e+01             
       H -6.22195e+01 -2.48484e+01  6.50786e+01             
       H -6.23553e+01 -2.42667e+01  6.36895e+01             
       O -7.80874e+01 -2.03501e+01  4.47204e+01             
       H -7.78613e+01 -1.99174e+01  4.55427e+01             
       H -7.72749e+01 -2.02526e+01  4.40752e+01             
       O -6.06841e+01 -2.04087e+00  6.04077e+01             
       H -6.05092e+01 -2.45591e+00  6.12799e+01             
       H -5.97345e+01 -1.91439e+00  6.01314e+01             
       O -6.29344e+01 -1.23652e+01  4.79178e+01             
       H -6.28428e+01 -1.20515e+01  4.69771e+01             
       H -6.20567e+01 -1.22250e+01  3.59276e+01             
       O -5.83555e+01 -1.14743e+01  2.95193e+01             
       H -5.78051e+01 -1.22683e+01  2.96210e+01             
       H -7.01480e+01 -1.08819e+01  2.90848e+01             
       O -4.94010e+01 -1.25255e+01  3.25633e+01             
       H -4.91990e+01 -1.35148e+01  3.27405e+01             
       H -4.85453e+01 -1.20707e+01  3.23222e+01             
       O -6.10050e+01 -2.37216e+01  3.75194e+01             
       H -6.03934e+01 -2.44838e+01  3.74356e+01             
       H -6.04594e+01 -2.29046e+01  4.96893e+01             
       O -5.61539e+01 -1.58501e+01  3.51990e+01             
       H -6.58394e+01 -1.10561e+01  4.14697e+01             
       H -5.62046e+01 -1.61671e+01  3.42432e+01             
       O -5.91517e+01 -2.36086e+01  5.69839e+01             
       H -5.84969e+01 -2.38248e+01  5.76471e+01             
       H -5.87357e+01 -2.35683e+01  5.61144e+01             
       O -4.84346e+01 -1.30260e+01  4.14614e+01             
       H -4.77680e+01 -1.34227e+01  4.09253e+01             
       H -4.79018e+01 -1.23568e+01  4.18253e+01             
       O -5.27656e+01 -2.65526e+01  5.25414e+01             
       H -5.21695e+01 -2.61646e+01  5.18896e+01             
       H -5.23049e+01 -2.73780e+01  5.28205e+01             
       O -5.86513e+01 -8.13626e+00  5.84928e+01             
       H -5.83301e+01 -8.16134e+00  5.75682e+01             
       H -5.79748e+01 -8.63493e+00  5.90042e+01             
       O -4.91056e+01  9.53544e+00  7.04771e+01             
       H -4.82982e+01  9.02699e+00  7.01946e+01             
       H -4.88943e+01  9.69811e+00  7.14316e+01             
       O -5.81627e+01 -2.64695e+01  6.01409e+01             
       H -6.22840e+01 -1.94261e+01  3.71496e+01             
       H -5.78297e+01 -2.57996e+01  5.95803e+01             
       O -6.37016e+01 -1.62534e+01  5.32546e+01             
       H -5.52444e+01 -1.56249e+01  3.53771e+01             
       H -6.34937e+01 -1.64359e+01  5.23487e+01             
       O -5.49795e+01 -1.00634e+01  4.37218e+01             
       H -6.36488e+01 -5.01806e+00  4.52699e+01             
       H -5.43102e+01 -9.42307e+00  4.40467e+01             
       O -5.61337e+01 -2.58098e+01  5.45471e+01             
       H -6.83179e+01 -2.61727e+01  6.79067e+01             
       H -4.94758e+01 -7.04047e+00  5.78382e+01             
       O -9.12958e+01 -1.23527e+01  5.96206e+01             
       H -9.06114e+01 -1.17771e+01  5.92460e+01             
       H -9.10165e+01 -1.32748e+01  5.97411e+01             
       O -6.02910e+01 -2.83450e+01  5.03255e+01             
       H -5.97995e+01 -2.76311e+01  5.08252e+01             
       H -5.59254e+01 -1.58156e+01  5.68660e+01             
       O -6.63188e+01 -1.16433e+01  4.20915e+01             
       H -6.56095e+01 -1.21635e+01  4.24754e+01             
       H -7.28779e+01 -2.13750e+01  2.07034e+01             
       O -6.94587e+01 -2.06502e+01  4.35265e+01             
       H -6.88224e+01 -1.99047e+01  4.33439e+01             
       H -6.88640e+01 -2.15088e+01  4.36250e+01             
       O -5.46746e+01 -2.25744e+01  3.84582e+01             
       H -5.50154e+01 -2.32696e+01  3.79230e+01             
       H -5.37996e+01 -2.27806e+01  3.88171e+01             
       O -4.33408e+01 -2.47564e+01  4.93847e+01             
       H -4.27736e+01 -1.29634e+01  4.98129e+01             
       H -4.29167e+01 -2.46683e+01  4.84807e+01             
       O -5.95994e+01 -9.17320e+00  4.93052e+01             
       H -4.63582e+01 -9.31506e+00  4.87567e+01             
       H -5.92255e+01 -8.91079e+00  5.01165e+01             
       O -5.24680e+01  2.08173e+00  5.22987e+01             
       H -5.96311e+01 -3.15383e+01  3.99931e+01             
       H -6.40803e+01  1.62170e+00  4.56034e+01             
       O -6.58735e+01 -1.50520e+01  4.72386e+01             
       H -6.51037e+01 -1.53600e+01  4.67089e+01             
       H -6.54320e+01 -1.47968e+01  4.81020e+01             
       O -6.29696e+01 -4.17884e+00  3.79370e+01             
       H -6.20081e+01 -1.64194e+01  3.80330e+01             
       H -6.30922e+01 -4.92058e+00  3.72957e+01             
       O -7.08017e+01 -2.04092e+01  5.17557e+01             
       H -7.00500e+01 -1.99697e+01  5.13622e+01             
       H -7.04610e+01 -2.10412e+01  5.24067e+01             
       O -5.93128e+01 -1.69299e+01  5.72566e+01             
       H -5.83311e+01 -1.66161e+01  5.72173e+01             
       H -5.93297e+01 -1.77174e+01  5.77772e+01             
       O -7.30862e+01 -2.24138e+01  4.00513e+01             
       H -7.25668e+01 -2.30066e+01  5.19141e+01             
       H -6.77766e+01 -3.76149e+01  4.19365e+01             
       O -5.47693e+01 -2.07348e+01  6.12756e+01             
       H -5.44830e+01 -2.14688e+01  6.19105e+01             
       H -5.39839e+01 -2.03836e+01  6.07908e+01             
       O -6.03467e+01 -1.87607e+01  4.72761e+01             
       H -5.97061e+01 -1.82573e+01  4.77489e+01             
       H -5.97773e+01 -1.94442e+01  4.69216e+01             
       O -7.74486e+01 -1.53918e+01  5.57447e+01             
       H -7.68404e+01 -1.46572e+01  5.55681e+01             
       H -7.69867e+01 -1.60660e+01  5.63538e+01             
       O -5.69647e+01 -2.19153e+01  4.77710e+01             
       H -5.61533e+01 -2.14510e+01  4.79700e+01             
       H -5.66794e+01 -2.27178e+01  4.73123e+01             
       O -7.15862e+01 -1.40523e+01  2.72261e+01             
       H -7.12226e+01 -1.32389e+01  2.67882e+01             
       H -7.08084e+01 -1.45019e+01  2.74821e+01             
       O -6.14320e+01 -2.14751e+01  2.08240e+01             
       H -3.97777e+01 -9.39911e+00  3.97796e+01             
       H -6.17228e+01 -2.21795e+01  2.01739e+01             
       O -6.79450e+01 -1.71635e+01  5.19540e+01             
       H -6.72775e+01 -1.75847e+01  5.24290e+01             
       H -6.75598e+01 -1.65031e+01  5.13849e+01             
       O -6.73322e+01 -1.45121e+01  6.90835e+01             
       H -6.64938e+01 -1.49595e+01  6.87026e+01             
       H -6.70822e+01 -1.38462e+01  6.97940e+01             
192                                                         
# CELL(abcABC):   12.41850    12.41850    12.41850    90.00000    90.00000    90.00000  Step:      200000  Bead:       0 x_centroid{angstrom}  cell{angstrom}   
       O -8.41227e+01 -1.35728e+01  7.18527e+01             
       H -8.32408e+01 -1.38874e+01  7.16627e+01             
       H -8.40285e+01 -1.27058e+01  7.23168e+01             
       O -7.14259e+01 -8.47008e+00  6.36684e+01             
       H -7.21334e+01 -1.74621e+01  5.88298e+01             
       H -7.06037e+01 -8.02031e+00  6.33718e+01             
       O -7.57159e+01 -3.05615e+01  5.58179e+01             
       H -7.51838e+01 -1.76305e+01  5.64288e+01             
       H -7.54012e+01 -3.14653e+01  5.58139e+01             
       O -7.11222e+01 -2.38200e+01  6.08611e+01             
       H -7.03328e+01 -2.40237e+01  6.14209e+01             
       H -7.06573e+01 -2.32861e+01  6.01693e+01             
       O -6.26163e+01 -2.12446e+01  5.26883e+01             
       H -6.18720e+01 -2.05933e+01  5.25698e+01             
       H -6.22601e+01 -2.21491e+01  5.26286e+01             
       O -6.55520e+01 -2.25971e+01  6.84457e+01             
       H -6.49632e+01 -2.32932e+01  6.88381e+01             
       H -6.49763e+01 -2.18372e+01  6.83152e+01             
       O -7.42163e+01 -2.45743e+01  4.33107e+01             
       H -7.37987e+01 -2.38815e+01  4.27300e+01             
       H -6.28943e+01  9.00609e-01  5.98083e+01             
       O -5.68099e+01 -1.91836e+01  7.18319e+01             
       H -5.60091e+01 -1.89468e+01  7.23260e+01             
       H -5.65067e+01 -3.13267e+01  7.09411e+01             
       O -7.86787e+01 -1.16522e+01  4.78793e+01             
       H -7.85641e+01 -1.09210e+01  4.85445e+01             
       H -7.77359e+01 -1.19797e+01  4.77589e+01             
       O -7.47625e+01 -2.69968e+01  5.34119e+01             
       H -7.42032e+01 -2.65106e+01  5.26942e+01             
       H -7.41263e+01 -2.71695e+01  5.41859e+01             
       O -7.81905e+01 -9.05873e+00  6.12780e+01             
       H -7.77042e+01 -8.90232e+00  6.21062e+01             
       H -7.75378e+01 -8.99835e+00  6.05373e+01             
       O -7.32119e+01 -1.34534e+01  5.16917e+01             
       H -7.22567e+01 -1.31511e+01  5.18795e+01             
       H -6.42510e+01 -1.21329e+01  4.94763e+01             
       O -6.99109e+01 -3.45798e+01  4.66613e+01             
       H -6.97071e+01 -3.36140e+01  4.69245e+01             
       H -6.77910e+01 -2.68195e+01  6.44779e+01             
       O -8.04276e+01 -2.12416e+01  5.44844e+01             
       H -7.98492e+01 -2.16349e+01  5.51282e+01             
       H -7.99047e+01 -2.08056e+01  5.37232e+01             
       O -6.70439e+01 -2.39203e+01  6.38081e+01             
       H -6.61066e+01 -2.40261e+01  6.35588e+01             
       H -6.70899e+01 -2.40550e+01  6.48035e+01             
       O -7.32177e+01 -1.02085e+01  6.21312e+01             
       H -7.26302e+01 -9.56764e+00  6.24828e+01             
       H -7.25592e+01 -1.08426e+01  6.17045e+01             
       O -7.22715e+01 -9.85830e+00  4.55466e+01             
       H -7.13708e+01 -2.19072e+01  4.59456e+01             
       H -7.18570e+01 -1.07566e+01  4.52831e+01             
       O -7.56995e+01 -2.71980e+01  4.74506e+01             
       H -7.53291e+01 -2.76095e+01  4.66691e+01             
       H -7.50385e+01 -2.73031e+01  4.81554e+01             
       O -7.94499e+01 -1.61655e+01  5.44892e+01             
       H -7.87576e+01 -1.55801e+01  5.48619e+01             
       H -7.87310e+01 -1.68584e+01  5.41364e+01             
       O -7.43628e+01  6.99673e+00  5.01559e+01             
       H -5.68802e+01 -2.01040e+01  5.49057e+01             
       H -7.34320e+01  7.31512e+00  5.00987e+01             
       O -6.71028e+01 -1.88089e+01  6.12117e+01             
       H -7.13274e+01 -2.53853e+01  5.73932e+01             
       H -7.92029e+01 -1.97008e+01  6.13715e+01             
       O -6.81777e+01 -3.09586e+01  5.69601e+01             
       H -6.74569e+01 -3.15646e+01  5.70427e+01             
       H -6.78136e+01 -3.02381e+01  5.64507e+01             
       O -7.42305e+01 -2.23930e+01  5.96892e+01             
       H -7.40856e+01 -2.22849e+01  6.06223e+01             
       H -7.34036e+01 -2.25152e+01  5.91115e+01             
       O -7.08820e+01 -4.19259e+01  5.96377e+01             
       H -7.03047e+01 -4.27096e+01  5.97661e+01             
       H -7.02689e+01 -4.12176e+01  7.17080e+01             
       O -7.54063e+01 -8.62714e+00  5.55539e+01             
       H -7.52546e+01 -8.69453e+00  5.45611e+01             
       H -7.46377e+01 -9.15589e+00  5.59214e+01             
       O -6.41725e+01 -2.09514e+01  5.93702e+01             
       H -6.37621e+01 -2.00856e+01  5.95307e+01             
       H -6.34126e+01 -2.15784e+01  5.92600e+01             
       O -7.28386e+01 -2.75228e+01  6.77256e+01             
       H -7.23157e+01 -2.67164e+01  6.79082e+01             
       H -7.22533e+01 -2.81774e+01  6.74078e+01             
       O -8.72992e+01 -2.38216e+01  5.14157e+01             
       H -8.66792e+01 -2.45842e+01  5.16527e+01             
       H -8.67435e+01 -2.33337e+01  5.07347e+01             
       O -7.01004e+01 -4.27024e+00  6.41836e+01             
       H -6.95094e+01 -5.04634e+00  6.39444e+01             
       H -6.95150e+01 -3.44483e+00  6.44356e+01             
       O -7.61359e+01 -1.63803e+01  5.17402e+01             
       H -7.55998e+01 -1.66040e+01  5.09670e+01             
       H -7.56398e+01 -1.56792e+01  3.97965e+01             
       O -6.78939e+01 -1.40667e+01  3.67033e+01             
       H -6.71274e+01 -1.43456e+01  3.74450e+01             
       H -7.98587e+01 -1.33124e+01  3.62353e+01             
       O -6.10489e+01 -1.46960e+01  3.70039e+01             
       H -6.07093e+01 -1.55597e+01  3.71754e+01             
       H -6.03782e+01 -1.44364e+01  3.62755e+01             
       O -7.17237e+01 -3.00975e+01  4.14598e+01             
       H -7.11307e+01 -3.06838e+01  4.19942e+01             
       H -7.11168e+01 -2.96946e+01  5.31763e+01             
       O -6.67752e+01 -1.98155e+01  4.02554e+01             
       H -7.64627e+01 -1.52710e+01  4.45782e+01             
       H -6.61164e+01 -1.91120e+01  4.05883e+01             
       O -6.92751e+01 -2.46947e+01  6.27940e+01             
       H -6.83629e+01 -2.43173e+01  6.32039e+01             
       H -6.87740e+01 -2.54722e+01  6.23463e+01             
       O -5.68718e+01 -1.50042e+01  4.68054e+01             
       H -5.61790e+01 -1.50719e+01  4.61392e+01             
       H -5.65083e+01 -1.48047e+01  4.76623e+01             
       O -6.22803e+01 -2.82700e+01  5.73645e+01             
       H -6.16896e+01 -2.78682e+01  5.67397e+01             
       H -6.16353e+01 -2.90403e+01  5.77387e+01             
       O -7.28145e+01 -1.00334e+01  6.71318e+01             
       H -7.19374e+01 -1.01320e+01  6.66873e+01             
       H -7.25041e+01 -9.68963e+00  6.80055e+01             
       O -5.94483e+01  7.93633e+00  7.45401e+01             
       H -5.88799e+01  7.95256e+00  7.36933e+01             
       H -5.88251e+01  8.00368e+00  7.53310e+01             
       O -6.84542e+01 -2.72977e+01  6.49457e+01             
       H -7.34301e+01 -2.47069e+01  4.38514e+01             
       H -6.77550e+01 -2.77183e+01  6.55717e+01             
       O -7.30167e+01 -1.77674e+01  5.83275e+01             
       H -6.61558e+01 -2.05423e+01  3.99970e+01             
       H -7.26251e+01 -1.84649e+01  5.76731e+01             
       O -6.45605e+01 -1.20365e+01  5.04034e+01             
       H -7.42543e+01 -5.99885e+00  5.09020e+01             
       H -6.37311e+01 -1.17730e+01  5.09453e+01             
       O -6.69852e+01 -2.84274e+01  5.80144e+01             
       H -7.87147e+01 -2.87500e+01  7.10899e+01             
       H -5.87707e+01 -8.99983e+00  6.44673e+01             
       O -1.03216e+02 -1.44655e+01  6.33579e+01             
       H -1.02458e+02 -1.51074e+01  6.35088e+01             
       H -1.02779e+02 -1.36064e+01  6.32093e+01             
       O -6.99535e+01 -3.18268e+01  5.52903e+01             
       H -6.93762e+01 -3.13535e+01  5.59348e+01             
       H -6.64280e+01 -1.82000e+01  6.11091e+01             
       O -7.72720e+01 -1.48329e+01  4.42860e+01             
       H -7.71459e+01 -1.39233e+01  4.44872e+01             
       H -8.27477e+01 -2.63623e+01  2.79287e+01             
       O -8.27533e+01 -2.23757e+01  5.35985e+01             
       H -8.18916e+01 -2.19878e+01  5.38593e+01             
       H -8.25549e+01 -2.33270e+01  5.36775e+01             
       O -6.40036e+01 -2.45481e+01  4.45157e+01             
       H -6.37504e+01 -2.44468e+01  4.54184e+01             
       H -6.30626e+01 -2.44872e+01  4.40664e+01             
       O -5.26143e+01 -3.01098e+01  5.35051e+01             
       H -5.21453e+01 -1.78825e+01  5.43065e+01             
       H -5.20216e+01 -2.95979e+01  5.28340e+01             
       O -6.90289e+01 -1.15296e+01  5.57371e+01             
       H -5.60640e+01 -1.19609e+01  5.50148e+01             
       H -6.83635e+01 -1.16159e+01  5.64555e+01             
       O -6.36550e+01  3.08870e-01  5.96538e+01             
       H -6.90322e+01 -3.49598e+01  4.62652e+01             
       H -7.31763e+01 -1.45507e+00  5.07965e+01             
       O -7.74143e+01 -2.16548e+01  5.18802e+01             
       H -7.64853e+01 -2.14187e+01  5.21570e+01             
       H -7.75194e+01 -2.26466e+01  5.20708e+01             
       O -7.22651e+01 -7.39537e+00  4.39667e+01             
       H -7.12480e+01 -1.96786e+01  4.35832e+01             
       H -7.22112e+01 -8.18295e+00  4.45377e+01             
       O -8.01778e+01 -2.33102e+01  5.82861e+01             
       H -7.95467e+01 -2.28144e+01  5.77314e+01             
       H -7.95971e+01 -2.36741e+01  5.90963e+01             
       O -6.88121e+01 -1.91859e+01  6.32632e+01             
       H -6.83644e+01 -1.89109e+01  6.24400e+01             
       H -6.80535e+01 -1.94687e+01  6.38335e+01             
       O -8.40161e+01 -2.47318e+01  4.43140e+01             
       H -8.30968e+01 -2.45010e+01  5.63093e+01             
       H -7.88804e+01 -4.04459e+01  4.48885e+01             
       O -6.46159e+01 -2.63143e+01  6.64376e+01             
       H -6.36450e+01 -2.66405e+01  6.61357e+01             
       H -6.45667e+01 -2.66576e+01  6.73717e+01             
       O -7.33515e+01 -1.93809e+01  5.22843e+01             
       H -7.26270e+01 -1.98423e+01  5.18218e+01             
       H -7.28773e+01 -1.86856e+01  5.28718e+01             
       O -8.78592e+01 -1.86170e+01  5.98973e+01             
       H -8.70035e+01 -1.85122e+01  5.94602e+01             
       H -8.75047e+01 -1.83306e+01  6.08223e+01             
       O -6.66244e+01 -2.45988e+01  5.39414e+01             
       H -6.61564e+01 -2.40403e+01  5.45951e+01             
       H -6.59858e+01 -2.52759e+01  5.38174e+01             
       O -8.22777e+01 -1.60001e+01  3.09600e+01             
       H -8.13297e+01 -1.60406e+01  3.08774e+01             
       H -8.25909e+01 -1.60458e+01  3.00309e+01             
       O -7.07745e+01 -2.55233e+01  2.76342e+01             
       H -5.08241e+01 -1.30162e+01  4.71801e+01             
       H -7.01906e+01 -2.52287e+01  2.67904e+01             
       O -7.78906e+01 -1.97075e+01  5.72234e+01             
       H -7.75125e+01 -2.03724e+01  5.78457e+01             
       H -7.71879e+01 -1.90356e+01  5.70371e+01             
       O -7.75453e+01 -1.69963e+01  7.25868e+01             
       H -7.70171e+01 -1.62020e+01  7.28809e+01             
       H -7.68043e+01 -1.74945e+01  7.21646e+01             
