192                                                         
# CELL(abcABC):   12.41850    12.41850    12.41850    90.00000    90.00000    90.00000  Step:           0  Bead:       0 x_centroid{angstrom}  cell{angstrom}   
       O -7.56434e+01 -9.85072e+00  6.97468e+01             
       H -7.58021e+01 -1.04817e+01  6.90070e+01             
       H -7.46749e+01 -9.92503e+00  7.00421e+01             
       O -6.17088e+01 -6.72410e+00  5.66635e+01             
       H -6.38725e+01 -1.69140e+01  5.44810e+01             
       H -6.11953e+01 -6.22627e+00  5.73190e+01             
       O -6.69910e+01 -2.73890e+01  5.07389e+01             
       H -6.67782e+01 -1.45118e+01  5.15528e+01             
       H -6.61105e+01 -2.72973e+01  5.02841e+01             
       O -6.02681e+01 -2.08530e+01  5.50413e+01             
       H -5.92890e+01 -2.10195e+01  5.52418e+01             
       H -6.02662e+01 -2.03391e+01  5.42222e+01             
       O -5.39920e+01 -1.97871e+01  4.85691e+01             
       H -5.38407e+01 -1.89816e+01  4.90608e+01             
       H -5.31382e+01 -2.03327e+01  4.87198e+01             
       O -5.72844e+01 -1.88069e+01  6.21126e+01             
       H -5.67562e+01 -1.96724e+01  6.22219e+01             
       H -5.69032e+01 -1.81011e+01  6.26378e+01             
       O -6.34947e+01 -1.90217e+01  3.72353e+01             
       H -6.27856e+01 -1.89223e+01  3.65534e+01             
       H -5.25835e+01  1.06417e+00  5.29193e+01             
       O -4.70475e+01 -1.67065e+01  6.62851e+01             
       H -4.63726e+01 -1.66513e+01  6.69391e+01             
       H -4.66877e+01 -2.84755e+01  6.56830e+01             
       O -6.98684e+01 -9.25844e+00  4.05094e+01             
       H -6.96493e+01 -8.88500e+00  4.13991e+01             
       H -6.91159e+01 -9.71892e+00  4.01173e+01             
       O -6.48072e+01 -2.18344e+01  4.91591e+01             
       H -6.47656e+01 -2.24325e+01  4.84020e+01             
       H -6.38838e+01 -2.19176e+01  4.95235e+01             
       O -6.83854e+01 -6.25588e+00  5.57053e+01             
       H -6.77992e+01 -6.45326e+00  5.64712e+01             
       H -6.77461e+01 -6.32067e+00  5.49542e+01             
       O -6.43309e+01 -1.17147e+01  4.68321e+01             
       H -6.38704e+01 -1.11850e+01  4.62181e+01             
       H -5.50376e+01 -1.01673e+01  4.41923e+01             
       O -6.09500e+01 -3.13417e+01  4.04800e+01             
       H -6.05897e+01 -3.05040e+01  4.08810e+01             
       H -5.74367e+01 -2.68695e+01  6.00888e+01             
       O -7.14354e+01 -1.75074e+01  4.80910e+01             
       H -7.08944e+01 -1.82439e+01  4.84217e+01             
       H -7.07296e+01 -1.69372e+01  4.78524e+01             
       O -5.69523e+01 -2.40934e+01  5.85476e+01             
       H -5.64825e+01 -2.34098e+01  5.80121e+01             
       H -5.62368e+01 -2.46391e+01  5.88893e+01             
       O -6.46359e+01 -7.59451e+00  5.66704e+01             
       H -6.39921e+01 -6.90988e+00  5.68006e+01             
       H -6.39773e+01 -8.31742e+00  5.68979e+01             
       O -6.26895e+01 -8.17729e+00  3.96914e+01             
       H -6.20258e+01 -1.98791e+01  3.99357e+01             
       H -6.21407e+01 -8.96679e+00  3.97725e+01             
       O -6.33802e+01 -2.42479e+01  4.30477e+01             
       H -6.30574e+01 -2.38206e+01  4.22347e+01             
       H -6.26074e+01 -2.48116e+01  4.33280e+01             
       O -7.12395e+01 -1.16275e+01  5.03455e+01             
       H -7.05642e+01 -1.17583e+01  5.09937e+01             
       H -7.09243e+01 -1.10423e+01  4.96603e+01             
       O -6.38787e+01  7.90713e+00  4.62247e+01             
       H -4.77787e+01 -1.70378e+01  4.98928e+01             
       H -6.30933e+01  8.47961e+00  4.63302e+01             
       O -5.77281e+01 -1.66767e+01  5.61105e+01             
       H -6.10379e+01 -2.24662e+01  5.40786e+01             
       H -6.94254e+01 -1.73820e+01  5.59789e+01             
       O -5.76737e+01 -2.73195e+01  5.25491e+01             
       H -5.70021e+01 -2.79945e+01  5.22849e+01             
       H -5.72548e+01 -2.67784e+01  5.31809e+01             
       O -6.47388e+01 -2.07604e+01  5.36171e+01             
       H -6.44635e+01 -2.02997e+01  5.43953e+01             
       H -6.40724e+01 -2.07478e+01  5.29318e+01             
       O -6.23169e+01 -4.17651e+01  5.52188e+01             
       H -6.20145e+01 -4.26148e+01  5.55460e+01             
       H -6.14950e+01 -4.14182e+01  6.72506e+01             
       O -6.46427e+01 -2.43082e+00  4.99706e+01             
       H -6.42555e+01 -1.67213e+00  4.94929e+01             
       H -6.39332e+01 -2.99520e+00  5.03675e+01             
       O -5.42858e+01 -1.87120e+01  5.36300e+01             
       H -5.34928e+01 -1.81330e+01  5.38715e+01             
       H -5.38003e+01 -1.95168e+01  5.35659e+01             
       O -6.37450e+01 -2.50930e+01  6.49891e+01             
       H -6.29033e+01 -2.54969e+01  6.53310e+01             
       H -6.38577e+01 -2.55658e+01  6.41449e+01             
       O -7.95188e+01 -1.97074e+01  4.53944e+01             
       H -7.94238e+01 -1.95032e+01  4.63360e+01             
       H -7.86086e+01 -1.97610e+01  4.49823e+01             
       O -6.07690e+01 -1.56885e+00  6.05637e+01             
       H -6.05711e+01 -2.23713e+00  6.12847e+01             
       H -5.98454e+01 -1.27427e+00  6.03240e+01             
       O -6.30744e+01 -1.28779e+01  4.89818e+01             
       H -6.21652e+01 -1.31411e+01  4.86604e+01             
       H -6.28068e+01 -1.21856e+01  3.73369e+01             
       O -5.85232e+01 -1.19256e+01  2.93857e+01             
       H -5.76053e+01 -1.22220e+01  2.95745e+01             
       H -7.07288e+01 -1.12104e+01  2.87902e+01             
       O -4.90134e+01 -1.37323e+01  3.14163e+01             
       H -4.93086e+01 -1.43059e+01  3.22172e+01             
       H -4.82823e+01 -1.33121e+01  3.18680e+01             
       O -6.23854e+01 -2.29718e+01  3.80209e+01             
       H -6.19679e+01 -2.30518e+01  3.88766e+01             
       H -6.16333e+01 -2.25887e+01  4.98952e+01             
       O -5.67000e+01 -1.58131e+01  3.39253e+01             
       H -6.54974e+01 -1.12284e+01  4.32509e+01             
       H -5.59314e+01 -1.55536e+01  3.33661e+01             
       O -5.93261e+01 -2.44644e+01  5.71747e+01             
       H -5.84832e+01 -2.44609e+01  5.77623e+01             
       H -5.90828e+01 -2.43682e+01  5.62244e+01             
       O -4.90449e+01 -1.36893e+01  4.11580e+01             
       H -4.82664e+01 -1.38611e+01  4.05567e+01             
       H -4.88000e+01 -1.35935e+01  4.20741e+01             
       O -5.35151e+01 -2.66708e+01  5.35366e+01             
       H -5.26888e+01 -2.61624e+01  5.33042e+01             
       H -5.32087e+01 -2.74834e+01  5.39689e+01             
       O -5.93242e+01 -7.70703e+00  5.86510e+01             
       H -5.89537e+01 -7.71735e+00  5.77602e+01             
       H -5.86765e+01 -8.30234e+00  5.91383e+01             
       O -4.90867e+01  9.36051e+00  7.09049e+01             
       H -4.83777e+01  8.67609e+00  7.06079e+01             
       H -4.86661e+01  9.83034e+00  7.16661e+01             
       O -5.79360e+01 -2.61769e+01  6.05306e+01             
       H -6.32369e+01 -1.96773e+01  3.78980e+01             
       H -5.73199e+01 -2.56987e+01  6.10672e+01             
       O -6.46637e+01 -1.71111e+01  5.39069e+01             
       H -5.63859e+01 -1.63808e+01  3.46348e+01             
       H -6.43216e+01 -1.70427e+01  5.30543e+01             
       O -5.57642e+01 -9.71056e+00  4.46644e+01             
       H -6.37398e+01 -5.30031e+00  4.67296e+01             
       H -5.52679e+01 -8.98648e+00  4.52320e+01             
       O -5.61757e+01 -2.57036e+01  5.43602e+01             
       H -6.83576e+01 -2.60618e+01  6.77264e+01             
       H -4.86755e+01 -7.39836e+00  5.62430e+01             
       O -9.15730e+01 -1.28935e+01  5.96112e+01             
       H -9.08283e+01 -1.23225e+01  5.93752e+01             
       H -9.11612e+01 -1.37691e+01  5.94951e+01             
       O -6.07068e+01 -2.85899e+01  5.01021e+01             
       H -6.01725e+01 -2.79834e+01  5.06438e+01             
       H -5.72499e+01 -1.59026e+01  5.64400e+01             
       O -6.60340e+01 -1.11136e+01  4.40622e+01             
       H -6.54395e+01 -1.05219e+01  4.45386e+01             
       H -7.28498e+01 -2.20025e+01  2.15610e+01             
       O -7.01210e+01 -2.07818e+01  4.35616e+01             
       H -6.96541e+01 -1.99175e+01  4.33524e+01             
       H -6.94227e+01 -2.14025e+01  4.39457e+01             
       O -5.54655e+01 -2.32798e+01  3.90794e+01             
       H -5.54046e+01 -2.39966e+01  3.83525e+01             
       H -5.46626e+01 -2.33100e+01  3.95901e+01             
       O -4.33456e+01 -2.53150e+01  4.94734e+01             
       H -4.30351e+01 -1.36938e+01  4.98947e+01             
       H -4.26841e+01 -2.51333e+01  4.87439e+01             
       O -6.04888e+01 -9.11095e+00  4.90445e+01             
       H -4.72689e+01 -9.40243e+00  4.85313e+01             
       H -6.02194e+01 -8.61751e+00  4.98461e+01             
       O -5.32675e+01  1.68563e+00  5.32419e+01             
       H -6.02884e+01 -3.16599e+01  3.98387e+01             
       H -6.36786e+01  4.64814e-01  4.75229e+01             
       O -6.58528e+01 -1.53899e+01  4.73808e+01             
       H -6.52616e+01 -1.59765e+01  4.68510e+01             
       H -6.54050e+01 -1.52554e+01  4.82217e+01             
       O -6.33153e+01 -4.16750e+00  3.90796e+01             
       H -6.23661e+01 -1.64119e+01  3.89408e+01             
       H -6.33699e+01 -4.96789e+00  3.84950e+01             
       O -7.15704e+01 -2.01749e+01  5.13532e+01             
       H -7.09825e+01 -1.96548e+01  5.07712e+01             
       H -7.09387e+01 -2.07398e+01  5.18053e+01             
       O -5.98428e+01 -1.73341e+01  5.78052e+01             
       H -5.90551e+01 -1.71211e+01  5.71785e+01             
       H -5.94482e+01 -1.77511e+01  5.85632e+01             
       O -7.38573e+01 -2.30148e+01  4.09477e+01             
       H -7.32294e+01 -2.35805e+01  5.30120e+01             
       H -6.76923e+01 -3.82160e+01  4.15266e+01             
       O -5.60924e+01 -2.10696e+01  6.20551e+01             
       H -5.56754e+01 -2.17317e+01  6.26281e+01             
       H -5.52737e+01 -2.07808e+01  6.16298e+01             
       O -6.16383e+01 -1.87107e+01  4.77140e+01             
       H -6.08883e+01 -1.81424e+01  4.76391e+01             
       H -6.12153e+01 -1.95930e+01  4.77818e+01             
       O -7.77237e+01 -1.54862e+01  5.64122e+01             
       H -7.69828e+01 -1.49663e+01  5.60940e+01             
       H -7.73459e+01 -1.61712e+01  5.69774e+01             
       O -5.80506e+01 -2.23142e+01  4.78594e+01             
       H -5.72408e+01 -2.20977e+01  4.83787e+01             
       H -5.78634e+01 -2.31069e+01  4.73447e+01             
       O -7.21429e+01 -1.38267e+01  2.65292e+01             
       H -7.19356e+01 -1.30290e+01  2.59908e+01             
       H -7.12909e+01 -1.40576e+01  2.69540e+01             
       O -6.08784e+01 -2.28349e+01  2.13014e+01             
       H -4.04721e+01 -9.86347e+00  4.11041e+01             
       H -6.03719e+01 -2.33868e+01  2.06556e+01             
       O -6.84660e+01 -1.70597e+01  5.15687e+01             
       H -6.78108e+01 -1.75118e+01  5.22346e+01             
       H -6.78664e+01 -1.64848e+01  5.10513e+01             
       O -6.77003e+01 -1.44805e+01  6.94824e+01             
       H -6.67624e+01 -1.47154e+01  6.92916e+01             
       H -6.75810e+01 -1.36439e+01  7.00096e+01             
192                                                         
# CELL(abcABC):   12.41850    12.41850    12.41850    90.00000    90.00000    90.00000  Step:      200000  Bead:       0 x_centroid{angstrom}  cell{angstrom}   
       O -8.73266e+01 -1.46609e+01  7.52221e+01             
       H -8.70255e+01 -1.44767e+01  7.43173e+01             
       H -8.65801e+01 -1.44935e+01  7.58409e+01             
       O -7.46592e+01 -9.68806e+00  6.30392e+01             
       H -7.48981e+01 -1.84357e+01  6.09749e+01             
       H -7.38837e+01 -9.59772e+00  6.37141e+01             
       O -7.79908e+01 -3.09150e+01  5.75608e+01             
       H -7.76689e+01 -1.81612e+01  5.83819e+01             
       H -7.73007e+01 -3.14095e+01  5.69729e+01             
       O -7.27625e+01 -2.38389e+01  6.17032e+01             
       H -7.24670e+01 -2.40784e+01  6.25983e+01             
       H -7.18743e+01 -2.36521e+01  6.12607e+01             
       O -6.47152e+01 -2.41056e+01  5.41055e+01             
       H -6.43037e+01 -2.33569e+01  5.45534e+01             
       H -6.39755e+01 -2.47453e+01  5.41433e+01             
       O -6.79833e+01 -2.19208e+01  6.90572e+01             
       H -6.74505e+01 -2.26790e+01  6.87266e+01             
       H -6.73876e+01 -2.14372e+01  6.97120e+01             
       O -7.53697e+01 -2.21062e+01  4.31716e+01             
       H -7.45082e+01 -2.18388e+01  4.27944e+01             
       H -6.49517e+01 -8.32746e-01  5.85423e+01             
       O -5.91133e+01 -2.08019e+01  7.33622e+01             
       H -5.89744e+01 -2.11616e+01  7.42381e+01             
       H -5.82575e+01 -3.29671e+01  7.30536e+01             
       O -8.16154e+01 -1.33951e+01  4.58593e+01             
       H -8.10845e+01 -1.36529e+01  4.67148e+01             
       H -8.11330e+01 -1.37027e+01  4.50645e+01             
       O -7.48054e+01 -2.57077e+01  5.45162e+01             
       H -7.42827e+01 -2.54595e+01  5.53362e+01             
       H -7.41575e+01 -2.61060e+01  5.37961e+01             
       O -8.06956e+01 -9.88833e+00  6.32418e+01             
       H -7.99990e+01 -1.04438e+01  6.36853e+01             
       H -8.02090e+01 -8.98667e+00  6.30527e+01             
       O -7.85950e+01 -1.50772e+01  5.38270e+01             
       H -7.80155e+01 -1.53631e+01  5.30804e+01             
       H -6.80301e+01 -1.36482e+01  5.02065e+01             
       O -7.22841e+01 -3.44294e+01  4.62036e+01             
       H -7.20015e+01 -3.41231e+01  4.70805e+01             
       H -7.05790e+01 -2.93477e+01  6.59760e+01             
       O -8.12506e+01 -2.10710e+01  5.43122e+01             
       H -8.08377e+01 -2.12743e+01  5.52542e+01             
       H -8.04817e+01 -2.06220e+01  5.38770e+01             
       O -6.90616e+01 -2.65166e+01  6.57888e+01             
       H -6.87237e+01 -2.63525e+01  6.48769e+01             
       H -6.82844e+01 -2.67323e+01  6.63810e+01             
       O -7.62102e+01 -1.18314e+01  6.26966e+01             
       H -7.56299e+01 -1.11050e+01  6.29846e+01             
       H -7.55840e+01 -1.26148e+01  6.25722e+01             
       O -7.46074e+01 -1.07399e+01  4.56464e+01             
       H -7.38369e+01 -2.25888e+01  4.59553e+01             
       H -7.40495e+01 -1.14995e+01  4.54087e+01             
       O -7.85164e+01 -2.83014e+01  4.90637e+01             
       H -7.78688e+01 -2.86121e+01  4.83835e+01             
       H -7.80219e+01 -2.80840e+01  4.98773e+01             
       O -8.43001e+01 -1.43536e+01  5.81504e+01             
       H -8.33550e+01 -1.41125e+01  5.82779e+01             
       H -8.44010e+01 -1.53563e+01  5.81797e+01             
       O -7.64984e+01  4.44566e+00  5.15640e+01             
       H -5.81966e+01 -1.89225e+01  5.54465e+01             
       H -7.57577e+01  3.97766e+00  5.11558e+01             
       O -7.04322e+01 -2.03573e+01  6.38818e+01             
       H -7.36478e+01 -2.51394e+01  6.10027e+01             
       H -8.22449e+01 -2.10920e+01  6.41177e+01             
       O -6.91028e+01 -3.22424e+01  6.02857e+01             
       H -6.83262e+01 -3.24997e+01  5.97720e+01             
       H -6.87420e+01 -3.18572e+01  6.10355e+01             
       O -7.66310e+01 -2.33961e+01  5.98027e+01             
       H -7.62870e+01 -2.38829e+01  6.06215e+01             
       H -7.57796e+01 -2.32973e+01  5.92029e+01             
       O -7.35321e+01 -4.32987e+01  6.24411e+01             
       H -7.28948e+01 -4.38545e+01  6.19648e+01             
       H -7.30073e+01 -4.24139e+01  7.49634e+01             
       O -7.66960e+01 -7.58174e+00  5.57649e+01             
       H -7.61043e+01 -8.45768e+00  5.58317e+01             
       H -7.62490e+01 -7.03275e+00  5.51488e+01             
       O -6.49012e+01 -2.08322e+01  6.01191e+01             
       H -6.41582e+01 -2.02320e+01  6.00150e+01             
       H -6.45133e+01 -2.17584e+01  6.00361e+01             
       O -7.60989e+01 -2.66186e+01  7.08629e+01             
       H -7.54003e+01 -2.62354e+01  7.14355e+01             
       H -7.59268e+01 -2.66901e+01  6.99417e+01             
       O -9.09672e+01 -2.41351e+01  5.15677e+01             
       H -9.05179e+01 -2.37667e+01  5.23781e+01             
       H -9.00860e+01 -2.44072e+01  5.10786e+01             
       O -7.32911e+01 -5.66341e+00  6.67262e+01             
       H -7.24041e+01 -6.19907e+00  6.68202e+01             
       H -7.28372e+01 -4.90618e+00  6.63234e+01             
       O -7.62582e+01 -1.50537e+01  5.56362e+01             
       H -7.56221e+01 -1.43407e+01  5.52093e+01             
       H -7.59745e+01 -1.59551e+01  4.30966e+01             
       O -7.07204e+01 -1.43955e+01  3.67000e+01             
       H -7.04124e+01 -1.34922e+01  3.66566e+01             
       H -8.26052e+01 -1.49378e+01  3.60337e+01             
       O -6.45004e+01 -1.58934e+01  3.93352e+01             
       H -6.38494e+01 -1.66404e+01  3.95512e+01             
       H -6.37771e+01 -1.53498e+01  3.89237e+01             
       O -7.35354e+01 -2.52655e+01  4.44214e+01             
       H -7.30372e+01 -2.60019e+01  4.48983e+01             
       H -7.27322e+01 -2.48426e+01  5.63927e+01             
       O -6.94429e+01 -1.80866e+01  3.93689e+01             
       H -7.91992e+01 -1.32754e+01  4.73560e+01             
       H -6.88879e+01 -1.80548e+01  3.85896e+01             
       O -7.22038e+01 -2.85713e+01  6.29426e+01             
       H -7.16277e+01 -2.87995e+01  6.37717e+01             
       H -7.15116e+01 -2.80910e+01  6.25433e+01             
       O -5.93328e+01 -1.70534e+01  4.64090e+01             
       H -5.87612e+01 -1.76652e+01  4.58846e+01             
       H -5.88894e+01 -1.67861e+01  4.71908e+01             
       O -6.46071e+01 -2.91952e+01  5.95211e+01             
       H -6.41193e+01 -2.85143e+01  5.90325e+01             
       H -6.39406e+01 -2.99556e+01  5.98474e+01             
       O -7.15582e+01 -1.22824e+01  6.40748e+01             
       H -7.07632e+01 -1.27351e+01  6.36969e+01             
       H -7.10441e+01 -1.16536e+01  6.46088e+01             
       O -6.28500e+01  6.66008e+00  7.69931e+01             
       H -6.21684e+01  6.58405e+00  7.62129e+01             
       H -6.23163e+01  6.76376e+00  7.78274e+01             
       O -7.08620e+01 -2.84680e+01  6.60284e+01             
       H -7.50496e+01 -2.25745e+01  4.39217e+01             
       H -7.01577e+01 -2.78205e+01  6.58303e+01             
       O -7.55031e+01 -1.86835e+01  6.02516e+01             
       H -6.88462e+01 -1.78551e+01  4.01016e+01             
       H -7.47678e+01 -1.89610e+01  5.95875e+01             
       O -6.82887e+01 -1.31621e+01  5.10112e+01             
       H -7.60812e+01 -7.09307e+00  5.18366e+01             
       H -6.74105e+01 -1.28252e+01  5.14673e+01             
       O -6.96530e+01 -2.87531e+01  6.01616e+01             
       H -8.15051e+01 -2.88300e+01  7.18271e+01             
       H -6.18936e+01 -9.64079e+00  6.21503e+01             
       O -1.04797e+02 -1.75578e+01  6.61469e+01             
       H -1.04381e+02 -1.66798e+01  6.62452e+01             
       H -1.04138e+02 -1.82547e+01  6.59844e+01             
       O -7.09569e+01 -3.16454e+01  5.45947e+01             
       H -7.02819e+01 -3.22819e+01  5.41589e+01             
       H -7.00313e+01 -1.95014e+01  6.40726e+01             
       O -7.98804e+01 -1.37998e+01  4.79562e+01             
       H -7.92147e+01 -1.44588e+01  4.82837e+01             
       H -8.49396e+01 -2.57406e+01  2.78683e+01             
       O -8.24235e+01 -2.36922e+01  4.90022e+01             
       H -8.18613e+01 -2.41995e+01  4.84351e+01             
       H -8.17396e+01 -2.32509e+01  4.96276e+01             
       O -6.70650e+01 -2.65663e+01  4.42566e+01             
       H -6.67706e+01 -2.74554e+01  4.39846e+01             
       H -6.64687e+01 -2.61936e+01  4.49188e+01             
       O -5.54576e+01 -3.00730e+01  5.64996e+01             
       H -5.46108e+01 -1.80012e+01  5.68699e+01             
       H -5.54403e+01 -3.00512e+01  5.55102e+01             
       O -7.15076e+01 -1.15608e+01  5.58127e+01             
       H -5.85781e+01 -1.16078e+01  5.49749e+01             
       H -7.09059e+01 -1.13158e+01  5.65639e+01             
       O -6.58602e+01 -2.85816e-01  5.85971e+01             
       H -7.14980e+01 -3.48978e+01  4.58546e+01             
       H -7.79665e+01 -2.43071e+00  5.45344e+01             
       O -7.85825e+01 -2.01881e+01  5.34910e+01             
       H -7.79421e+01 -2.04066e+01  5.27733e+01             
       H -7.79892e+01 -2.03089e+01  5.42906e+01             
       O -7.33403e+01 -6.80530e+00  4.62213e+01             
       H -7.27778e+01 -1.84316e+01  4.63813e+01             
       H -7.28034e+01 -7.59016e+00  4.59617e+01             
       O -8.23546e+01 -2.32507e+01  5.77360e+01             
       H -8.15530e+01 -2.27478e+01  5.73371e+01             
       H -8.19319e+01 -2.40265e+01  5.81775e+01             
       O -7.25917e+01 -2.19056e+01  6.46231e+01             
       H -7.19429e+01 -2.11375e+01  6.45680e+01             
       H -7.27550e+01 -2.19714e+01  6.56381e+01             
       O -8.64411e+01 -2.59031e+01  4.81441e+01             
       H -8.57363e+01 -2.62563e+01  5.99940e+01             
       H -8.15465e+01 -4.15481e+01  4.85297e+01             
       O -6.70648e+01 -2.41251e+01  6.77660e+01             
       H -6.69971e+01 -2.47688e+01  6.84585e+01             
       H -6.62813e+01 -2.42760e+01  6.71973e+01             
       O -7.27662e+01 -2.15894e+01  5.50405e+01             
       H -7.23532e+01 -2.06937e+01  5.50074e+01             
       H -7.21953e+01 -2.24176e+01  5.53040e+01             
       O -9.10113e+01 -1.98539e+01  6.23934e+01             
       H -9.06346e+01 -2.01634e+01  6.15521e+01             
       H -9.03245e+01 -2.00523e+01  6.31008e+01             
       O -6.99307e+01 -2.38558e+01  5.37516e+01             
       H -6.93996e+01 -2.30552e+01  5.40295e+01             
       H -6.94844e+01 -2.47903e+01  5.39136e+01             
       O -8.24142e+01 -1.87161e+01  3.26820e+01             
       H -8.15878e+01 -1.81848e+01  3.24017e+01             
       H -8.22022e+01 -1.93030e+01  3.34051e+01             
       O -7.30240e+01 -2.65528e+01  2.81249e+01             
       H -5.29632e+01 -1.19678e+01  4.66489e+01             
       H -7.23560e+01 -2.73061e+01  2.82241e+01             
       O -7.93910e+01 -2.04145e+01  5.85475e+01             
       H -7.88336e+01 -2.06796e+01  5.93215e+01             
       H -7.88142e+01 -1.97052e+01  5.81687e+01             
       O -8.03585e+01 -1.78237e+01  7.44682e+01             
       H -7.96258e+01 -1.85169e+01  7.44707e+01             
       H -7.97409e+01 -1.70264e+01  7.44251e+01             
