192                                                         
# CELL(abcABC):   12.41850    12.41850    12.41850    90.00000    90.00000    90.00000  Step:           0  Bead:       0 x_centroid{angstrom}  cell{angstrom}   
       O -7.65570e+01 -1.03194e+01  7.05035e+01             
       H -7.64930e+01 -1.05575e+01  6.95133e+01             
       H -7.58057e+01 -1.03069e+01  7.10689e+01             
       O -6.24290e+01 -6.17212e+00  5.62147e+01             
       H -6.49935e+01 -1.70856e+01  5.35168e+01             
       H -6.18197e+01 -5.71129e+00  5.68305e+01             
       O -6.80812e+01 -2.71831e+01  5.09945e+01             
       H -6.76163e+01 -1.46185e+01  5.18202e+01             
       H -6.73206e+01 -2.72143e+01  5.03986e+01             
       O -6.07486e+01 -2.06294e+01  5.54334e+01             
       H -6.00408e+01 -2.09877e+01  5.60072e+01             
       H -6.01454e+01 -1.99552e+01  5.50091e+01             
       O -5.35430e+01 -2.09678e+01  4.82535e+01             
       H -5.27524e+01 -2.04616e+01  4.86453e+01             
       H -5.31793e+01 -2.17451e+01  4.77985e+01             
       O -5.75515e+01 -1.90971e+01  6.30726e+01             
       H -5.70381e+01 -1.97042e+01  6.24796e+01             
       H -5.68673e+01 -1.85054e+01  6.34037e+01             
       O -6.37108e+01 -1.97739e+01  3.70588e+01             
       H -6.29334e+01 -1.94026e+01  3.66026e+01             
       H -5.28967e+01  1.31892e+00  5.17842e+01             
       O -4.62983e+01 -1.90090e+01  6.72946e+01             
       H -4.65035e+01 -1.81276e+01  6.72038e+01             
       H -4.53649e+01 -3.14189e+01  6.73321e+01             
       O -7.02965e+01 -9.47448e+00  4.14299e+01             
       H -6.96317e+01 -9.05706e+00  4.20441e+01             
       H -6.97010e+01 -9.82297e+00  4.07331e+01             
       O -7.04904e+01 -2.21712e+01  4.84684e+01             
       H -7.02813e+01 -2.29199e+01  4.78207e+01             
       H -6.96808e+01 -2.19142e+01  4.88806e+01             
       O -6.92111e+01 -6.14397e+00  5.77373e+01             
       H -6.84120e+01 -6.69668e+00  5.80230e+01             
       H -6.88878e+01 -5.97684e+00  5.68721e+01             
       O -6.58588e+01 -1.14192e+01  4.77104e+01             
       H -6.53633e+01 -1.11818e+01  4.68061e+01             
       H -5.56120e+01 -1.02831e+01  4.42103e+01             
       O -6.19334e+01 -3.14443e+01  4.08404e+01             
       H -6.18495e+01 -3.06502e+01  4.03076e+01             
       H -5.88239e+01 -2.63080e+01  6.01296e+01             
       O -7.18726e+01 -1.76337e+01  4.93012e+01             
       H -7.12643e+01 -1.83102e+01  4.97313e+01             
       H -7.11972e+01 -1.70667e+01  4.88432e+01             
       O -5.76869e+01 -2.44363e+01  5.88370e+01             
       H -5.73374e+01 -2.40101e+01  5.80494e+01             
       H -5.69205e+01 -2.50054e+01  5.89713e+01             
       O -6.44628e+01 -7.59422e+00  5.70783e+01             
       H -6.35684e+01 -7.13457e+00  5.68116e+01             
       H -6.42876e+01 -8.47233e+00  5.74622e+01             
       O -6.42083e+01 -8.18730e+00  4.01640e+01             
       H -6.36809e+01 -1.98116e+01  4.01270e+01             
       H -6.36353e+01 -8.81688e+00  4.06593e+01             
       O -6.42956e+01 -2.34053e+01  4.30882e+01             
       H -6.36857e+01 -2.28841e+01  4.24585e+01             
       H -6.36503e+01 -2.41462e+01  4.31660e+01             
       O -7.33516e+01 -1.19436e+01  5.28814e+01             
       H -7.28264e+01 -1.20389e+01  5.21025e+01             
       H -7.27510e+01 -1.19595e+01  5.36563e+01             
       O -6.53104e+01  7.69269e+00  4.60818e+01             
       H -4.82775e+01 -1.70750e+01  5.05082e+01             
       H -6.44426e+01  8.27293e+00  4.60109e+01             
       O -5.84101e+01 -1.62937e+01  5.79523e+01             
       H -6.18239e+01 -2.16935e+01  5.45846e+01             
       H -7.03499e+01 -1.71333e+01  5.80382e+01             
       O -5.78797e+01 -2.83807e+01  5.41520e+01             
       H -5.70672e+01 -2.87105e+01  5.37724e+01             
       H -5.76775e+01 -2.79402e+01  5.49699e+01             
       O -6.58459e+01 -2.04622e+01  5.47085e+01             
       H -6.52218e+01 -2.03141e+01  5.54605e+01             
       H -6.53248e+01 -2.02524e+01  5.38933e+01             
       O -6.40295e+01 -4.16294e+01  5.47894e+01             
       H -6.35490e+01 -4.22592e+01  5.53475e+01             
       H -6.33474e+01 -4.09928e+01  6.69723e+01             
       O -6.57363e+01 -2.91068e+00  4.97205e+01             
       H -6.51809e+01 -2.16284e+00  4.93666e+01             
       H -6.51669e+01 -3.60791e+00  5.00939e+01             
       O -5.55991e+01 -1.91969e+01  5.51770e+01             
       H -5.51894e+01 -1.83489e+01  5.50185e+01             
       H -5.48237e+01 -1.98388e+01  5.50760e+01             
       O -6.44119e+01 -2.60737e+01  6.52505e+01             
       H -6.35959e+01 -2.62998e+01  6.57448e+01             
       H -6.42239e+01 -2.65414e+01  6.44423e+01             
       O -7.93354e+01 -1.99049e+01  4.59382e+01             
       H -7.88422e+01 -2.01860e+01  4.67381e+01             
       H -7.86474e+01 -1.97901e+01  4.52355e+01             
       O -6.21273e+01 -2.30638e+00  6.10262e+01             
       H -6.21190e+01 -2.90803e+00  6.17952e+01             
       H -6.11513e+01 -1.96737e+00  6.08781e+01             
       O -6.41096e+01 -1.29471e+01  4.90804e+01             
       H -6.32817e+01 -1.33880e+01  4.87259e+01             
       H -6.38349e+01 -1.25366e+01  3.74866e+01             
       O -5.90415e+01 -1.17281e+01  3.00428e+01             
       H -5.82070e+01 -1.22009e+01  2.99814e+01             
       H -7.11606e+01 -1.08637e+01  2.98102e+01             
       O -5.00308e+01 -1.31699e+01  3.16856e+01             
       H -5.03581e+01 -1.37631e+01  3.23902e+01             
       H -4.91563e+01 -1.28329e+01  3.21109e+01             
       O -6.35153e+01 -2.37522e+01  3.87713e+01             
       H -6.29126e+01 -2.41312e+01  3.94567e+01             
       H -6.29461e+01 -2.29679e+01  5.09766e+01             
       O -5.75129e+01 -1.58166e+01  3.60948e+01             
       H -6.67102e+01 -9.84407e+00  4.22878e+01             
       H -5.67286e+01 -1.58641e+01  3.55299e+01             
       O -6.01081e+01 -2.46037e+01  5.71211e+01             
       H -5.94796e+01 -2.44339e+01  5.78549e+01             
       H -5.96391e+01 -2.44076e+01  5.62522e+01             
       O -4.98354e+01 -1.48261e+01  4.18099e+01             
       H -4.89294e+01 -1.48679e+01  4.14223e+01             
       H -4.96609e+01 -1.43304e+01  4.26156e+01             
       O -5.44431e+01 -2.66454e+01  5.33233e+01             
       H -5.34746e+01 -2.62666e+01  5.32666e+01             
       H -5.43216e+01 -2.76256e+01  5.35147e+01             
       O -6.00736e+01 -8.55695e+00  5.95615e+01             
       H -5.95588e+01 -8.46802e+00  5.86726e+01             
       H -5.93236e+01 -8.81209e+00  6.01296e+01             
       O -5.07039e+01  9.15452e+00  7.08343e+01             
       H -4.99046e+01  8.59379e+00  7.05354e+01             
       H -5.04293e+01  9.56806e+00  7.16870e+01             
       O -5.95127e+01 -2.60926e+01  6.08161e+01             
       H -6.32101e+01 -2.04839e+01  3.75274e+01             
       H -5.89580e+01 -2.64190e+01  6.16186e+01             
       O -6.57683e+01 -1.71805e+01  5.29208e+01             
       H -5.71390e+01 -1.58688e+01  3.69686e+01             
       H -6.53460e+01 -1.73460e+01  5.21057e+01             
       O -5.62313e+01 -9.99514e+00  4.49012e+01             
       H -6.50444e+01 -5.61969e+00  4.63145e+01             
       H -5.56903e+01 -9.41411e+00  4.53877e+01             
       O -5.63230e+01 -2.47632e+01  5.42212e+01             
       H -6.80639e+01 -2.54536e+01  6.65328e+01             
       H -4.93803e+01 -6.75520e+00  5.57800e+01             
       O -9.25733e+01 -1.30769e+01  5.89596e+01             
       H -9.19952e+01 -1.25788e+01  5.95295e+01             
       H -9.22873e+01 -1.40375e+01  5.91535e+01             
       O -6.12854e+01 -2.90589e+01  5.10783e+01             
       H -6.06957e+01 -2.84604e+01  5.16259e+01             
       H -5.77043e+01 -1.56656e+01  5.81118e+01             
       O -6.69732e+01 -1.05918e+01  4.28001e+01             
       H -6.60571e+01 -1.08730e+01  4.30495e+01             
       H -7.40135e+01 -2.31975e+01  2.26461e+01             
       O -7.11527e+01 -2.11166e+01  4.47978e+01             
       H -7.07799e+01 -2.02394e+01  4.46375e+01             
       H -7.03100e+01 -2.16374e+01  4.49218e+01             
       O -5.64676e+01 -2.35470e+01  3.96779e+01             
       H -5.64776e+01 -2.42194e+01  4.03934e+01             
       H -5.55523e+01 -2.32829e+01  3.95973e+01             
       O -4.56707e+01 -2.59388e+01  5.08831e+01             
       H -4.47359e+01 -1.38477e+01  5.10427e+01             
       H -4.56039e+01 -2.49556e+01  5.09247e+01             
       O -6.20017e+01 -9.27263e+00  5.05752e+01             
       H -4.88258e+01 -9.74123e+00  5.02308e+01             
       H -6.15780e+01 -8.92842e+00  5.13864e+01             
       O -5.36930e+01  1.88007e+00  5.18683e+01             
       H -6.13086e+01 -3.20174e+01  4.04504e+01             
       H -6.51882e+01  6.09888e-01  4.82256e+01             
       O -6.73288e+01 -1.58270e+01  4.73002e+01             
       H -6.67051e+01 -1.61105e+01  4.66166e+01             
       H -6.66287e+01 -1.57288e+01  4.80050e+01             
       O -6.40386e+01 -4.90291e+00  3.83742e+01             
       H -6.31251e+01 -1.71075e+01  3.85482e+01             
       H -6.40321e+01 -5.68654e+00  3.78173e+01             
       O -7.23291e+01 -2.05926e+01  5.21564e+01             
       H -7.16655e+01 -2.00000e+01  5.17459e+01             
       H -7.17155e+01 -2.10534e+01  5.27789e+01             
       O -6.10002e+01 -1.73291e+01  5.80812e+01             
       H -6.01216e+01 -1.68311e+01  5.78980e+01             
       H -6.09944e+01 -1.74587e+01  5.90796e+01             
       O -7.48396e+01 -2.22733e+01  4.16288e+01             
       H -7.43287e+01 -2.29240e+01  5.35079e+01             
       H -6.81010e+01 -3.65592e+01  4.21614e+01             
       O -5.57269e+01 -2.11854e+01  6.20461e+01             
       H -5.53259e+01 -2.18096e+01  6.26565e+01             
       H -5.49977e+01 -2.09879e+01  6.14278e+01             
       O -6.14275e+01 -1.87195e+01  4.80650e+01             
       H -6.07970e+01 -1.83765e+01  4.87632e+01             
       H -6.08418e+01 -1.95083e+01  4.78348e+01             
       O -7.89069e+01 -1.68278e+01  5.58080e+01             
       H -7.81215e+01 -1.68341e+01  5.52556e+01             
       H -7.86025e+01 -1.70353e+01  5.66943e+01             
       O -5.99128e+01 -2.37910e+01  4.99288e+01             
       H -5.93974e+01 -2.30566e+01  4.94893e+01             
       H -5.98441e+01 -2.44821e+01  4.92221e+01             
       O -7.23008e+01 -1.50646e+01  2.80435e+01             
       H -7.19513e+01 -1.42423e+01  2.76699e+01             
       H -7.15777e+01 -1.54794e+01  2.84940e+01             
       O -6.22112e+01 -2.24107e+01  2.25406e+01             
       H -4.07053e+01 -9.75094e+00  3.95248e+01             
       H -6.15108e+01 -2.18206e+01  2.22832e+01             
       O -6.84476e+01 -1.72943e+01  5.23304e+01             
       H -6.75505e+01 -1.75911e+01  5.26054e+01             
       H -6.82300e+01 -1.65252e+01  5.17180e+01             
       O -6.85609e+01 -1.50083e+01  6.91010e+01             
       H -6.78571e+01 -1.56555e+01  6.90839e+01             
       H -6.80693e+01 -1.41844e+01  6.91504e+01             
192                                                         
# CELL(abcABC):   12.41850    12.41850    12.41850    90.00000    90.00000    90.00000  Step:      200000  Bead:       0 x_centroid{angstrom}  cell{angstrom}   
       O -8.54428e+01 -1.20866e+01  7.54994e+01             
       H -8.48679e+01 -1.28770e+01  7.52810e+01             
       H -8.49679e+01 -1.12747e+01  7.54843e+01             
       O -7.37289e+01 -9.07794e+00  6.20739e+01             
       H -7.48322e+01 -1.93654e+01  5.84316e+01             
       H -7.31982e+01 -8.60254e+00  6.27466e+01             
       O -7.87541e+01 -2.72073e+01  5.44904e+01             
       H -7.81732e+01 -1.42250e+01  5.49845e+01             
       H -7.83320e+01 -2.81294e+01  5.47641e+01             
       O -7.16703e+01 -2.26921e+01  6.05188e+01             
       H -7.08687e+01 -2.28139e+01  6.10996e+01             
       H -7.12315e+01 -2.19964e+01  5.99707e+01             
       O -6.27572e+01 -2.30474e+01  5.36520e+01             
       H -6.19644e+01 -2.25726e+01  5.40372e+01             
       H -6.23563e+01 -2.38643e+01  5.33852e+01             
       O -6.70060e+01 -2.17685e+01  6.84484e+01             
       H -6.63329e+01 -2.22880e+01  6.79224e+01             
       H -6.63626e+01 -2.12288e+01  6.90072e+01             
       O -7.28927e+01 -2.20914e+01  4.24662e+01             
       H -7.22390e+01 -2.20495e+01  4.17341e+01             
       H -6.36232e+01 -9.27204e-01  5.66930e+01             
       O -5.79871e+01 -2.10909e+01  7.10211e+01             
       H -5.73775e+01 -2.04383e+01  7.13721e+01             
       H -5.73816e+01 -3.41648e+01  7.06118e+01             
       O -7.78308e+01 -1.24170e+01  5.02744e+01             
       H -7.71591e+01 -1.32391e+01  5.03164e+01             
       H -7.71450e+01 -1.16962e+01  5.02325e+01             
       O -7.89819e+01 -2.36743e+01  5.27291e+01             
       H -7.86264e+01 -2.41541e+01  5.19019e+01             
       H -7.84666e+01 -2.38817e+01  5.35491e+01             
       O -8.02777e+01 -8.48216e+00  6.20876e+01             
       H -7.96922e+01 -8.42263e+00  6.28667e+01             
       H -7.96911e+01 -8.81290e+00  6.14259e+01             
       O -7.46214e+01 -1.31402e+01  5.24314e+01             
       H -7.40696e+01 -1.24888e+01  5.19645e+01             
       H -6.53895e+01 -1.68872e+01  5.10795e+01             
       O -7.09087e+01 -3.62394e+01  4.39686e+01             
       H -7.00077e+01 -3.60895e+01  4.42543e+01             
       H -6.89767e+01 -2.88836e+01  6.50203e+01             
       O -8.13452e+01 -2.04517e+01  5.50603e+01             
       H -8.05891e+01 -2.10527e+01  5.53916e+01             
       H -8.06562e+01 -1.98805e+01  5.45463e+01             
       O -6.87793e+01 -2.94935e+01  6.22111e+01             
       H -6.86323e+01 -2.97898e+01  6.31274e+01             
       H -6.78770e+01 -2.97805e+01  6.18151e+01             
       O -7.56046e+01 -1.09535e+01  6.22257e+01             
       H -7.51976e+01 -1.00879e+01  6.19868e+01             
       H -7.47160e+01 -1.13517e+01  6.24302e+01             
       O -7.44985e+01 -1.06173e+01  4.60957e+01             
       H -7.43235e+01 -2.22487e+01  4.54935e+01             
       H -7.34954e+01 -1.09906e+01  4.62016e+01             
       O -7.53349e+01 -2.77244e+01  4.81565e+01             
       H -7.46820e+01 -2.72440e+01  4.76063e+01             
       H -7.46933e+01 -2.85151e+01  4.83059e+01             
       O -8.38282e+01 -1.61655e+01  5.94597e+01             
       H -8.32956e+01 -1.66403e+01  5.87800e+01             
       H -8.31323e+01 -1.57542e+01  6.01324e+01             
       O -7.60905e+01  4.10836e+00  5.15452e+01             
       H -5.79212e+01 -1.93305e+01  5.54650e+01             
       H -7.56328e+01  4.67434e+00  5.22016e+01             
       O -7.03767e+01 -1.93684e+01  6.18245e+01             
       H -7.17946e+01 -2.36898e+01  5.92455e+01             
       H -8.19899e+01 -1.98519e+01  6.19005e+01             
       O -6.79945e+01 -3.17732e+01  5.87117e+01             
       H -6.73480e+01 -3.18059e+01  5.79769e+01             
       H -6.75245e+01 -3.13320e+01  5.94519e+01             
       O -7.68543e+01 -2.40125e+01  5.96684e+01             
       H -7.63337e+01 -2.40871e+01  6.04832e+01             
       H -7.61894e+01 -2.35023e+01  5.91169e+01             
       O -7.46393e+01 -4.43462e+01  6.04485e+01             
       H -7.41393e+01 -4.49751e+01  6.10428e+01             
       H -7.40982e+01 -4.35219e+01  7.28174e+01             
       O -7.44134e+01 -6.77276e+00  5.29460e+01             
       H -7.35325e+01 -6.80017e+00  5.24378e+01             
       H -7.41257e+01 -7.03453e+00  5.39192e+01             
       O -6.58371e+01 -2.16423e+01  6.02794e+01             
       H -6.52769e+01 -2.10054e+01  6.07937e+01             
       H -6.53362e+01 -2.24989e+01  6.00352e+01             
       O -7.34798e+01 -2.67444e+01  7.13715e+01             
       H -7.27666e+01 -2.74111e+01  7.15481e+01             
       H -7.29735e+01 -2.59627e+01  7.14268e+01             
       O -9.12137e+01 -2.07563e+01  5.21179e+01             
       H -9.01668e+01 -2.06896e+01  5.19765e+01             
       H -9.13905e+01 -2.16332e+01  5.24511e+01             
       O -7.18937e+01 -5.03224e+00  6.56964e+01             
       H -7.15421e+01 -5.16256e+00  6.66181e+01             
       H -7.10177e+01 -5.20764e+00  6.53016e+01             
       O -7.30849e+01 -1.47177e+01  5.40643e+01             
       H -7.28400e+01 -1.55667e+01  5.37637e+01             
       H -7.23040e+01 -1.42959e+01  4.20595e+01             
       O -6.75306e+01 -1.27083e+01  3.61715e+01             
       H -6.66063e+01 -1.26362e+01  3.66909e+01             
       H -7.98347e+01 -1.32275e+01  3.53945e+01             
       O -5.93662e+01 -1.42725e+01  3.80462e+01             
       H -5.87813e+01 -1.40792e+01  3.88327e+01             
       H -5.87077e+01 -1.44311e+01  3.73309e+01             
       O -7.49591e+01 -2.71177e+01  4.39895e+01             
       H -7.43649e+01 -2.70154e+01  4.47888e+01             
       H -7.43826e+01 -2.71835e+01  5.56144e+01             
       O -6.73019e+01 -1.87228e+01  4.12105e+01             
       H -7.55964e+01 -1.41052e+01  5.13091e+01             
       H -6.69023e+01 -1.93983e+01  4.06335e+01             
       O -6.98633e+01 -2.71882e+01  6.12151e+01             
       H -6.94654e+01 -2.80703e+01  6.17336e+01             
       H -6.91239e+01 -2.66568e+01  6.12136e+01             
       O -6.09238e+01 -1.71542e+01  4.85673e+01             
       H -6.06960e+01 -1.70914e+01  4.95346e+01             
       H -6.01246e+01 -1.69720e+01  4.79751e+01             
       O -6.41217e+01 -2.96388e+01  5.66955e+01             
       H -6.34864e+01 -2.88853e+01  5.64868e+01             
       H -6.36216e+01 -3.04405e+01  5.70588e+01             
       O -6.91303e+01 -1.11682e+01  6.44292e+01             
       H -6.91648e+01 -1.10281e+01  6.35231e+01             
       H -6.81961e+01 -1.12735e+01  6.47823e+01             
       O -6.09697e+01  8.33326e+00  7.59530e+01             
       H -6.05326e+01  7.85507e+00  7.66516e+01             
       H -6.05286e+01  9.19094e+00  7.58196e+01             
       O -6.92998e+01 -2.97621e+01  6.49651e+01             
       H -7.23133e+01 -2.25808e+01  4.30876e+01             
       H -6.85748e+01 -3.02314e+01  6.54589e+01             
       O -7.52682e+01 -1.93570e+01  5.75925e+01             
       H -6.65575e+01 -1.81336e+01  4.13851e+01             
       H -7.45391e+01 -1.95249e+01  5.69290e+01             
       O -6.58519e+01 -1.60776e+01  5.08628e+01             
       H -7.57639e+01 -9.17095e+00  5.17592e+01             
       H -6.51563e+01 -1.53100e+01  5.09948e+01             
       O -6.52667e+01 -2.84025e+01  5.92937e+01             
       H -7.73144e+01 -2.88939e+01  7.09533e+01             
       H -6.06462e+01 -9.46801e+00  6.15038e+01             
       O -1.00615e+02 -1.70440e+01  6.47520e+01             
       H -9.98072e+01 -1.65899e+01  6.43998e+01             
       H -1.00184e+02 -1.79045e+01  6.49149e+01             
       O -7.08295e+01 -3.09153e+01  5.56285e+01             
       H -7.04595e+01 -3.05027e+01  5.64339e+01             
       H -7.00634e+01 -1.84512e+01  6.19509e+01             
       O -7.61347e+01 -1.42927e+01  5.04763e+01             
       H -7.55987e+01 -1.46208e+01  4.97176e+01             
       H -8.15698e+01 -2.64843e+01  2.74833e+01             
       O -8.16601e+01 -2.31356e+01  4.94206e+01             
       H -8.11835e+01 -2.22229e+01  4.94327e+01             
       H -8.09468e+01 -2.38018e+01  4.90663e+01             
       O -6.65414e+01 -2.61519e+01  4.61919e+01             
       H -6.60632e+01 -2.69383e+01  4.65679e+01             
       H -6.58686e+01 -2.55069e+01  4.58572e+01             
       O -5.60310e+01 -2.73035e+01  5.64523e+01             
       H -5.53511e+01 -1.49704e+01  5.57842e+01             
       H -5.56228e+01 -2.67910e+01  5.71634e+01             
       O -7.08720e+01 -1.37355e+01  5.49055e+01             
       H -5.78870e+01 -1.43065e+01  5.54768e+01             
       H -7.03719e+01 -1.37076e+01  5.39833e+01             
       O -6.42632e+01 -2.05626e-01  5.69000e+01             
       H -7.08855e+01 -3.70164e+01  4.33176e+01             
       H -7.41069e+01 -1.41474e+00  5.28955e+01             
       O -7.76455e+01 -1.72356e+01  5.43716e+01             
       H -7.71034e+01 -1.73756e+01  5.52904e+01             
       H -7.69556e+01 -1.70369e+01  5.37113e+01             
       O -7.33954e+01 -7.14771e+00  4.30618e+01             
       H -7.25184e+01 -1.91024e+01  4.32519e+01             
       H -7.31740e+01 -8.09587e+00  4.29570e+01             
       O -8.10389e+01 -2.32515e+01  5.75083e+01             
       H -8.03173e+01 -2.26875e+01  5.70020e+01             
       H -8.06159e+01 -2.36966e+01  5.81523e+01             
       O -7.19921e+01 -2.01298e+01  6.38406e+01             
       H -7.14354e+01 -1.96892e+01  6.31346e+01             
       H -7.14341e+01 -2.04571e+01  6.45700e+01             
       O -8.47491e+01 -2.42552e+01  4.62353e+01             
       H -8.42664e+01 -2.43013e+01  5.77906e+01             
       H -7.68776e+01 -4.05821e+01  4.74485e+01             
       O -6.52469e+01 -2.33652e+01  6.74405e+01             
       H -6.49776e+01 -2.39310e+01  6.82388e+01             
       H -6.44126e+01 -2.29850e+01  6.71409e+01             
       O -7.06808e+01 -2.17081e+01  5.33027e+01             
       H -7.01228e+01 -2.13231e+01  5.39306e+01             
       H -7.01859e+01 -2.24413e+01  5.28055e+01             
       O -8.94212e+01 -1.95819e+01  6.13951e+01             
       H -8.84447e+01 -1.95738e+01  6.12589e+01             
       H -8.93916e+01 -1.98162e+01  6.23574e+01             
       O -6.78914e+01 -2.75216e+01  5.23545e+01             
       H -6.73282e+01 -2.77191e+01  5.15708e+01             
       H -6.72776e+01 -2.73875e+01  5.31529e+01             
       O -8.19444e+01 -1.72799e+01  3.28138e+01             
       H -8.14983e+01 -1.65483e+01  3.23091e+01             
       H -8.12681e+01 -1.77807e+01  3.32985e+01             
       O -7.00619e+01 -2.60470e+01  2.75894e+01             
       H -5.15384e+01 -1.21936e+01  4.52958e+01             
       H -6.98593e+01 -2.50259e+01  2.75532e+01             
       O -7.78107e+01 -2.03557e+01  5.77045e+01             
       H -7.79389e+01 -2.07644e+01  5.85663e+01             
       H -7.68614e+01 -2.00221e+01  5.77213e+01             
       O -7.90466e+01 -1.79490e+01  7.32173e+01             
       H -7.81482e+01 -1.83912e+01  7.33598e+01             
       H -7.88193e+01 -1.71766e+01  7.26719e+01             
