192                                                         
# CELL(abcABC):   12.41850    12.41850    12.41850    90.00000    90.00000    90.00000  Step:           0  Bead:       0 x_centroid{angstrom}  cell{angstrom}   
       O -7.63304e+01 -9.95274e+00  7.11839e+01             
       H -7.65433e+01 -1.04285e+01  7.03505e+01             
       H -7.53423e+01 -9.87217e+00  7.11688e+01             
       O -6.33808e+01 -6.62961e+00  5.62744e+01             
       H -6.59286e+01 -1.72123e+01  5.37336e+01             
       H -6.27715e+01 -5.99676e+00  5.67172e+01             
       O -6.92335e+01 -2.54520e+01  5.02849e+01             
       H -6.87945e+01 -1.36619e+01  5.09088e+01             
       H -6.86297e+01 -2.54321e+01  4.95099e+01             
       O -6.16232e+01 -2.10016e+01  5.56916e+01             
       H -6.14215e+01 -2.13085e+01  5.66564e+01             
       H -6.07649e+01 -2.11678e+01  5.52860e+01             
       O -5.42609e+01 -2.10513e+01  4.87222e+01             
       H -5.35697e+01 -2.03793e+01  4.88219e+01             
       H -5.38321e+01 -2.19375e+01  4.87813e+01             
       O -5.83136e+01 -1.94316e+01  6.39690e+01             
       H -5.78277e+01 -1.98843e+01  6.32250e+01             
       H -5.76682e+01 -1.89715e+01  6.45457e+01             
       O -6.37245e+01 -2.00352e+01  3.65434e+01             
       H -6.28645e+01 -1.97546e+01  3.61162e+01             
       H -5.40404e+01  2.48227e+00  5.22982e+01             
       O -4.84419e+01 -1.72106e+01  6.76087e+01             
       H -4.86641e+01 -1.80671e+01  6.71951e+01             
       H -4.75320e+01 -2.93961e+01  6.73777e+01             
       O -7.21414e+01 -1.06964e+01  4.06195e+01             
       H -7.17507e+01 -1.09201e+01  4.14373e+01             
       H -7.13450e+01 -1.06542e+01  4.00514e+01             
       O -7.10149e+01 -2.29862e+01  4.82648e+01             
       H -7.04192e+01 -2.35885e+01  4.77155e+01             
       H -7.04051e+01 -2.26455e+01  4.89812e+01             
       O -6.99520e+01 -6.24822e+00  5.92618e+01             
       H -6.91793e+01 -6.84698e+00  5.89863e+01             
       H -6.98027e+01 -5.74454e+00  6.00155e+01             
       O -6.53173e+01 -1.08320e+01  4.84601e+01             
       H -6.47805e+01 -1.05265e+01  4.77049e+01             
       H -5.59979e+01 -1.03005e+01  4.40393e+01             
       O -6.23881e+01 -3.15895e+01  4.11167e+01             
       H -6.21416e+01 -3.08983e+01  4.05173e+01             
       H -5.81065e+01 -2.61882e+01  5.93818e+01             
       O -7.17748e+01 -1.73822e+01  4.98145e+01             
       H -7.16309e+01 -1.82488e+01  5.02776e+01             
       H -7.08656e+01 -1.70042e+01  4.96074e+01             
       O -5.70200e+01 -2.47828e+01  5.91039e+01             
       H -5.68159e+01 -2.41877e+01  5.83272e+01             
       H -5.61234e+01 -2.49261e+01  5.94767e+01             
       O -6.51301e+01 -7.35871e+00  5.81381e+01             
       H -6.44922e+01 -7.10536e+00  5.74016e+01             
       H -6.46966e+01 -8.16904e+00  5.84619e+01             
       O -6.48726e+01 -7.98435e+00  4.11486e+01             
       H -6.39958e+01 -1.99311e+01  4.10323e+01             
       H -6.45190e+01 -8.91548e+00  4.12346e+01             
       O -6.50493e+01 -2.36099e+01  4.40499e+01             
       H -6.43362e+01 -2.32294e+01  4.33325e+01             
       H -6.46778e+01 -2.44134e+01  4.44086e+01             
       O -7.46459e+01 -1.22191e+01  5.26107e+01             
       H -7.38551e+01 -1.15691e+01  5.26610e+01             
       H -7.44183e+01 -1.29716e+01  5.31246e+01             
       O -6.52549e+01  7.72921e+00  4.69423e+01             
       H -4.90145e+01 -1.72678e+01  5.09482e+01             
       H -6.44968e+01  8.33330e+00  4.71157e+01             
       O -5.89401e+01 -1.68573e+01  5.76485e+01             
       H -6.26526e+01 -2.20897e+01  5.50275e+01             
       H -7.06674e+01 -1.74434e+01  5.80449e+01             
       O -5.84853e+01 -2.82774e+01  5.43109e+01             
       H -5.79823e+01 -2.86710e+01  5.35695e+01             
       H -5.79162e+01 -2.79851e+01  5.50144e+01             
       O -6.69969e+01 -2.04065e+01  5.53891e+01             
       H -6.64444e+01 -2.05396e+01  5.62022e+01             
       H -6.63518e+01 -2.00824e+01  5.47474e+01             
       O -6.53559e+01 -4.21220e+01  5.53788e+01             
       H -6.48624e+01 -4.29648e+01  5.55360e+01             
       H -6.45935e+01 -4.14620e+01  6.77018e+01             
       O -6.57749e+01 -2.34294e+00  4.97827e+01             
       H -6.48957e+01 -1.76263e+00  4.99367e+01             
       H -6.54563e+01 -3.00883e+00  4.92180e+01             
       O -5.65370e+01 -1.85597e+01  5.59910e+01             
       H -5.61090e+01 -1.78696e+01  5.65070e+01             
       H -5.58239e+01 -1.92273e+01  5.58683e+01             
       O -6.50368e+01 -2.62416e+01  6.53624e+01             
       H -6.46161e+01 -2.64944e+01  6.62132e+01             
       H -6.45561e+01 -2.68399e+01  6.48274e+01             
       O -8.02736e+01 -2.03529e+01  4.62124e+01             
       H -7.97602e+01 -2.06955e+01  4.69863e+01             
       H -7.94684e+01 -1.99665e+01  4.57749e+01             
       O -6.11512e+01 -2.69794e+00  6.12171e+01             
       H -6.06531e+01 -3.37880e+00  6.16754e+01             
       H -6.04436e+01 -2.17459e+00  6.08233e+01             
       O -6.35808e+01 -1.35513e+01  5.02209e+01             
       H -6.27855e+01 -1.40263e+01  4.99250e+01             
       H -6.32244e+01 -1.30178e+01  3.85082e+01             
       O -5.89487e+01 -1.27913e+01  3.00350e+01             
       H -5.80440e+01 -1.31047e+01  2.97807e+01             
       H -7.18774e+01 -1.33141e+01  2.94345e+01             
       O -5.06968e+01 -1.36506e+01  3.25680e+01             
       H -5.07535e+01 -1.41373e+01  3.34070e+01             
       H -4.99206e+01 -1.30402e+01  3.25711e+01             
       O -6.49141e+01 -2.32197e+01  3.92423e+01             
       H -6.45600e+01 -2.39033e+01  3.98541e+01             
       H -6.41638e+01 -2.27013e+01  5.14876e+01             
       O -5.69146e+01 -1.65342e+01  3.65969e+01             
       H -6.72440e+01 -1.04097e+01  4.21518e+01             
       H -5.60360e+01 -1.69801e+01  3.67003e+01             
       O -6.05756e+01 -2.50243e+01  5.79064e+01             
       H -6.00554e+01 -2.55772e+01  5.85416e+01             
       H -6.01855e+01 -2.52336e+01  5.70943e+01             
       O -5.09886e+01 -1.55775e+01  4.28597e+01             
       H -5.01802e+01 -1.61656e+01  4.27778e+01             
       H -5.09635e+01 -1.50084e+01  4.36406e+01             
       O -5.52798e+01 -2.68359e+01  5.21992e+01             
       H -5.44298e+01 -2.63059e+01  5.23357e+01             
       H -5.48614e+01 -2.76547e+01  5.19709e+01             
       O -5.94651e+01 -8.03490e+00  5.95010e+01             
       H -5.87671e+01 -7.40004e+00  5.93874e+01             
       H -5.91048e+01 -8.91241e+00  5.98334e+01             
       O -5.05886e+01  9.17435e+00  7.17600e+01             
       H -5.01431e+01  8.59166e+00  7.11173e+01             
       H -4.99399e+01  9.36156e+00  7.24760e+01             
       O -5.89900e+01 -2.66421e+01  5.93101e+01             
       H -6.34960e+01 -2.08553e+01  3.70639e+01             
       H -5.88011e+01 -2.73743e+01  5.87158e+01             
       O -6.64418e+01 -1.74347e+01  5.29066e+01             
       H -5.67203e+01 -1.56271e+01  3.62651e+01             
       H -6.57511e+01 -1.77048e+01  5.22762e+01             
       O -5.67174e+01 -1.02570e+01  4.47297e+01             
       H -6.48418e+01 -5.55076e+00  4.68660e+01             
       H -5.63736e+01 -9.65456e+00  4.53925e+01             
       O -5.64077e+01 -2.56753e+01  5.44400e+01             
       H -6.84852e+01 -2.62639e+01  6.62333e+01             
       H -5.04198e+01 -7.11808e+00  5.56951e+01             
       O -9.19230e+01 -1.29850e+01  6.03902e+01             
       H -9.12868e+01 -1.22497e+01  6.05107e+01             
       H -9.14992e+01 -1.38216e+01  6.07588e+01             
       O -6.22069e+01 -2.94342e+01  5.14675e+01             
       H -6.16946e+01 -2.86861e+01  5.18444e+01             
       H -5.84946e+01 -1.65324e+01  5.68641e+01             
       O -6.74133e+01 -1.10085e+01  4.29032e+01             
       H -6.64915e+01 -1.10965e+01  4.34094e+01             
       H -7.32628e+01 -2.32689e+01  2.10408e+01             
       O -7.11569e+01 -2.12768e+01  4.35890e+01             
       H -7.08764e+01 -2.03568e+01  4.35864e+01             
       H -7.04617e+01 -2.17991e+01  4.41168e+01             
       O -5.73500e+01 -2.32397e+01  3.96329e+01             
       H -5.69880e+01 -2.39249e+01  3.90007e+01             
       H -5.65747e+01 -2.27889e+01  3.99604e+01             
       O -4.67964e+01 -2.57203e+01  5.12476e+01             
       H -4.60840e+01 -1.34527e+01  5.05956e+01             
       H -4.63806e+01 -2.50913e+01  5.18462e+01             
       O -6.26424e+01 -9.66611e+00  5.05931e+01             
       H -4.97937e+01 -1.04383e+01  5.01055e+01             
       H -6.18215e+01 -9.16943e+00  5.07995e+01             
       O -5.48362e+01  2.81159e+00  5.27053e+01             
       H -6.18275e+01 -3.23028e+01  4.08174e+01             
       H -6.47414e+01  1.46798e+00  4.92416e+01             
       O -6.70923e+01 -1.77464e+01  4.88616e+01             
       H -6.65044e+01 -1.74795e+01  4.81449e+01             
       H -6.64987e+01 -1.78018e+01  4.95943e+01             
       O -6.46901e+01 -5.57261e+00  3.81677e+01             
       H -6.39651e+01 -1.73556e+01  3.83921e+01             
       H -6.43556e+01 -6.32272e+00  3.76442e+01             
       O -7.31582e+01 -2.07889e+01  5.19487e+01             
       H -7.23097e+01 -2.03290e+01  5.18175e+01             
       H -7.26975e+01 -2.16072e+01  5.23387e+01             
       O -6.16684e+01 -1.76217e+01  5.78749e+01             
       H -6.07533e+01 -1.73993e+01  5.77033e+01             
       H -6.16498e+01 -1.80380e+01  5.87353e+01             
       O -7.58696e+01 -2.26096e+01  4.22111e+01             
       H -7.54231e+01 -2.31703e+01  5.40587e+01             
       H -6.82319e+01 -3.73226e+01  4.23058e+01             
       O -5.67400e+01 -2.10367e+01  6.22082e+01             
       H -5.64030e+01 -2.15202e+01  6.29952e+01             
       H -5.59399e+01 -2.09109e+01  6.17208e+01             
       O -6.13860e+01 -1.89438e+01  4.80951e+01             
       H -6.10391e+01 -1.82298e+01  4.86475e+01             
       H -6.05657e+01 -1.95106e+01  4.79665e+01             
       O -7.97556e+01 -1.64778e+01  5.72515e+01             
       H -7.92200e+01 -1.68170e+01  5.64742e+01             
       H -7.91272e+01 -1.66587e+01  5.79799e+01             
       O -6.11167e+01 -2.41389e+01  4.94288e+01             
       H -6.03626e+01 -2.36187e+01  4.89777e+01             
       H -6.06528e+01 -2.46830e+01  5.00863e+01             
       O -7.34159e+01 -1.48742e+01  2.80766e+01             
       H -7.29762e+01 -1.44210e+01  2.73530e+01             
       H -7.27305e+01 -1.53112e+01  2.86538e+01             
       O -6.12558e+01 -2.24319e+01  2.10930e+01             
       H -4.19017e+01 -8.87245e+00  4.06146e+01             
       H -6.05712e+01 -2.17483e+01  2.12609e+01             
       O -6.91937e+01 -1.76813e+01  5.32668e+01             
       H -6.89793e+01 -1.78815e+01  5.41981e+01             
       H -6.83390e+01 -1.74261e+01  5.28981e+01             
       O -6.93892e+01 -1.48906e+01  6.90982e+01             
       H -6.86118e+01 -1.53557e+01  6.94219e+01             
       H -6.89904e+01 -1.42339e+01  6.85402e+01             
192                                                         
# CELL(abcABC):   12.41850    12.41850    12.41850    90.00000    90.00000    90.00000  Step:      200000  Bead:       0 x_centroid{angstrom}  cell{angstrom}   
       O -8.94418e+01 -1.40521e+01  7.74437e+01             
       H -8.89354e+01 -1.41323e+01  7.82968e+01             
       H -8.88151e+01 -1.39895e+01  7.66803e+01             
       O -7.72049e+01 -9.60876e+00  6.40383e+01             
       H -7.94988e+01 -1.90875e+01  5.94264e+01             
       H -7.64476e+01 -9.57984e+00  6.47499e+01             
       O -8.20014e+01 -3.07952e+01  5.72642e+01             
       H -8.12521e+01 -1.79154e+01  5.68121e+01             
       H -8.17055e+01 -3.09495e+01  5.81846e+01             
       O -7.50564e+01 -2.27566e+01  6.25131e+01             
       H -7.47926e+01 -2.25497e+01  6.15990e+01             
       H -7.42936e+01 -2.24964e+01  6.30392e+01             
       O -6.73911e+01 -2.39319e+01  5.45798e+01             
       H -6.70010e+01 -2.39657e+01  5.36915e+01             
       H -6.65501e+01 -2.41393e+01  5.50851e+01             
       O -7.06716e+01 -2.27393e+01  7.03347e+01             
       H -6.97566e+01 -2.27188e+01  7.00844e+01             
       H -7.05482e+01 -2.22422e+01  7.11731e+01             
       O -7.66347e+01 -2.34047e+01  4.49921e+01             
       H -7.58607e+01 -2.31041e+01  4.43714e+01             
       H -6.75182e+01 -2.28104e+00  5.84686e+01             
       O -6.15949e+01 -2.01171e+01  7.06277e+01             
       H -6.10145e+01 -1.94526e+01  7.10396e+01             
       H -6.10267e+01 -3.30637e+01  6.99419e+01             
       O -8.51115e+01 -1.42326e+01  5.17241e+01             
       H -8.42843e+01 -1.44140e+01  5.10957e+01             
       H -8.46766e+01 -1.37586e+01  5.24184e+01             
       O -8.18356e+01 -2.59956e+01  5.46521e+01             
       H -8.14245e+01 -2.67627e+01  5.42166e+01             
       H -8.11001e+01 -2.54185e+01  5.48206e+01             
       O -8.31996e+01 -9.97955e+00  6.50419e+01             
       H -8.23685e+01 -1.01691e+01  6.45930e+01             
       H -8.28860e+01 -9.36944e+00  6.57508e+01             
       O -7.56480e+01 -1.43548e+01  5.48791e+01             
       H -7.55410e+01 -1.52943e+01  5.46796e+01             
       H -6.58917e+01 -1.66942e+01  5.18431e+01             
       O -7.47851e+01 -3.47320e+01  4.73062e+01             
       H -7.46762e+01 -3.37940e+01  4.68746e+01             
       H -6.94952e+01 -2.95004e+01  6.59629e+01             
       O -8.47344e+01 -2.13763e+01  5.62910e+01             
       H -8.39345e+01 -2.18593e+01  5.67739e+01             
       H -8.42501e+01 -2.05269e+01  5.60785e+01             
       O -6.84437e+01 -2.83871e+01  6.60668e+01             
       H -6.77129e+01 -2.82328e+01  6.54008e+01             
       H -6.80427e+01 -2.87769e+01  6.69316e+01             
       O -7.87158e+01 -1.16665e+01  6.45334e+01             
       H -7.80807e+01 -1.08169e+01  6.43906e+01             
       H -7.81134e+01 -1.24700e+01  6.46058e+01             
       O -7.55072e+01 -1.30188e+01  4.63159e+01             
       H -7.46576e+01 -2.50941e+01  4.67156e+01             
       H -7.51421e+01 -1.37375e+01  4.58150e+01             
       O -7.78995e+01 -3.08215e+01  5.14665e+01             
       H -7.73486e+01 -3.12918e+01  5.21253e+01             
       H -7.72943e+01 -3.09660e+01  5.06834e+01             
       O -8.66524e+01 -1.61886e+01  5.91529e+01             
       H -8.60535e+01 -1.54952e+01  5.87642e+01             
       H -8.60035e+01 -1.69487e+01  5.93471e+01             
       O -8.13450e+01  4.29414e+00  5.35200e+01             
       H -6.31218e+01 -1.95795e+01  5.77621e+01             
       H -8.05298e+01  4.20089e+00  5.30816e+01             
       O -7.32104e+01 -2.15546e+01  6.41321e+01             
       H -7.51104e+01 -2.72769e+01  6.20882e+01             
       H -8.47110e+01 -2.18563e+01  6.43029e+01             
       O -7.23938e+01 -3.04218e+01  5.90457e+01             
       H -7.17333e+01 -3.02663e+01  5.83573e+01             
       H -7.18340e+01 -3.06095e+01  5.98630e+01             
       O -7.96281e+01 -2.39973e+01  6.00387e+01             
       H -7.92328e+01 -2.48752e+01  6.00762e+01             
       H -7.88524e+01 -2.33860e+01  6.00713e+01             
       O -7.76312e+01 -4.69442e+01  6.07632e+01             
       H -7.69291e+01 -4.75173e+01  6.10190e+01             
       H -7.74469e+01 -4.65925e+01  7.23141e+01             
       O -7.64946e+01 -6.81469e+00  5.40842e+01             
       H -7.58963e+01 -5.98097e+00  5.40636e+01             
       H -7.59857e+01 -7.64611e+00  5.38823e+01             
       O -6.97258e+01 -2.38185e+01  6.10278e+01             
       H -6.92014e+01 -2.36398e+01  6.18474e+01             
       H -6.89618e+01 -2.39864e+01  6.04281e+01             
       O -7.65136e+01 -2.91263e+01  7.07893e+01             
       H -7.54739e+01 -2.89384e+01  7.10610e+01             
       H -7.64153e+01 -2.98508e+01  7.01866e+01             
       O -9.34451e+01 -2.29710e+01  5.10229e+01             
       H -9.28870e+01 -2.21352e+01  5.07027e+01             
       H -9.27171e+01 -2.35309e+01  5.14284e+01             
       O -7.34007e+01 -4.41304e+00  6.88698e+01             
       H -7.30604e+01 -3.53920e+00  6.92501e+01             
       H -7.26815e+01 -5.01574e+00  6.85415e+01             
       O -7.33564e+01 -1.30697e+01  5.55187e+01             
       H -7.26671e+01 -1.28720e+01  5.47791e+01             
       H -7.28615e+01 -1.35253e+01  4.38789e+01             
       O -7.06585e+01 -1.49705e+01  3.77004e+01             
       H -6.99259e+01 -1.43614e+01  3.76808e+01             
       H -8.26535e+01 -1.59003e+01  3.78866e+01             
       O -6.35773e+01 -1.92212e+01  3.72947e+01             
       H -6.34949e+01 -2.01450e+01  3.69398e+01             
       H -6.27236e+01 -1.92017e+01  3.77527e+01             
       O -7.86089e+01 -2.76617e+01  4.47923e+01             
       H -7.77863e+01 -2.80240e+01  4.52212e+01             
       H -7.84113e+01 -2.67800e+01  5.67537e+01             
       O -7.16266e+01 -1.88443e+01  4.33655e+01             
       H -7.70002e+01 -1.48001e+01  4.88988e+01             
       H -7.12069e+01 -1.85463e+01  4.25675e+01             
       O -7.25371e+01 -2.94682e+01  6.49784e+01             
       H -7.15648e+01 -2.98762e+01  6.53318e+01             
       H -7.22511e+01 -2.86844e+01  6.46209e+01             
       O -6.55485e+01 -1.79169e+01  4.77564e+01             
       H -6.49745e+01 -1.82672e+01  4.84766e+01             
       H -6.50424e+01 -1.74245e+01  4.71100e+01             
       O -6.74131e+01 -2.86019e+01  6.10298e+01             
       H -6.68487e+01 -2.78212e+01  6.13020e+01             
       H -6.67320e+01 -2.92638e+01  6.06017e+01             
       O -7.16327e+01 -1.25483e+01  6.60135e+01             
       H -7.12473e+01 -1.16803e+01  6.57023e+01             
       H -7.08203e+01 -1.30098e+01  6.63492e+01             
       O -6.25773e+01  8.00347e+00  7.91261e+01             
       H -6.19044e+01  8.02391e+00  7.83733e+01             
       H -6.19562e+01  8.02402e+00  7.99133e+01             
       O -7.01504e+01 -3.02775e+01  6.57780e+01             
       H -7.61564e+01 -2.40196e+01  4.55596e+01             
       H -6.96429e+01 -3.11524e+01  6.58210e+01             
       O -8.01388e+01 -1.96861e+01  5.90151e+01             
       H -7.08048e+01 -1.87308e+01  4.39916e+01             
       H -7.95035e+01 -2.04073e+01  5.86761e+01             
       O -6.63953e+01 -1.58771e+01  5.19617e+01             
       H -8.10533e+01 -8.18661e+00  5.44064e+01             
       H -6.57607e+01 -1.51557e+01  5.22581e+01             
       O -6.93584e+01 -2.96498e+01  6.23600e+01             
       H -8.10176e+01 -2.92293e+01  7.42905e+01             
       H -6.42161e+01 -9.79954e+00  6.32876e+01             
       O -1.03737e+02 -1.91852e+01  6.77310e+01             
       H -1.03626e+02 -1.98484e+01  6.84163e+01             
       H -1.02885e+02 -1.91617e+01  6.72847e+01             
       O -7.63550e+01 -3.17147e+01  5.72828e+01             
       H -7.59843e+01 -3.18499e+01  5.63440e+01             
       H -7.32130e+01 -2.06127e+01  6.39527e+01             
       O -7.76440e+01 -1.43118e+01  4.83743e+01             
       H -7.72023e+01 -1.43693e+01  4.75370e+01             
       H -8.72987e+01 -2.48806e+01  2.56132e+01             
       O -8.45587e+01 -2.46144e+01  4.90208e+01             
       H -8.48274e+01 -2.55673e+01  4.91249e+01             
       H -8.35193e+01 -2.46299e+01  4.88959e+01             
       O -6.79902e+01 -2.63319e+01  5.05331e+01             
       H -6.74830e+01 -2.67731e+01  5.12510e+01             
       H -6.73771e+01 -2.56548e+01  5.00872e+01             
       O -5.79653e+01 -2.73399e+01  5.74749e+01             
       H -5.71599e+01 -1.49935e+01  5.81375e+01             
       H -5.76194e+01 -2.70179e+01  5.66360e+01             
       O -7.78031e+01 -1.29755e+01  5.60552e+01             
       H -6.46743e+01 -1.34212e+01  5.55216e+01             
       H -7.74497e+01 -1.22379e+01  5.66236e+01             
       O -6.83880e+01 -2.26620e+00  5.89418e+01             
       H -7.41033e+01 -3.53275e+01  4.68716e+01             
       H -7.48149e+01 -1.43402e+00  5.52105e+01             
       O -8.00904e+01 -1.69329e+01  5.59656e+01             
       H -7.95268e+01 -1.77553e+01  5.57914e+01             
       H -7.94810e+01 -1.62033e+01  5.63846e+01             
       O -7.80397e+01 -8.85138e+00  4.57279e+01             
       H -7.74380e+01 -2.05155e+01  4.54595e+01             
       H -7.75757e+01 -9.68096e+00  4.54247e+01             
       O -8.53716e+01 -2.40930e+01  5.90770e+01             
       H -8.48022e+01 -2.36811e+01  5.83955e+01             
       H -8.49482e+01 -2.41438e+01  5.99962e+01             
       O -7.52600e+01 -2.15152e+01  6.60324e+01             
       H -7.44984e+01 -2.15050e+01  6.53639e+01             
       H -7.50954e+01 -2.22949e+01  6.66769e+01             
       O -8.80677e+01 -2.80565e+01  4.93937e+01             
       H -8.76184e+01 -2.84505e+01  6.10650e+01             
       H -8.14014e+01 -4.23890e+01  5.07840e+01             
       O -6.82706e+01 -2.19054e+01  6.85291e+01             
       H -6.74726e+01 -2.17223e+01  6.90751e+01             
       H -6.79948e+01 -2.26405e+01  6.79804e+01             
       O -7.44855e+01 -2.31325e+01  5.58563e+01             
       H -7.37591e+01 -2.25042e+01  5.61117e+01             
       H -7.39691e+01 -2.40351e+01  5.58990e+01             
       O -9.20200e+01 -2.05380e+01  6.38536e+01             
       H -9.11648e+01 -2.09299e+01  6.38690e+01             
       H -9.16867e+01 -1.96278e+01  6.40213e+01             
       O -7.27123e+01 -2.65889e+01  5.81223e+01             
       H -7.27060e+01 -2.56710e+01  5.84257e+01             
       H -7.16875e+01 -2.68585e+01  5.80034e+01             
       O -8.58609e+01 -1.90097e+01  3.83693e+01             
       H -8.51529e+01 -1.89058e+01  3.77315e+01             
       H -8.56899e+01 -1.82509e+01  3.90116e+01             
       O -7.47819e+01 -2.57970e+01  2.59459e+01             
       H -5.58579e+01 -1.52395e+01  4.73175e+01             
       H -7.38615e+01 -2.58645e+01  2.64159e+01             
       O -8.21059e+01 -2.10624e+01  6.00231e+01             
       H -8.19130e+01 -2.17104e+01  6.07037e+01             
       H -8.12359e+01 -2.06367e+01  5.97639e+01             
       O -8.36159e+01 -1.86758e+01  7.37586e+01             
       H -8.32574e+01 -1.95785e+01  7.35651e+01             
       H -8.27833e+01 -1.81276e+01  7.40148e+01             
