192                                                         
# CELL(abcABC):   12.41850    12.41850    12.41850    90.00000    90.00000    90.00000  Step:           0  Bead:       0 x_centroid{angstrom}  cell{angstrom}   
       O -7.38165e+01 -9.76580e+00  6.59057e+01             
       H -7.34665e+01 -1.03853e+01  6.52919e+01             
       H -7.30621e+01 -9.24108e+00  6.61977e+01             
       O -6.04979e+01 -6.83188e+00  5.70705e+01             
       H -6.22490e+01 -1.65559e+01  5.22444e+01             
       H -5.96666e+01 -6.31827e+00  5.68226e+01             
       O -6.54459e+01 -2.58322e+01  4.96345e+01             
       H -6.53122e+01 -1.38018e+01  5.04967e+01             
       H -6.46866e+01 -2.62265e+01  4.91012e+01             
       O -5.94997e+01 -2.08305e+01  5.48753e+01             
       H -5.85244e+01 -2.10037e+01  5.50448e+01             
       H -5.96360e+01 -2.02215e+01  5.56191e+01             
       O -5.07491e+01 -1.95913e+01  4.71712e+01             
       H -4.98411e+01 -1.93752e+01  4.75335e+01             
       H -5.07766e+01 -2.02981e+01  4.65628e+01             
       O -5.48621e+01 -1.76912e+01  6.22569e+01             
       H -5.40597e+01 -1.82294e+01  6.19713e+01             
       H -5.43937e+01 -1.68425e+01  6.25165e+01             
       O -6.07085e+01 -1.89935e+01  3.57415e+01             
       H -5.98165e+01 -1.90589e+01  3.52684e+01             
       H -5.08330e+01  2.88748e+00  5.07105e+01             
       O -4.52944e+01 -1.44345e+01  6.74194e+01             
       H -4.45715e+01 -1.45405e+01  6.80905e+01             
       H -4.46697e+01 -2.66765e+01  6.66204e+01             
       O -6.72517e+01 -7.92218e+00  4.02658e+01             
       H -6.68955e+01 -8.33113e+00  4.10894e+01             
       H -6.65588e+01 -7.32319e+00  3.99901e+01             
       O -6.41512e+01 -2.26645e+01  4.77741e+01             
       H -6.33677e+01 -2.22360e+01  4.81014e+01             
       H -6.37251e+01 -2.32436e+01  4.71551e+01             
       O -6.78079e+01 -5.96228e+00  5.65681e+01             
       H -6.70938e+01 -6.56656e+00  5.68804e+01             
       H -6.73341e+01 -5.43650e+00  5.58704e+01             
       O -6.18785e+01 -1.00993e+01  4.39567e+01             
       H -6.10098e+01 -1.02626e+01  4.44118e+01             
       H -5.36148e+01 -1.00131e+01  4.21122e+01             
       O -5.82043e+01 -2.95913e+01  4.15863e+01             
       H -5.78101e+01 -2.87156e+01  4.14981e+01             
       H -5.59687e+01 -2.51456e+01  5.71305e+01             
       O -6.91488e+01 -1.68656e+01  4.81067e+01             
       H -6.84096e+01 -1.72097e+01  4.85676e+01             
       H -6.87002e+01 -1.62547e+01  4.75318e+01             
       O -5.39376e+01 -2.36653e+01  5.78739e+01             
       H -5.40398e+01 -2.30912e+01  5.70833e+01             
       H -5.29959e+01 -2.38013e+01  5.80496e+01             
       O -6.32388e+01 -7.70403e+00  5.66371e+01             
       H -6.29971e+01 -6.81865e+00  5.69540e+01             
       H -6.24166e+01 -8.23391e+00  5.66800e+01             
       O -6.25093e+01 -6.99998e+00  3.96903e+01             
       H -6.24626e+01 -1.84810e+01  3.93145e+01             
       H -6.15507e+01 -7.35846e+00  3.97456e+01             
       O -6.29527e+01 -2.53446e+01  4.10474e+01             
       H -6.23031e+01 -2.49944e+01  4.03184e+01             
       H -6.22558e+01 -2.57868e+01  4.16010e+01             
       O -6.98724e+01 -1.16357e+01  4.90019e+01             
       H -6.92469e+01 -1.20908e+01  4.83919e+01             
       H -6.92958e+01 -1.10052e+01  4.95037e+01             
       O -6.22464e+01  7.66742e+00  4.55742e+01             
       H -4.53269e+01 -1.61822e+01  4.89644e+01             
       H -6.16339e+01  8.48286e+00  4.55980e+01             
       O -5.52728e+01 -1.46202e+01  5.63069e+01             
       H -5.94597e+01 -2.00250e+01  5.30298e+01             
       H -6.74691e+01 -1.49374e+01  5.71539e+01             
       O -5.62937e+01 -2.65135e+01  5.29297e+01             
       H -5.56595e+01 -2.72250e+01  5.28205e+01             
       H -5.57383e+01 -2.56814e+01  5.31671e+01             
       O -6.44477e+01 -1.96975e+01  5.40069e+01             
       H -6.42255e+01 -1.99897e+01  5.48562e+01             
       H -6.36421e+01 -1.95360e+01  5.35144e+01             
       O -6.10783e+01 -4.11851e+01  5.36965e+01             
       H -6.02959e+01 -4.17656e+01  5.37963e+01             
       H -6.07858e+01 -4.03004e+01  6.64563e+01             
       O -6.34866e+01 -2.26394e+00  4.79270e+01             
       H -6.28158e+01 -1.56588e+00  4.77665e+01             
       H -6.28970e+01 -2.85399e+00  4.83202e+01             
       O -5.36714e+01 -1.76376e+01  5.46026e+01             
       H -5.31611e+01 -1.69490e+01  5.50277e+01             
       H -5.31280e+01 -1.84296e+01  5.43688e+01             
       O -6.12799e+01 -2.22752e+01  6.22284e+01             
       H -6.07985e+01 -2.16367e+01  6.27462e+01             
       H -6.06420e+01 -2.24803e+01  6.15155e+01             
       O -7.82050e+01 -2.03223e+01  4.49419e+01             
       H -7.82825e+01 -2.08501e+01  4.57644e+01             
       H -7.72495e+01 -2.01768e+01  4.48494e+01             
       O -5.84613e+01 -1.34207e+00  5.91547e+01             
       H -5.77103e+01 -9.26767e-01  5.87533e+01             
       H -5.81935e+01 -1.72508e+00  6.00288e+01             
       O -6.15608e+01 -1.29812e+01  4.70119e+01             
       H -6.08905e+01 -1.35859e+01  4.66966e+01             
       H -6.09736e+01 -1.23095e+01  3.50986e+01             
       O -5.68821e+01 -1.08093e+01  2.91147e+01             
       H -5.59886e+01 -1.11914e+01  2.91554e+01             
       H -6.94446e+01 -1.06207e+01  2.81573e+01             
       O -4.83126e+01 -1.40036e+01  2.99535e+01             
       H -4.82244e+01 -1.41417e+01  3.09252e+01             
       H -4.76576e+01 -1.32365e+01  2.98384e+01             
       O -5.98002e+01 -2.34715e+01  3.54243e+01             
       H -5.89912e+01 -2.38476e+01  3.58948e+01             
       H -5.97349e+01 -2.34037e+01  4.68815e+01             
       O -5.48213e+01 -1.52600e+01  3.38859e+01             
       H -6.38776e+01 -9.77010e+00  4.11244e+01             
       H -5.45118e+01 -1.45315e+01  3.43955e+01             
       O -5.88409e+01 -2.45407e+01  5.52877e+01             
       H -5.82785e+01 -2.53280e+01  5.53701e+01             
       H -5.82002e+01 -2.39268e+01  5.48865e+01             
       O -4.85873e+01 -1.21113e+01  3.94778e+01             
       H -4.77130e+01 -1.25474e+01  3.94336e+01             
       H -4.86783e+01 -1.17402e+01  3.85928e+01             
       O -5.23054e+01 -2.71910e+01  5.17668e+01             
       H -5.19614e+01 -2.65930e+01  5.24912e+01             
       H -5.16575e+01 -2.78889e+01  5.16597e+01             
       O -5.75876e+01 -8.93187e+00  5.82148e+01             
       H -5.73026e+01 -8.70938e+00  5.72879e+01             
       H -5.67767e+01 -8.97713e+00  5.87158e+01             
       O -4.76502e+01  9.31129e+00  6.98962e+01             
       H -4.72358e+01  8.53904e+00  6.94582e+01             
       H -4.69416e+01  9.81294e+00  7.03235e+01             
       O -5.67691e+01 -2.46473e+01  5.74099e+01             
       H -6.05707e+01 -1.90919e+01  3.66820e+01             
       H -5.66691e+01 -2.36938e+01  5.71703e+01             
       O -6.27021e+01 -1.67676e+01  5.14022e+01             
       H -5.42394e+01 -1.59979e+01  3.40800e+01             
       H -6.21663e+01 -1.64480e+01  5.07187e+01             
       O -5.43618e+01 -9.47061e+00  4.25169e+01             
       H -6.16524e+01 -5.50768e+00  4.57231e+01             
       H -5.39880e+01 -9.18243e+00  4.33725e+01             
       O -5.45002e+01 -2.46020e+01  5.36977e+01             
       H -6.62559e+01 -2.50068e+01  6.67149e+01             
       H -4.78371e+01 -7.49559e+00  5.77099e+01             
       O -8.83384e+01 -1.18258e+01  5.76900e+01             
       H -8.79679e+01 -1.11400e+01  5.71336e+01             
       H -8.76336e+01 -1.23231e+01  5.80825e+01             
       O -5.86233e+01 -2.83036e+01  4.92895e+01             
       H -5.84870e+01 -2.75375e+01  4.99082e+01             
       H -5.44306e+01 -1.43129e+01  5.59839e+01             
       O -6.45354e+01 -1.04667e+01  4.11731e+01             
       H -6.39235e+01 -1.12358e+01  4.13267e+01             
       H -7.11987e+01 -2.25580e+01  2.05590e+01             
       O -6.92508e+01 -2.07913e+01  4.33462e+01             
       H -6.87317e+01 -1.99543e+01  4.34635e+01             
       H -6.86786e+01 -2.14165e+01  4.29080e+01             
       O -5.36331e+01 -2.36970e+01  3.88655e+01             
       H -5.32549e+01 -2.41794e+01  3.81047e+01             
       H -5.29600e+01 -2.30133e+01  3.90907e+01             
       O -4.27238e+01 -2.53936e+01  4.78577e+01             
       H -4.19352e+01 -1.31963e+01  4.84691e+01             
       H -4.24196e+01 -2.49168e+01  4.70360e+01             
       O -5.60783e+01 -1.02387e+01  5.11303e+01             
       H -4.28513e+01 -1.07562e+01  5.10907e+01             
       H -5.56931e+01 -9.37132e+00  5.12903e+01             
       O -5.15156e+01  3.50131e+00  5.09752e+01             
       H -5.75307e+01 -3.01413e+01  4.11672e+01             
       H -6.17263e+01  2.31281e+00  4.30019e+01             
       O -6.49323e+01 -1.70886e+01  4.70388e+01             
       H -6.46741e+01 -1.78965e+01  4.74641e+01             
       H -6.41732e+01 -1.64933e+01  4.70898e+01             
       O -6.12328e+01 -3.82426e+00  3.67918e+01             
       H -6.02528e+01 -1.61404e+01  3.68295e+01             
       H -6.12206e+01 -4.62397e+00  3.62540e+01             
       O -6.94402e+01 -1.90600e+01  5.20489e+01             
       H -6.89995e+01 -1.84307e+01  5.14631e+01             
       H -6.86667e+01 -1.95686e+01  5.24421e+01             
       O -5.86567e+01 -1.77176e+01  5.64414e+01             
       H -5.84710e+01 -1.75570e+01  5.54861e+01             
       H -5.77740e+01 -1.78623e+01  5.68000e+01             
       O -7.19957e+01 -1.98809e+01  3.97382e+01             
       H -7.10840e+01 -1.95943e+01  5.18904e+01             
       H -6.64162e+01 -3.68357e+01  4.04575e+01             
       O -5.26809e+01 -1.93911e+01  6.15870e+01             
       H -5.22675e+01 -1.99821e+01  6.22322e+01             
       H -5.20576e+01 -1.94657e+01  6.08194e+01             
       O -5.84949e+01 -1.89184e+01  4.69749e+01             
       H -5.78909e+01 -1.81670e+01  4.72428e+01             
       H -5.79222e+01 -1.96728e+01  4.66928e+01             
       O -7.57291e+01 -1.59307e+01  5.58228e+01             
       H -7.50810e+01 -1.60356e+01  5.50774e+01             
       H -7.53704e+01 -1.62956e+01  5.66300e+01             
       O -5.46747e+01 -2.16170e+01  4.74008e+01             
       H -5.43022e+01 -2.10481e+01  4.80828e+01             
       H -5.42262e+01 -2.24262e+01  4.76578e+01             
       O -7.08492e+01 -1.36107e+01  2.62832e+01             
       H -7.04338e+01 -1.31491e+01  2.55737e+01             
       H -7.01245e+01 -1.38133e+01  2.69174e+01             
       O -5.94633e+01 -2.31843e+01  2.03268e+01             
       H -3.86083e+01 -8.21723e+00  3.90369e+01             
       H -5.90621e+01 -2.36757e+01  1.96834e+01             
       O -6.72114e+01 -1.60799e+01  5.26402e+01             
       H -6.70483e+01 -1.67404e+01  5.33055e+01             
       H -6.63645e+01 -1.57082e+01  5.24096e+01             
       O -6.51359e+01 -1.37752e+01  6.80433e+01             
       H -6.45381e+01 -1.45153e+01  6.81997e+01             
       H -6.47555e+01 -1.32082e+01  6.87215e+01             
192                                                         
# CELL(abcABC):   12.41850    12.41850    12.41850    90.00000    90.00000    90.00000  Step:      200000  Bead:       0 x_centroid{angstrom}  cell{angstrom}   
       O -8.27520e+01 -1.40589e+01  7.36505e+01             
       H -8.19084e+01 -1.44128e+01  7.33107e+01             
       H -8.24522e+01 -1.31516e+01  7.39152e+01             
       O -6.93414e+01 -1.15604e+01  6.16907e+01             
       H -7.21247e+01 -2.17697e+01  5.37420e+01             
       H -6.87246e+01 -1.11004e+01  6.10875e+01             
       O -7.78927e+01 -2.78258e+01  5.55193e+01             
       H -7.74916e+01 -1.61550e+01  5.60601e+01             
       H -7.73656e+01 -2.74669e+01  5.47704e+01             
       O -6.83650e+01 -1.97156e+01  5.64539e+01             
       H -6.86513e+01 -2.04274e+01  5.70111e+01             
       H -6.77506e+01 -2.00264e+01  5.57634e+01             
       O -6.27176e+01 -2.40061e+01  4.99587e+01             
       H -6.20797e+01 -2.40405e+01  5.07147e+01             
       H -6.20155e+01 -2.40135e+01  4.91670e+01             
       O -6.30400e+01 -2.17735e+01  6.87248e+01             
       H -6.23771e+01 -2.22612e+01  6.82710e+01             
       H -6.27005e+01 -2.08049e+01  6.86302e+01             
       O -7.09151e+01 -2.27512e+01  4.04097e+01             
       H -7.03238e+01 -2.20103e+01  4.01799e+01             
       H -5.90973e+01 -9.36783e-01  5.86605e+01             
       O -5.66203e+01 -1.98693e+01  7.31413e+01             
       H -5.60559e+01 -1.89809e+01  7.29849e+01             
       H -5.61164e+01 -3.27847e+01  7.38420e+01             
       O -7.34565e+01 -1.13878e+01  4.77743e+01             
       H -7.26953e+01 -1.08509e+01  4.80814e+01             
       H -7.30886e+01 -1.22412e+01  4.74928e+01             
       O -7.81540e+01 -2.70385e+01  5.12212e+01             
       H -7.75407e+01 -2.72236e+01  5.20155e+01             
       H -7.75219e+01 -2.67148e+01  5.05034e+01             
       O -7.81377e+01 -1.04885e+01  6.30890e+01             
       H -7.74472e+01 -1.04399e+01  6.37553e+01             
       H -7.77442e+01 -1.05570e+01  6.22018e+01             
       O -7.40150e+01 -1.59401e+01  5.00551e+01             
       H -7.32245e+01 -1.53599e+01  5.02306e+01             
       H -6.31428e+01 -1.44496e+01  4.96103e+01             
       O -7.35183e+01 -3.10895e+01  4.59953e+01             
       H -7.26269e+01 -3.14118e+01  4.59954e+01             
       H -6.71119e+01 -2.96906e+01  6.38219e+01             
       O -7.93076e+01 -2.03294e+01  5.42695e+01             
       H -7.86318e+01 -2.10339e+01  5.45338e+01             
       H -7.86755e+01 -1.96952e+01  5.38425e+01             
       O -6.76073e+01 -2.49758e+01  6.38460e+01             
       H -6.69703e+01 -2.42222e+01  6.36693e+01             
       H -6.69552e+01 -2.56726e+01  6.39284e+01             
       O -7.15656e+01 -9.81372e+00  6.12732e+01             
       H -7.07336e+01 -1.03404e+01  6.16193e+01             
       H -7.10909e+01 -9.14873e+00  6.07545e+01             
       O -7.17318e+01 -9.78985e+00  4.43910e+01             
       H -7.15581e+01 -2.16801e+01  4.36202e+01             
       H -7.07943e+01 -9.97985e+00  4.46801e+01             
       O -7.43924e+01 -2.79135e+01  4.54601e+01             
       H -7.38433e+01 -2.81931e+01  4.47066e+01             
       H -7.38176e+01 -2.73309e+01  4.59958e+01             
       O -8.22593e+01 -1.33572e+01  5.71358e+01             
       H -8.14315e+01 -1.34275e+01  5.66963e+01             
       H -8.23715e+01 -1.42378e+01  5.75128e+01             
       O -7.31921e+01  4.60001e+00  5.00197e+01             
       H -5.48237e+01 -1.57720e+01  5.49565e+01             
       H -7.24793e+01  5.27062e+00  5.00887e+01             
       O -6.61520e+01 -1.85791e+01  6.33249e+01             
       H -6.92289e+01 -1.81804e+01  5.61529e+01             
       H -7.80646e+01 -1.87944e+01  6.41229e+01             
       O -6.72093e+01 -3.02753e+01  6.03716e+01             
       H -6.69701e+01 -3.02304e+01  5.93907e+01             
       H -6.63631e+01 -3.03782e+01  6.08451e+01             
       O -7.12516e+01 -2.00213e+01  5.86066e+01             
       H -7.03459e+01 -1.99122e+01  5.89490e+01             
       H -7.12970e+01 -2.08255e+01  5.80401e+01             
       O -7.48521e+01 -4.40279e+01  5.58938e+01             
       H -7.43816e+01 -4.38623e+01  5.50332e+01             
       H -7.41523e+01 -4.37901e+01  6.90912e+01             
       O -7.34966e+01 -5.50889e+00  5.39659e+01             
       H -7.33674e+01 -4.95603e+00  5.48285e+01             
       H -7.25965e+01 -5.84528e+00  5.36915e+01             
       O -6.50646e+01 -2.24916e+01  6.05048e+01             
       H -6.51835e+01 -2.15297e+01  6.06562e+01             
       H -6.43570e+01 -2.26311e+01  5.97638e+01             
       O -7.35089e+01 -2.39565e+01  6.82707e+01             
       H -7.29810e+01 -2.31782e+01  6.85291e+01             
       H -7.28589e+01 -2.45606e+01  6.79451e+01             
       O -8.89210e+01 -2.27371e+01  5.27490e+01             
       H -8.82669e+01 -2.34252e+01  5.31508e+01             
       H -8.82928e+01 -2.19211e+01  5.25298e+01             
       O -7.02463e+01 -4.31685e+00  6.41573e+01             
       H -6.92245e+01 -4.15760e+00  6.39161e+01             
       H -7.01609e+01 -4.52724e+00  6.50706e+01             
       O -7.18839e+01 -1.47413e+01  5.08136e+01             
       H -7.12471e+01 -1.44611e+01  5.00837e+01             
       H -7.13931e+01 -1.54958e+01  3.89525e+01             
       O -6.90920e+01 -9.85887e+00  3.27379e+01             
       H -6.87799e+01 -1.01897e+01  3.35511e+01             
       H -8.09954e+01 -1.04336e+01  3.21645e+01             
       O -5.99315e+01 -1.64283e+01  3.50970e+01             
       H -5.91468e+01 -1.63089e+01  3.45026e+01             
       H -5.96293e+01 -1.69098e+01  3.58701e+01             
       O -7.17019e+01 -2.58625e+01  4.25462e+01             
       H -7.10036e+01 -2.56544e+01  4.32561e+01             
       H -7.12575e+01 -2.57664e+01  5.40750e+01             
       O -6.44690e+01 -1.90574e+01  4.05336e+01             
       H -7.63330e+01 -1.24965e+01  4.57097e+01             
       H -6.39203e+01 -1.82131e+01  4.03967e+01             
       O -6.81372e+01 -2.78691e+01  6.00922e+01             
       H -6.79559e+01 -2.88186e+01  6.04758e+01             
       H -6.73238e+01 -2.73749e+01  6.01240e+01             
       O -6.02047e+01 -1.62220e+01  4.35315e+01             
       H -5.94230e+01 -1.66581e+01  4.38793e+01             
       H -5.98505e+01 -1.54294e+01  4.30728e+01             
       O -6.41935e+01 -2.98158e+01  5.71151e+01             
       H -6.35700e+01 -2.92233e+01  5.75965e+01             
       H -6.36127e+01 -3.04474e+01  5.66746e+01             
       O -6.52264e+01 -9.83633e+00  6.73047e+01             
       H -6.46841e+01 -9.93275e+00  6.63894e+01             
       H -6.45222e+01 -9.83478e+00  6.80398e+01             
       O -5.90112e+01  6.43705e+00  7.44647e+01             
       H -5.82137e+01  5.95800e+00  7.40647e+01             
       H -5.85670e+01  6.85167e+00  7.52259e+01             
       O -6.75599e+01 -2.88820e+01  6.40727e+01             
       H -7.02914e+01 -2.34408e+01  4.05922e+01             
       H -6.69905e+01 -2.81635e+01  6.37460e+01             
       O -7.27366e+01 -2.11253e+01  5.41291e+01             
       H -6.38318e+01 -1.97963e+01  4.05506e+01             
       H -7.22740e+01 -2.02697e+01  5.40569e+01             
       O -6.38856e+01 -1.38419e+01  4.95072e+01             
       H -7.26712e+01 -8.65107e+00  4.98406e+01             
       H -6.35814e+01 -1.29260e+01  4.97696e+01             
       O -6.58921e+01 -2.63674e+01  6.02104e+01             
       H -7.76799e+01 -2.63447e+01  7.34330e+01             
       H -5.63653e+01 -1.17264e+01  6.24901e+01             
       O -1.00070e+02 -1.67373e+01  6.49427e+01             
       H -9.96406e+01 -1.66263e+01  6.40699e+01             
       H -9.93854e+01 -1.69918e+01  6.55930e+01             
       O -6.80097e+01 -2.84204e+01  5.43886e+01             
       H -6.76299e+01 -2.84798e+01  5.34943e+01             
       H -6.54196e+01 -1.82920e+01  6.27026e+01             
       O -7.68599e+01 -1.33443e+01  4.55166e+01             
       H -7.62084e+01 -1.40250e+01  4.52193e+01             
       H -8.10960e+01 -2.41887e+01  2.97896e+01             
       O -7.99618e+01 -2.34707e+01  4.73533e+01             
       H -7.91395e+01 -2.29801e+01  4.77795e+01             
       H -7.98055e+01 -2.44081e+01  4.75543e+01             
       O -6.40714e+01 -2.70638e+01  4.10272e+01             
       H -6.35113e+01 -2.63061e+01  4.10655e+01             
       H -6.34346e+01 -2.78220e+01  4.06749e+01             
       O -5.47102e+01 -2.62308e+01  5.67878e+01             
       H -5.40888e+01 -1.34646e+01  5.74395e+01             
       H -5.40403e+01 -2.67185e+01  5.61781e+01             
       O -6.74575e+01 -1.12071e+01  5.55772e+01             
       H -5.46302e+01 -1.20419e+01  5.59670e+01             
       H -6.66389e+01 -1.05925e+01  5.54052e+01             
       O -5.97788e+01 -1.19961e+00  5.93252e+01             
       H -7.34623e+01 -3.02285e+01  4.64862e+01             
       H -7.36826e+01 -3.88319e+00  4.92038e+01             
       O -7.48056e+01 -2.08006e+01  5.24292e+01             
       H -7.41994e+01 -2.08343e+01  5.31954e+01             
       H -7.42320e+01 -2.05050e+01  5.17332e+01             
       O -7.09928e+01 -6.49821e+00  4.13676e+01             
       H -7.05581e+01 -1.83210e+01  4.20683e+01             
       H -7.02253e+01 -7.02219e+00  4.09427e+01             
       O -7.56871e+01 -2.33751e+01  5.86123e+01             
       H -7.48538e+01 -2.34038e+01  5.91848e+01             
       H -7.53404e+01 -2.28531e+01  5.78701e+01             
       O -6.75466e+01 -2.09312e+01  6.29677e+01             
       H -6.70102e+01 -2.16011e+01  6.33087e+01             
       H -6.69805e+01 -2.01702e+01  6.29753e+01             
       O -8.20800e+01 -1.73857e+01  4.32880e+01             
       H -8.12655e+01 -1.69174e+01  5.52369e+01             
       H -7.76915e+01 -3.87694e+01  4.70211e+01             
       O -6.25489e+01 -2.44526e+01  6.62310e+01             
       H -6.20433e+01 -2.40896e+01  6.70375e+01             
       H -6.18313e+01 -2.46751e+01  6.56020e+01             
       O -6.92176e+01 -2.06360e+01  5.25923e+01             
       H -6.84497e+01 -2.04269e+01  5.31928e+01             
       H -6.86396e+01 -2.07155e+01  5.17593e+01             
       O -8.75709e+01 -1.99278e+01  6.03919e+01             
       H -8.68441e+01 -1.96950e+01  5.97419e+01             
       H -8.69524e+01 -2.00091e+01  6.12056e+01             
       O -6.05794e+01 -2.45895e+01  5.18423e+01             
       H -5.99209e+01 -2.38998e+01  5.20759e+01             
       H -6.00532e+01 -2.53987e+01  5.16121e+01             
       O -8.25493e+01 -1.61995e+01  3.34741e+01             
       H -8.17928e+01 -1.58066e+01  3.40097e+01             
       H -8.21292e+01 -1.64845e+01  3.26614e+01             
       O -6.92868e+01 -2.45939e+01  2.91001e+01             
       H -4.67580e+01 -1.39468e+01  4.75529e+01             
       H -6.86386e+01 -2.49075e+01  2.84125e+01             
       O -7.87714e+01 -1.86373e+01  5.79813e+01             
       H -7.79791e+01 -1.81645e+01  5.76900e+01             
       H -7.92676e+01 -1.88661e+01  5.71586e+01             
       O -7.69236e+01 -1.79382e+01  7.35322e+01             
       H -7.62071e+01 -1.85749e+01  7.33235e+01             
       H -7.65249e+01 -1.71013e+01  7.37013e+01             
