192                                                         
# CELL(abcABC):   12.41850    12.41850    12.41850    90.00000    90.00000    90.00000  Step:           0  Bead:       0 x_centroid{angstrom}  cell{angstrom}   
       O -7.65072e+01 -1.03662e+01  7.10278e+01             
       H -7.64455e+01 -1.06395e+01  7.00759e+01             
       H -7.55741e+01 -1.07321e+01  7.12738e+01             
       O -6.32407e+01 -6.29665e+00  5.64490e+01             
       H -6.56048e+01 -1.73929e+01  5.33031e+01             
       H -6.25305e+01 -5.80742e+00  5.69902e+01             
       O -6.88032e+01 -2.66035e+01  5.02249e+01             
       H -6.83461e+01 -1.43058e+01  5.10948e+01             
       H -6.81833e+01 -2.60618e+01  4.96841e+01             
       O -6.10472e+01 -2.06002e+01  5.58587e+01             
       H -6.02872e+01 -2.10210e+01  5.63280e+01             
       H -6.05449e+01 -1.98996e+01  5.53908e+01             
       O -5.35993e+01 -2.09125e+01  4.85835e+01             
       H -5.28883e+01 -2.02948e+01  4.86830e+01             
       H -5.32018e+01 -2.18491e+01  4.85609e+01             
       O -5.80841e+01 -1.92215e+01  6.39514e+01             
       H -5.74335e+01 -1.96507e+01  6.33914e+01             
       H -5.75355e+01 -1.86382e+01  6.45245e+01             
       O -6.36654e+01 -1.94420e+01  3.67699e+01             
       H -6.29635e+01 -1.94952e+01  3.60675e+01             
       H -5.37654e+01  2.07212e+00  5.19036e+01             
       O -4.82678e+01 -1.74288e+01  6.73208e+01             
       H -4.78422e+01 -1.74129e+01  6.81918e+01             
       H -4.75594e+01 -2.93637e+01  6.68735e+01             
       O -7.10223e+01 -9.72004e+00  4.14898e+01             
       H -7.07896e+01 -9.16025e+00  4.22399e+01             
       H -7.02537e+01 -9.95738e+00  4.09766e+01             
       O -7.06099e+01 -2.21635e+01  4.87596e+01             
       H -7.01426e+01 -2.28494e+01  4.83486e+01             
       H -6.99079e+01 -2.16888e+01  4.92582e+01             
       O -6.96467e+01 -6.58924e+00  5.72950e+01             
       H -6.91227e+01 -6.88270e+00  5.80408e+01             
       H -6.89659e+01 -6.21874e+00  5.66502e+01             
       O -6.55185e+01 -1.13168e+01  4.82594e+01             
       H -6.51481e+01 -1.11088e+01  4.73421e+01             
       H -5.55525e+01 -1.07407e+01  4.49076e+01             
       O -6.22839e+01 -3.12551e+01  4.10299e+01             
       H -6.17287e+01 -3.06432e+01  4.15704e+01             
       H -5.83786e+01 -2.60670e+01  5.98268e+01             
       O -7.17777e+01 -1.79200e+01  4.93845e+01             
       H -7.12803e+01 -1.84047e+01  5.00786e+01             
       H -7.10809e+01 -1.72247e+01  4.90660e+01             
       O -5.71735e+01 -2.44512e+01  5.97333e+01             
       H -5.68228e+01 -2.39275e+01  5.89813e+01             
       H -5.62931e+01 -2.47920e+01  6.00793e+01             
       O -6.51451e+01 -7.94069e+00  5.77077e+01             
       H -6.43892e+01 -7.42948e+00  5.73212e+01             
       H -6.46936e+01 -8.68152e+00  5.81477e+01             
       O -6.43722e+01 -7.97616e+00  4.11161e+01             
       H -6.37784e+01 -1.95478e+01  4.10756e+01             
       H -6.37460e+01 -8.74296e+00  4.11533e+01             
       O -6.40745e+01 -2.39645e+01  4.31493e+01             
       H -6.36442e+01 -2.34334e+01  4.23771e+01             
       H -6.35527e+01 -2.47773e+01  4.32840e+01             
       O -7.42402e+01 -1.16411e+01  5.20464e+01             
       H -7.38074e+01 -1.14496e+01  5.11902e+01             
       H -7.37725e+01 -1.24129e+01  5.23813e+01             
       O -6.57342e+01  7.58971e+00  4.62763e+01             
       H -4.81838e+01 -1.68109e+01  4.99109e+01             
       H -6.50387e+01  8.20689e+00  4.64505e+01             
       O -5.92445e+01 -1.71086e+01  5.70791e+01             
       H -6.18449e+01 -2.18656e+01  5.46076e+01             
       H -7.09940e+01 -1.78644e+01  5.71156e+01             
       O -5.84028e+01 -2.84893e+01  5.37969e+01             
       H -5.76266e+01 -2.88869e+01  5.33086e+01             
       H -5.79766e+01 -2.81127e+01  5.45748e+01             
       O -6.64229e+01 -2.07690e+01  5.54078e+01             
       H -6.58442e+01 -2.08538e+01  5.62214e+01             
       H -6.56898e+01 -2.06874e+01  5.47574e+01             
       O -6.42354e+01 -4.13133e+01  5.49293e+01             
       H -6.38151e+01 -4.21041e+01  5.53401e+01             
       H -6.35392e+01 -4.08172e+01  6.69614e+01             
       O -6.55267e+01 -2.64533e+00  4.95178e+01             
       H -6.52011e+01 -1.94936e+00  4.89656e+01             
       H -6.47365e+01 -3.18794e+00  4.97074e+01             
       O -5.53206e+01 -1.83879e+01  5.56055e+01             
       H -5.47057e+01 -1.76664e+01  5.58763e+01             
       H -5.47901e+01 -1.93323e+01  5.56203e+01             
       O -6.49191e+01 -2.64378e+01  6.48724e+01             
       H -6.40572e+01 -2.65220e+01  6.53920e+01             
       H -6.48438e+01 -2.67850e+01  6.40167e+01             
       O -8.00253e+01 -2.03766e+01  4.63873e+01             
       H -7.95569e+01 -2.04458e+01  4.72316e+01             
       H -7.92458e+01 -2.03785e+01  4.58111e+01             
       O -6.18452e+01 -1.93546e+00  6.09030e+01             
       H -6.16209e+01 -2.61971e+00  6.16374e+01             
       H -6.09815e+01 -1.68397e+00  6.06539e+01             
       O -6.35408e+01 -1.25360e+01  4.93765e+01             
       H -6.28681e+01 -1.31792e+01  4.90539e+01             
       H -6.31723e+01 -1.23641e+01  3.78716e+01             
       O -5.88652e+01 -1.23627e+01  3.06267e+01             
       H -5.79678e+01 -1.26106e+01  3.04624e+01             
       H -7.12191e+01 -1.15233e+01  3.02028e+01             
       O -5.02462e+01 -1.37732e+01  3.13672e+01             
       H -5.07220e+01 -1.44146e+01  3.18641e+01             
       H -4.94656e+01 -1.36082e+01  3.19195e+01             
       O -6.46188e+01 -2.36681e+01  3.95794e+01             
       H -6.46132e+01 -2.46887e+01  3.97305e+01             
       H -6.37558e+01 -2.33293e+01  5.18737e+01             
       O -5.75630e+01 -1.61684e+01  3.63085e+01             
       H -6.67781e+01 -1.03101e+01  4.28317e+01             
       H -5.66948e+01 -1.64263e+01  3.59431e+01             
       O -6.04102e+01 -2.54206e+01  5.76562e+01             
       H -5.99619e+01 -2.60794e+01  5.83231e+01             
       H -5.97867e+01 -2.52795e+01  5.69272e+01             
       O -5.01925e+01 -1.44526e+01  4.11086e+01             
       H -4.94574e+01 -1.46456e+01  4.05035e+01             
       H -4.98912e+01 -1.41244e+01  4.19774e+01             
       O -5.50820e+01 -2.71849e+01  5.32396e+01             
       H -5.41176e+01 -2.70719e+01  5.29730e+01             
       H -5.51849e+01 -2.81458e+01  5.32404e+01             
       O -5.98157e+01 -9.06857e+00  5.93958e+01             
       H -5.93972e+01 -8.91372e+00  5.85403e+01             
       H -5.91579e+01 -9.14146e+00  6.01631e+01             
       O -5.09159e+01  9.17720e+00  7.11315e+01             
       H -5.01867e+01  8.56601e+00  7.08648e+01             
       H -5.04975e+01  9.74998e+00  7.17990e+01             
       O -5.90915e+01 -2.67044e+01  5.97310e+01             
       H -6.32185e+01 -2.00403e+01  3.74391e+01             
       H -5.88303e+01 -2.75582e+01  6.01334e+01             
       O -6.60575e+01 -1.74565e+01  5.24473e+01             
       H -5.72800e+01 -1.55178e+01  3.69917e+01             
       H -6.53802e+01 -1.73188e+01  5.17905e+01             
       O -5.62611e+01 -1.03460e+01  4.54803e+01             
       H -6.53614e+01 -5.70910e+00  4.61544e+01             
       H -5.58340e+01 -9.53776e+00  4.58443e+01             
       O -5.61458e+01 -2.51756e+01  5.47339e+01             
       H -6.82058e+01 -2.59978e+01  6.67418e+01             
       H -5.02484e+01 -6.91884e+00  5.59566e+01             
       O -9.23545e+01 -1.31938e+01  6.07323e+01             
       H -9.15523e+01 -1.25975e+01  6.08152e+01             
       H -9.22445e+01 -1.39617e+01  6.01908e+01             
       O -6.12414e+01 -2.86410e+01  5.03931e+01             
       H -6.08237e+01 -2.83439e+01  5.12528e+01             
       H -5.86747e+01 -1.63388e+01  5.69530e+01             
       O -6.66709e+01 -1.10615e+01  4.34334e+01             
       H -6.57086e+01 -1.13569e+01  4.33753e+01             
       H -7.34459e+01 -2.42849e+01  2.15168e+01             
       O -7.09703e+01 -2.12788e+01  4.45085e+01             
       H -7.04442e+01 -2.04288e+01  4.46356e+01             
       H -7.04029e+01 -2.20850e+01  4.47317e+01             
       O -5.67740e+01 -2.34238e+01  4.02058e+01             
       H -5.64258e+01 -2.40576e+01  4.08266e+01             
       H -5.59608e+01 -2.29019e+01  3.99648e+01             
       O -4.62242e+01 -2.53044e+01  5.11319e+01             
       H -4.54382e+01 -1.31111e+01  5.06173e+01             
       H -4.58062e+01 -2.47474e+01  5.18198e+01             
       O -6.26079e+01 -9.12882e+00  5.06142e+01             
       H -4.96354e+01 -9.52266e+00  4.99466e+01             
       H -6.19397e+01 -8.86169e+00  5.12918e+01             
       O -5.44175e+01  2.85085e+00  5.19613e+01             
       H -6.16936e+01 -3.19877e+01  4.06699e+01             
       H -6.46983e+01  7.77441e-01  4.86910e+01             
       O -6.74591e+01 -1.65765e+01  4.82260e+01             
       H -6.68389e+01 -1.70333e+01  4.75769e+01             
       H -6.68818e+01 -1.62193e+01  4.88847e+01             
       O -6.38502e+01 -4.57924e+00  3.80656e+01             
       H -6.29239e+01 -1.68939e+01  3.83002e+01             
       H -6.39319e+01 -5.45884e+00  3.76876e+01             
       O -7.29886e+01 -2.08747e+01  5.24661e+01             
       H -7.24468e+01 -2.03417e+01  5.18583e+01             
       H -7.22559e+01 -2.13159e+01  5.29283e+01             
       O -6.16248e+01 -1.76548e+01  5.80573e+01             
       H -6.07052e+01 -1.73253e+01  5.78207e+01             
       H -6.14767e+01 -1.83166e+01  5.87250e+01             
       O -7.48781e+01 -2.24019e+01  4.16842e+01             
       H -7.44600e+01 -2.30768e+01  5.35526e+01             
       H -6.77922e+01 -3.71424e+01  4.27171e+01             
       O -5.60122e+01 -2.08445e+01  6.27341e+01             
       H -5.54489e+01 -2.12186e+01  6.34828e+01             
       H -5.52821e+01 -2.05553e+01  6.20846e+01             
       O -6.11665e+01 -1.92711e+01  4.77306e+01             
       H -6.05414e+01 -1.87063e+01  4.82236e+01             
       H -6.07155e+01 -2.01033e+01  4.74532e+01             
       O -7.88969e+01 -1.62053e+01  5.61740e+01             
       H -7.80441e+01 -1.61234e+01  5.56862e+01             
       H -7.85434e+01 -1.62916e+01  5.70845e+01             
       O -6.06360e+01 -2.39052e+01  4.96644e+01             
       H -5.97740e+01 -2.34185e+01  4.96208e+01             
       H -6.09317e+01 -2.38962e+01  4.87409e+01             
       O -7.27302e+01 -1.46801e+01  2.76973e+01             
       H -7.20693e+01 -1.41756e+01  2.71596e+01             
       H -7.20200e+01 -1.50712e+01  2.82573e+01             
       O -6.15120e+01 -2.35670e+01  2.19767e+01             
       H -4.15982e+01 -8.94028e+00  4.01547e+01             
       H -6.08868e+01 -2.27833e+01  2.20519e+01             
       O -6.86976e+01 -1.74679e+01  5.32694e+01             
       H -6.85878e+01 -1.78952e+01  5.41253e+01             
       H -6.78211e+01 -1.75837e+01  5.29242e+01             
       O -6.93150e+01 -1.53111e+01  6.84919e+01             
       H -6.83709e+01 -1.55276e+01  6.86431e+01             
       H -6.93397e+01 -1.43696e+01  6.87250e+01             
192                                                         
# CELL(abcABC):   12.41850    12.41850    12.41850    90.00000    90.00000    90.00000  Step:      200000  Bead:       0 x_centroid{angstrom}  cell{angstrom}   
       O -8.81067e+01 -1.32134e+01  7.49778e+01             
       H -8.76143e+01 -1.32899e+01  7.41222e+01             
       H -8.74178e+01 -1.30200e+01  7.56354e+01             
       O -7.53709e+01 -9.12540e+00  6.28402e+01             
       H -7.77885e+01 -2.15204e+01  5.99772e+01             
       H -7.51014e+01 -8.66360e+00  6.36769e+01             
       O -7.90550e+01 -3.08583e+01  5.70516e+01             
       H -7.85321e+01 -1.79553e+01  5.77455e+01             
       H -7.83191e+01 -3.10432e+01  5.63616e+01             
       O -7.33815e+01 -2.28675e+01  6.20155e+01             
       H -7.25383e+01 -2.31900e+01  6.25219e+01             
       H -7.29228e+01 -2.23064e+01  6.12943e+01             
       O -6.53206e+01 -2.33203e+01  5.40620e+01             
       H -6.47760e+01 -2.25755e+01  5.44467e+01             
       H -6.47186e+01 -2.40598e+01  5.39380e+01             
       O -6.90989e+01 -2.21800e+01  6.89776e+01             
       H -6.83495e+01 -2.27067e+01  6.85856e+01             
       H -6.86704e+01 -2.17418e+01  6.97755e+01             
       O -7.60395e+01 -2.14554e+01  4.28011e+01             
       H -7.52176e+01 -2.16403e+01  4.24669e+01             
       H -6.55861e+01 -1.04473e+00  5.69484e+01             
       O -5.97196e+01 -2.16700e+01  7.24129e+01             
       H -5.95161e+01 -2.23749e+01  7.17428e+01             
       H -5.89956e+01 -3.34444e+01  7.25715e+01             
       O -8.19700e+01 -1.25220e+01  4.72431e+01             
       H -8.12696e+01 -1.19547e+01  4.76595e+01             
       H -8.14345e+01 -1.32757e+01  4.69354e+01             
       O -8.21577e+01 -2.52422e+01  5.47633e+01             
       H -8.16987e+01 -2.60682e+01  5.44117e+01             
       H -8.14279e+01 -2.47488e+01  5.51680e+01             
       O -8.10985e+01 -9.84137e+00  6.33637e+01             
       H -8.02426e+01 -1.03252e+01  6.36747e+01             
       H -8.08260e+01 -9.24745e+00  6.26630e+01             
       O -7.62281e+01 -1.33037e+01  5.34528e+01             
       H -7.53138e+01 -1.32111e+01  5.30314e+01             
       H -6.66390e+01 -1.41236e+01  5.09989e+01             
       O -7.39454e+01 -3.23653e+01  4.61113e+01             
       H -7.32614e+01 -3.27258e+01  4.66933e+01             
       H -6.90113e+01 -3.01941e+01  6.71055e+01             
       O -8.33335e+01 -2.09291e+01  5.50664e+01             
       H -8.26090e+01 -2.14947e+01  5.55106e+01             
       H -8.28240e+01 -2.06081e+01  5.42322e+01             
       O -6.84137e+01 -2.74723e+01  6.55754e+01             
       H -6.81297e+01 -2.68957e+01  6.48125e+01             
       H -6.76105e+01 -2.76110e+01  6.61653e+01             
       O -7.71962e+01 -1.11194e+01  6.23517e+01             
       H -7.66181e+01 -1.04139e+01  6.26124e+01             
       H -7.66519e+01 -1.19477e+01  6.23299e+01             
       O -7.44154e+01 -1.26040e+01  4.78153e+01             
       H -7.38879e+01 -2.42806e+01  4.82165e+01             
       H -7.39805e+01 -1.31850e+01  4.71810e+01             
       O -7.48427e+01 -2.93900e+01  4.90858e+01             
       H -7.39058e+01 -2.93383e+01  4.87739e+01             
       H -7.49208e+01 -2.96457e+01  4.99698e+01             
       O -8.54487e+01 -1.43001e+01  5.86555e+01             
       H -8.46459e+01 -1.40087e+01  5.82706e+01             
       H -8.50776e+01 -1.50164e+01  5.92192e+01             
       O -7.65669e+01  8.58187e+00  5.28669e+01             
       H -5.95188e+01 -1.98714e+01  5.62411e+01             
       H -7.58537e+01  8.12722e+00  5.24181e+01             
       O -7.16261e+01 -1.98376e+01  6.34225e+01             
       H -7.02550e+01 -2.73614e+01  6.23747e+01             
       H -8.39377e+01 -2.04849e+01  6.27170e+01             
       O -6.99693e+01 -3.23049e+01  6.02149e+01             
       H -6.91767e+01 -3.26556e+01  5.97816e+01             
       H -6.96618e+01 -3.16671e+01  6.08711e+01             
       O -7.70251e+01 -2.52500e+01  5.95156e+01             
       H -7.72229e+01 -2.45397e+01  6.00994e+01             
       H -7.60499e+01 -2.51692e+01  5.94447e+01             
       O -7.73641e+01 -4.53504e+01  6.14772e+01             
       H -7.65938e+01 -4.56995e+01  6.19978e+01             
       H -7.68260e+01 -4.47815e+01  7.32884e+01             
       O -7.67503e+01 -6.42070e+00  5.47466e+01             
       H -7.60995e+01 -5.73085e+00  5.45854e+01             
       H -7.61511e+01 -7.23793e+00  5.48674e+01             
       O -6.72128e+01 -2.38811e+01  6.06744e+01             
       H -6.68231e+01 -2.34398e+01  6.14850e+01             
       H -6.67893e+01 -2.32332e+01  6.00420e+01             
       O -7.52401e+01 -2.83229e+01  6.97988e+01             
       H -7.48214e+01 -2.88347e+01  6.90252e+01             
       H -7.45745e+01 -2.77796e+01  7.01629e+01             
       O -9.13916e+01 -2.35533e+01  5.17040e+01             
       H -9.09078e+01 -2.33196e+01  5.25606e+01             
       H -9.06781e+01 -2.34556e+01  5.09821e+01             
       O -7.16767e+01 -3.44734e+00  6.67309e+01             
       H -7.13805e+01 -2.89425e+00  6.75392e+01             
       H -7.09769e+01 -4.08030e+00  6.64185e+01             
       O -7.40370e+01 -1.72029e+01  5.53364e+01             
       H -7.32877e+01 -1.67002e+01  5.49951e+01             
       H -7.35493e+01 -1.80090e+01  4.33307e+01             
       O -6.96652e+01 -1.33544e+01  3.74905e+01             
       H -6.86907e+01 -1.34610e+01  3.78639e+01             
       H -8.21526e+01 -1.31156e+01  3.65510e+01             
       O -5.99303e+01 -1.64506e+01  3.52945e+01             
       H -5.93698e+01 -1.68473e+01  3.46430e+01             
       H -5.94600e+01 -1.62879e+01  3.60990e+01             
       O -7.61127e+01 -2.58532e+01  4.40933e+01             
       H -7.53080e+01 -2.52760e+01  4.40739e+01             
       H -7.57829e+01 -2.67704e+01  5.67801e+01             
       O -6.96175e+01 -1.99782e+01  4.02439e+01             
       H -7.69846e+01 -1.48383e+01  5.04103e+01             
       H -6.90627e+01 -1.91719e+01  4.04273e+01             
       O -7.28529e+01 -2.81795e+01  6.43381e+01             
       H -7.22795e+01 -2.82361e+01  6.52228e+01             
       H -7.20722e+01 -2.81990e+01  6.36362e+01             
       O -6.35787e+01 -1.89131e+01  4.74026e+01             
       H -6.27884e+01 -1.92996e+01  4.69686e+01             
       H -6.32094e+01 -1.83911e+01  4.81875e+01             
       O -6.50658e+01 -2.95163e+01  5.86939e+01             
       H -6.44474e+01 -2.88462e+01  5.83266e+01             
       H -6.44481e+01 -3.02108e+01  5.91323e+01             
       O -7.19502e+01 -1.17586e+01  6.58703e+01             
       H -7.15799e+01 -1.13902e+01  6.51286e+01             
       H -7.11790e+01 -1.22190e+01  6.63672e+01             
       O -6.22135e+01  7.29637e+00  7.66928e+01             
       H -6.17720e+01  6.45220e+00  7.68788e+01             
       H -6.15304e+01  8.00700e+00  7.67545e+01             
       O -6.95542e+01 -3.00719e+01  6.62993e+01             
       H -7.58948e+01 -2.17101e+01  4.37281e+01             
       H -6.90551e+01 -2.93765e+01  6.57949e+01             
       O -7.83489e+01 -2.19026e+01  5.92366e+01             
       H -6.90183e+01 -2.06402e+01  3.98181e+01             
       H -7.77405e+01 -2.19336e+01  5.84461e+01             
       O -6.75083e+01 -1.36327e+01  5.11972e+01             
       H -7.62645e+01 -2.85796e+00  5.29553e+01             
       H -6.73092e+01 -1.26266e+01  5.13369e+01             
       O -6.70142e+01 -2.87379e+01  6.05355e+01             
       H -7.87736e+01 -2.91356e+01  7.23000e+01             
       H -6.20544e+01 -9.64880e+00  6.25670e+01             
       O -1.03362e+02 -1.60774e+01  6.71679e+01             
       H -1.02617e+02 -1.61796e+01  6.65611e+01             
       H -1.03084e+02 -1.56015e+01  6.79371e+01             
       O -7.23639e+01 -3.15006e+01  5.67021e+01             
       H -7.17649e+01 -3.09984e+01  5.72560e+01             
       H -7.08119e+01 -1.97781e+01  6.39425e+01             
       O -7.78310e+01 -1.53041e+01  5.06074e+01             
       H -7.74706e+01 -1.60160e+01  5.11934e+01             
       H -8.58514e+01 -2.66395e+01  2.71769e+01             
       O -8.34261e+01 -2.35906e+01  5.07988e+01             
       H -8.25546e+01 -2.31492e+01  5.10000e+01             
       H -8.30845e+01 -2.44955e+01  5.05405e+01             
       O -6.80996e+01 -2.70879e+01  4.63246e+01             
       H -6.77139e+01 -2.75264e+01  4.71652e+01             
       H -6.74693e+01 -2.64250e+01  4.59159e+01             
       O -5.62437e+01 -2.92232e+01  5.69140e+01             
       H -5.55014e+01 -1.74311e+01  5.68138e+01             
       H -5.59497e+01 -2.85598e+01  5.76032e+01             
       O -7.39796e+01 -1.14476e+01  5.70002e+01             
       H -6.07225e+01 -1.16105e+01  5.75295e+01             
       H -7.36600e+01 -1.08593e+01  5.62675e+01             
       O -6.62627e+01 -6.85630e-01  5.75336e+01             
       H -7.34018e+01 -3.20937e+01  4.52524e+01             
       H -7.60709e+01 -9.81221e-01  5.44213e+01             
       O -7.88403e+01 -1.88688e+01  5.33904e+01             
       H -7.88711e+01 -1.79254e+01  5.36542e+01             
       H -7.79059e+01 -1.90738e+01  5.37077e+01             
       O -7.57023e+01 -9.58316e+00  4.53621e+01             
       H -7.51359e+01 -2.12591e+01  4.56784e+01             
       H -7.50000e+01 -1.03233e+01  4.53742e+01             
       O -8.35712e+01 -2.33971e+01  5.81143e+01             
       H -8.30520e+01 -2.28320e+01  5.74592e+01             
       H -8.28734e+01 -2.39552e+01  5.85572e+01             
       O -7.38572e+01 -2.02482e+01  6.47825e+01             
       H -7.29488e+01 -2.02319e+01  6.42482e+01             
       H -7.35808e+01 -2.08755e+01  6.54819e+01             
       O -8.31816e+01 -2.82552e+01  5.00820e+01             
       H -8.24849e+01 -2.89438e+01  6.24529e+01             
       H -7.88498e+01 -4.07306e+01  4.87815e+01             
       O -6.75191e+01 -2.39896e+01  6.79283e+01             
       H -6.71850e+01 -2.44956e+01  6.87057e+01             
       H -6.67293e+01 -2.37576e+01  6.73737e+01             
       O -7.33717e+01 -2.23231e+01  5.47227e+01             
       H -7.26731e+01 -2.16687e+01  5.49669e+01             
       H -7.28827e+01 -2.30198e+01  5.41972e+01             
       O -9.18366e+01 -1.93488e+01  6.31317e+01             
       H -9.11547e+01 -1.96393e+01  6.25693e+01             
       H -9.14318e+01 -1.92507e+01  6.40687e+01             
       O -7.08212e+01 -2.67700e+01  5.69975e+01             
       H -7.02588e+01 -2.63583e+01  5.62709e+01             
       H -7.03244e+01 -2.75391e+01  5.73262e+01             
       O -8.31041e+01 -1.79651e+01  3.35908e+01             
       H -8.22583e+01 -1.75968e+01  3.31875e+01             
       H -8.28131e+01 -1.84979e+01  3.43319e+01             
       O -7.39036e+01 -2.58138e+01  2.73186e+01             
       H -5.32801e+01 -1.30515e+01  4.59741e+01             
       H -7.32395e+01 -2.51322e+01  2.76679e+01             
       O -8.04827e+01 -2.05168e+01  5.84615e+01             
       H -7.97453e+01 -2.10514e+01  5.88402e+01             
       H -7.99649e+01 -1.98354e+01  5.79385e+01             
       O -8.11815e+01 -1.79657e+01  7.42789e+01             
       H -8.04726e+01 -1.84112e+01  7.47920e+01             
       H -8.06430e+01 -1.74214e+01  7.37023e+01             
