192                                                         
# CELL(abcABC):   12.41850    12.41850    12.41850    90.00000    90.00000    90.00000  Step:           0  Bead:       0 x_centroid{angstrom}  cell{angstrom}   
       O -7.39878e+01 -1.00475e+01  6.60006e+01             
       H -7.34853e+01 -1.07562e+01  6.56606e+01             
       H -7.33120e+01 -9.52017e+00  6.65197e+01             
       O -6.05527e+01 -6.69043e+00  5.74450e+01             
       H -6.18226e+01 -1.68842e+01  5.10746e+01             
       H -5.98553e+01 -6.13076e+00  5.69898e+01             
       O -6.49062e+01 -2.56514e+01  4.90369e+01             
       H -6.47526e+01 -1.38262e+01  4.98098e+01             
       H -6.39640e+01 -2.56577e+01  4.85873e+01             
       O -5.98620e+01 -2.11000e+01  5.53105e+01             
       H -5.89749e+01 -2.12208e+01  5.55496e+01             
       H -6.01475e+01 -2.02122e+01  5.56945e+01             
       O -5.14557e+01 -1.92504e+01  4.79568e+01             
       H -5.06570e+01 -1.90344e+01  4.84411e+01             
       H -5.11178e+01 -2.00277e+01  4.73984e+01             
       O -5.55421e+01 -1.82070e+01  6.24165e+01             
       H -5.48540e+01 -1.88004e+01  6.20196e+01             
       H -5.49275e+01 -1.76223e+01  6.28968e+01             
       O -6.10327e+01 -1.88416e+01  3.63755e+01             
       H -6.02182e+01 -1.86716e+01  3.58469e+01             
       H -4.99493e+01  2.58852e+00  5.01777e+01             
       O -4.48610e+01 -1.52464e+01  6.66935e+01             
       H -4.43123e+01 -1.54749e+01  6.74457e+01             
       H -4.41836e+01 -2.71857e+01  6.60722e+01             
       O -6.69021e+01 -8.10156e+00  4.12092e+01             
       H -6.69738e+01 -8.91572e+00  4.17393e+01             
       H -6.58984e+01 -7.87391e+00  4.11567e+01             
       O -6.28180e+01 -2.16783e+01  4.67439e+01             
       H -6.20212e+01 -2.21796e+01  4.70719e+01             
       H -6.30833e+01 -2.21100e+01  4.59263e+01             
       O -6.84014e+01 -6.21839e+00  5.63293e+01             
       H -6.78254e+01 -6.71666e+00  5.69607e+01             
       H -6.76939e+01 -6.04812e+00  5.56097e+01             
       O -6.18034e+01 -1.09475e+01  4.42960e+01             
       H -6.08304e+01 -1.09814e+01  4.44567e+01             
       H -5.32240e+01 -1.04287e+01  4.29504e+01             
       O -5.83551e+01 -2.97973e+01  4.12499e+01             
       H -5.78869e+01 -2.89200e+01  4.14854e+01             
       H -5.65575e+01 -2.54204e+01  5.69712e+01             
       O -6.94633e+01 -1.66000e+01  4.82362e+01             
       H -6.89220e+01 -1.71758e+01  4.89256e+01             
       H -6.87695e+01 -1.62658e+01  4.76973e+01             
       O -5.40493e+01 -2.34580e+01  5.83012e+01             
       H -5.43543e+01 -2.32189e+01  5.73856e+01             
       H -5.31568e+01 -2.37087e+01  5.81431e+01             
       O -6.27140e+01 -8.12460e+00  5.60497e+01             
       H -6.21129e+01 -7.54745e+00  5.65172e+01             
       H -6.24335e+01 -9.00724e+00  5.64500e+01             
       O -6.21751e+01 -7.11307e+00  3.93024e+01             
       H -6.20602e+01 -1.90258e+01  3.85122e+01             
       H -6.12248e+01 -7.23381e+00  3.96236e+01             
       O -6.26554e+01 -2.59524e+01  4.04367e+01             
       H -6.20225e+01 -2.52887e+01  4.00742e+01             
       H -6.21705e+01 -2.62341e+01  4.12250e+01             
       O -6.91438e+01 -1.16418e+01  4.93405e+01             
       H -6.85267e+01 -1.21435e+01  4.87382e+01             
       H -6.85496e+01 -1.11719e+01  4.99639e+01             
       O -6.24028e+01  7.97400e+00  4.54368e+01             
       H -4.59351e+01 -1.57675e+01  4.89325e+01             
       H -6.16953e+01  8.64312e+00  4.53225e+01             
       O -5.53156e+01 -1.45878e+01  5.62972e+01             
       H -5.94483e+01 -2.02173e+01  5.32525e+01             
       H -6.76236e+01 -1.49281e+01  5.72134e+01             
       O -5.59210e+01 -2.66316e+01  5.22872e+01             
       H -5.54365e+01 -2.74059e+01  5.19923e+01             
       H -5.50635e+01 -2.60975e+01  5.25384e+01             
       O -6.42923e+01 -1.95105e+01  5.39823e+01             
       H -6.37658e+01 -1.99786e+01  5.46269e+01             
       H -6.37202e+01 -1.92891e+01  5.32123e+01             
       O -6.09734e+01 -4.15064e+01  5.29485e+01             
       H -6.01684e+01 -4.20681e+01  5.31449e+01             
       H -6.06076e+01 -4.06665e+01  6.56525e+01             
       O -6.25286e+01 -7.71925e-01  4.78555e+01             
       H -6.17806e+01 -1.22747e-01  4.79571e+01             
       H -6.21319e+01 -1.64362e+00  4.77080e+01             
       O -5.39990e+01 -1.75224e+01  5.45323e+01             
       H -5.36814e+01 -1.68295e+01  5.50930e+01             
       H -5.31528e+01 -1.80330e+01  5.45544e+01             
       O -6.03302e+01 -2.15619e+01  6.26017e+01             
       H -5.99561e+01 -2.12238e+01  6.34180e+01             
       H -5.95898e+01 -2.17344e+01  6.19810e+01             
       O -7.81815e+01 -2.00396e+01  4.45302e+01             
       H -7.80206e+01 -2.05770e+01  4.53274e+01             
       H -7.74077e+01 -1.95395e+01  4.42670e+01             
       O -5.90896e+01 -9.93224e-01  5.93362e+01             
       H -5.83646e+01 -6.41547e-01  5.87978e+01             
       H -5.87795e+01 -1.43548e+00  6.01236e+01             
       O -6.06060e+01 -1.10047e+01  4.73075e+01             
       H -6.01225e+01 -1.16118e+01  4.67080e+01             
       H -5.98927e+01 -1.04055e+01  3.52261e+01             
       O -5.64043e+01 -1.07981e+01  2.89323e+01             
       H -5.55932e+01 -1.13771e+01  2.89174e+01             
       H -6.87402e+01 -1.01892e+01  2.81387e+01             
       O -4.82686e+01 -1.39422e+01  2.97164e+01             
       H -4.81134e+01 -1.42819e+01  3.06200e+01             
       H -4.75807e+01 -1.32529e+01  2.94910e+01             
       O -5.84350e+01 -2.21449e+01  3.59460e+01             
       H -5.78223e+01 -2.28271e+01  3.62412e+01             
       H -5.80613e+01 -2.13992e+01  4.78459e+01             
       O -5.50290e+01 -1.56657e+01  3.41855e+01             
       H -6.32284e+01 -1.04782e+01  4.15221e+01             
       H -5.45782e+01 -1.49158e+01  3.45553e+01             
       O -5.83737e+01 -2.47714e+01  5.46940e+01             
       H -5.79734e+01 -2.56353e+01  5.45794e+01             
       H -5.77584e+01 -2.42073e+01  5.42188e+01             
       O -4.80997e+01 -1.18101e+01  3.94294e+01             
       H -4.72840e+01 -1.22834e+01  3.92069e+01             
       H -4.81177e+01 -1.11527e+01  3.87522e+01             
       O -5.20381e+01 -2.71657e+01  5.12496e+01             
       H -5.14193e+01 -2.65726e+01  5.17902e+01             
       H -5.12994e+01 -2.78063e+01  5.10075e+01             
       O -5.73270e+01 -7.76599e+00  5.90578e+01             
       H -5.72652e+01 -7.71878e+00  5.80833e+01             
       H -5.64007e+01 -7.87952e+00  5.94407e+01             
       O -4.76362e+01  9.59895e+00  6.96504e+01             
       H -4.71002e+01  8.78077e+00  6.94036e+01             
       H -4.72202e+01  1.00641e+01  7.04106e+01             
       O -5.71246e+01 -2.53893e+01  5.77584e+01             
       H -6.08997e+01 -1.96850e+01  3.67893e+01             
       H -5.64198e+01 -2.56555e+01  5.83316e+01             
       O -6.25470e+01 -1.68701e+01  5.04688e+01             
       H -5.42444e+01 -1.62227e+01  3.39567e+01             
       H -6.21496e+01 -1.66013e+01  4.96043e+01             
       O -5.40636e+01 -1.00647e+01  4.32973e+01             
       H -6.18557e+01 -5.28672e+00  4.53676e+01             
       H -5.38932e+01 -9.12656e+00  4.34588e+01             
       O -5.40988e+01 -2.49966e+01  5.34350e+01             
       H -6.60548e+01 -2.51489e+01  6.66775e+01             
       H -4.78330e+01 -6.84620e+00  5.83481e+01             
       O -8.88972e+01 -1.23052e+01  5.78702e+01             
       H -8.80766e+01 -1.19314e+01  5.74787e+01             
       H -8.86220e+01 -1.28255e+01  5.86065e+01             
       O -5.90664e+01 -2.75332e+01  4.92385e+01             
       H -5.86080e+01 -2.69344e+01  4.99764e+01             
       H -5.44748e+01 -1.40550e+01  5.61140e+01             
       O -6.41823e+01 -1.07418e+01  4.17309e+01             
       H -6.40549e+01 -1.16539e+01  4.17928e+01             
       H -7.11615e+01 -2.26800e+01  1.98692e+01             
       O -6.97763e+01 -2.14677e+01  4.34624e+01             
       H -6.91843e+01 -2.06978e+01  4.35497e+01             
       H -6.92646e+01 -2.19616e+01  4.27743e+01             
       O -5.27911e+01 -2.36800e+01  3.86517e+01             
       H -5.25941e+01 -2.41476e+01  3.78208e+01             
       H -5.19451e+01 -2.30349e+01  3.87085e+01             
       O -4.22914e+01 -2.53933e+01  4.78034e+01             
       H -4.14894e+01 -1.30988e+01  4.83699e+01             
       H -4.20797e+01 -2.48218e+01  4.70983e+01             
       O -5.50880e+01 -1.00783e+01  5.10897e+01             
       H -4.18020e+01 -1.05557e+01  5.11220e+01             
       H -5.49052e+01 -9.26855e+00  5.15582e+01             
       O -5.06550e+01  2.74470e+00  5.08109e+01             
       H -5.77312e+01 -3.04576e+01  4.08264e+01             
       H -6.18744e+01  1.42729e+00  4.33576e+01             
       O -6.50370e+01 -1.71494e+01  4.62260e+01             
       H -6.47034e+01 -1.78731e+01  4.67352e+01             
       H -6.41821e+01 -1.67669e+01  4.59096e+01             
       O -6.14829e+01 -3.00367e+00  3.57823e+01             
       H -6.06924e+01 -1.52113e+01  3.63058e+01             
       H -6.11845e+01 -3.70741e+00  3.52466e+01             
       O -6.89792e+01 -1.96028e+01  5.22909e+01             
       H -6.86333e+01 -1.91651e+01  5.15343e+01             
       H -6.82397e+01 -1.98902e+01  5.28356e+01             
       O -5.85792e+01 -1.75874e+01  5.63058e+01             
       H -5.85347e+01 -1.75583e+01  5.53726e+01             
       H -5.76542e+01 -1.77776e+01  5.65745e+01             
       O -7.18318e+01 -1.99339e+01  3.99125e+01             
       H -7.08047e+01 -1.98201e+01  5.22219e+01             
       H -6.59503e+01 -3.68871e+01  4.04011e+01             
       O -5.33883e+01 -2.04095e+01  6.20407e+01             
       H -5.30064e+01 -2.09969e+01  6.27078e+01             
       H -5.26292e+01 -1.99658e+01  6.15493e+01             
       O -5.89327e+01 -1.80945e+01  4.71398e+01             
       H -5.82575e+01 -1.75472e+01  4.76426e+01             
       H -5.84151e+01 -1.89255e+01  4.69841e+01             
       O -7.61323e+01 -1.61527e+01  5.50106e+01             
       H -7.54817e+01 -1.63950e+01  5.43618e+01             
       H -7.56614e+01 -1.62208e+01  5.58891e+01             
       O -5.49131e+01 -2.11085e+01  4.73195e+01             
       H -5.43571e+01 -2.10030e+01  4.81279e+01             
       H -5.46017e+01 -2.19571e+01  4.69560e+01             
       O -7.04392e+01 -1.32641e+01  2.61212e+01             
       H -7.00010e+01 -1.26164e+01  2.54844e+01             
       H -6.96518e+01 -1.36629e+01  2.65854e+01             
       O -5.92094e+01 -2.34819e+01  1.98907e+01             
       H -3.78783e+01 -8.87430e+00  3.89062e+01             
       H -5.88412e+01 -2.39761e+01  1.91641e+01             
       O -6.66189e+01 -1.64675e+01  5.16119e+01             
       H -6.64274e+01 -1.67706e+01  5.25412e+01             
       H -6.58662e+01 -1.58408e+01  5.13759e+01             
       O -6.50216e+01 -1.33870e+01  6.78454e+01             
       H -6.47074e+01 -1.42317e+01  6.74973e+01             
       H -6.45291e+01 -1.31167e+01  6.86248e+01             
192                                                         
# CELL(abcABC):   12.41850    12.41850    12.41850    90.00000    90.00000    90.00000  Step:      200000  Bead:       0 x_centroid{angstrom}  cell{angstrom}   
       O -8.66125e+01 -1.37189e+01  7.02189e+01             
       H -8.68429e+01 -1.45005e+01  6.97173e+01             
       H -8.56658e+01 -1.35526e+01  7.03963e+01             
       O -7.31136e+01 -9.43999e+00  6.20970e+01             
       H -7.35353e+01 -2.01358e+01  5.63990e+01             
       H -7.21273e+01 -9.41167e+00  6.19497e+01             
       O -7.56063e+01 -2.80748e+01  5.64875e+01             
       H -7.56346e+01 -1.66124e+01  5.67619e+01             
       H -7.48633e+01 -2.80172e+01  5.58547e+01             
       O -7.08043e+01 -2.45066e+01  6.09218e+01             
       H -6.99248e+01 -2.48559e+01  6.05048e+01             
       H -7.06213e+01 -2.36655e+01  6.14188e+01             
       O -6.44238e+01 -2.27219e+01  5.17840e+01             
       H -6.38020e+01 -2.20221e+01  5.20363e+01             
       H -6.39538e+01 -2.35423e+01  5.20265e+01             
       O -6.73356e+01 -2.11633e+01  6.84476e+01             
       H -6.68901e+01 -2.19140e+01  6.79406e+01             
       H -6.66266e+01 -2.06666e+01  6.89277e+01             
       O -7.24077e+01 -2.16961e+01  4.11220e+01             
       H -7.17075e+01 -2.10779e+01  4.08147e+01             
       H -6.05835e+01  6.68858e-01  5.53784e+01             
       O -5.60482e+01 -1.91605e+01  7.30543e+01             
       H -5.53460e+01 -1.90013e+01  7.37459e+01             
       H -5.56513e+01 -3.10624e+01  7.23300e+01             
       O -7.86651e+01 -1.07433e+01  4.68441e+01             
       H -7.81353e+01 -1.11214e+01  4.75666e+01             
       H -7.78682e+01 -1.02694e+01  4.63879e+01             
       O -7.54009e+01 -2.46191e+01  5.27342e+01             
       H -7.45613e+01 -2.46750e+01  5.21677e+01             
       H -7.50948e+01 -2.42306e+01  5.35671e+01             
       O -7.88006e+01 -9.19127e+00  6.28903e+01             
       H -7.82174e+01 -9.65332e+00  6.34534e+01             
       H -7.85340e+01 -8.23420e+00  6.28732e+01             
       O -7.37251e+01 -1.50084e+01  4.94514e+01             
       H -7.28520e+01 -1.45907e+01  4.96623e+01             
       H -6.57041e+01 -1.37235e+01  5.17374e+01             
       O -6.85276e+01 -3.43464e+01  4.73976e+01             
       H -6.84582e+01 -3.33659e+01  4.76795e+01             
       H -6.78334e+01 -2.72534e+01  6.29451e+01             
       O -8.09993e+01 -1.94258e+01  5.45490e+01             
       H -8.04093e+01 -2.01206e+01  5.50727e+01             
       H -8.02937e+01 -1.88218e+01  5.41250e+01             
       O -6.46350e+01 -2.68473e+01  6.49039e+01             
       H -6.39807e+01 -2.61648e+01  6.50301e+01             
       H -6.40133e+01 -2.75733e+01  6.45711e+01             
       O -7.54292e+01 -1.30860e+01  6.10396e+01             
       H -7.48664e+01 -1.23913e+01  6.05974e+01             
       H -7.47763e+01 -1.37472e+01  6.14927e+01             
       O -7.42085e+01 -1.08482e+01  4.74002e+01             
       H -7.35988e+01 -2.32971e+01  4.66396e+01             
       H -7.38900e+01 -1.01385e+01  4.79885e+01             
       O -7.48379e+01 -3.07925e+01  4.70780e+01             
       H -7.42425e+01 -3.00462e+01  4.72863e+01             
       H -7.41787e+01 -3.16033e+01  4.71533e+01             
       O -8.02093e+01 -1.42583e+01  5.62103e+01             
       H -7.93868e+01 -1.46149e+01  5.56768e+01             
       H -7.97943e+01 -1.38577e+01  5.70250e+01             
       O -7.51190e+01  8.77805e+00  5.13705e+01             
       H -5.71326e+01 -1.86770e+01  5.54013e+01             
       H -7.45053e+01  8.41666e+00  5.20297e+01             
       O -6.67709e+01 -1.84148e+01  6.26757e+01             
       H -7.13771e+01 -2.44810e+01  5.92980e+01             
       H -7.93590e+01 -1.84475e+01  6.36527e+01             
       O -6.71341e+01 -3.02525e+01  5.88254e+01             
       H -6.64418e+01 -3.09209e+01  5.85368e+01             
       H -6.66334e+01 -2.96840e+01  5.94257e+01             
       O -7.65080e+01 -2.18846e+01  5.85797e+01             
       H -7.57739e+01 -2.23359e+01  5.90869e+01             
       H -7.62261e+01 -2.21272e+01  5.76373e+01             
       O -7.17814e+01 -4.49869e+01  5.72897e+01             
       H -7.12421e+01 -4.43132e+01  5.67512e+01             
       H -7.11317e+01 -4.57583e+01  6.97667e+01             
       O -7.36329e+01 -3.14691e+00  5.45267e+01             
       H -7.29996e+01 -2.42370e+00  5.47820e+01             
       H -7.31274e+01 -4.00412e+00  5.46013e+01             
       O -6.15886e+01 -1.94271e+01  6.30282e+01             
       H -6.12482e+01 -2.01425e+01  6.24392e+01             
       H -6.08184e+01 -1.89906e+01  6.34361e+01             
       O -7.11736e+01 -2.36108e+01  6.77255e+01             
       H -7.06604e+01 -2.30461e+01  6.83665e+01             
       H -7.06083e+01 -2.42897e+01  6.73947e+01             
       O -8.99437e+01 -2.42582e+01  4.95072e+01             
       H -8.96110e+01 -2.34082e+01  4.99743e+01             
       H -8.90829e+01 -2.47349e+01  4.92041e+01             
       O -7.04435e+01 -3.43648e+00  6.41762e+01             
       H -6.94745e+01 -3.55164e+00  6.38097e+01             
       H -7.04851e+01 -3.25613e+00  6.50862e+01             
       O -7.30829e+01 -1.16402e+01  5.15468e+01             
       H -7.24167e+01 -1.23662e+01  5.12516e+01             
       H -7.27512e+01 -1.10482e+01  3.97850e+01             
       O -7.06569e+01 -1.56303e+01  3.36627e+01             
       H -7.04042e+01 -1.48014e+01  3.40710e+01             
       H -8.21865e+01 -1.59915e+01  3.33000e+01             
       O -5.86362e+01 -1.88788e+01  3.62502e+01             
       H -5.88310e+01 -1.86767e+01  3.71971e+01             
       H -5.75903e+01 -1.89110e+01  3.61196e+01             
       O -6.95853e+01 -2.57440e+01  4.21381e+01             
       H -6.88437e+01 -2.59755e+01  4.27855e+01             
       H -6.91024e+01 -2.53167e+01  5.38057e+01             
       O -6.64564e+01 -1.75873e+01  4.08556e+01             
       H -7.77527e+01 -1.57273e+01  4.75540e+01             
       H -6.64575e+01 -1.68594e+01  4.15265e+01             
       O -7.26390e+01 -2.90647e+01  5.97927e+01             
       H -7.20587e+01 -2.97965e+01  6.01704e+01             
       H -7.18862e+01 -2.86755e+01  5.91802e+01             
       O -5.93032e+01 -1.44411e+01  4.32523e+01             
       H -5.91373e+01 -1.49509e+01  4.40393e+01             
       H -5.83771e+01 -1.41803e+01  4.29522e+01             
       O -6.35499e+01 -3.06708e+01  5.73517e+01             
       H -6.30778e+01 -3.06244e+01  5.83446e+01             
       H -6.29057e+01 -3.12407e+01  5.69034e+01             
       O -6.78351e+01 -1.19802e+01  6.54348e+01             
       H -6.73225e+01 -1.25616e+01  6.47515e+01             
       H -6.71404e+01 -1.17255e+01  6.60393e+01             
       O -5.93152e+01  6.59261e+00  7.64309e+01             
       H -5.85608e+01  5.92061e+00  7.66319e+01             
       H -5.88912e+01  7.46389e+00  7.64408e+01             
       O -6.84406e+01 -2.77988e+01  6.24594e+01             
       H -7.18892e+01 -2.22812e+01  4.17551e+01             
       H -6.79220e+01 -2.85700e+01  6.21480e+01             
       O -7.43332e+01 -2.00992e+01  5.58571e+01             
       H -6.56397e+01 -1.80746e+01  4.11496e+01             
       H -7.39395e+01 -1.97005e+01  5.50037e+01             
       O -6.66170e+01 -1.34502e+01  5.11506e+01             
       H -7.44526e+01 -3.29796e+00  5.06142e+01             
       H -6.62892e+01 -1.29156e+01  5.03703e+01             
       O -6.90354e+01 -2.61216e+01  5.98667e+01             
       H -8.14285e+01 -2.66769e+01  7.31257e+01             
       H -6.07179e+01 -1.02275e+01  6.27528e+01             
       O -1.01642e+02 -1.89072e+01  6.65187e+01             
       H -1.01804e+02 -1.88817e+01  6.74560e+01             
       H -1.00919e+02 -1.94691e+01  6.63459e+01             
       O -7.03486e+01 -3.07385e+01  5.59247e+01             
       H -7.00268e+01 -3.00162e+01  5.65041e+01             
       H -6.58059e+01 -1.83363e+01  6.25257e+01             
       O -7.81926e+01 -1.64477e+01  4.80449e+01             
       H -7.75914e+01 -1.68979e+01  4.86634e+01             
       H -8.37036e+01 -2.53497e+01  2.47685e+01             
       O -8.11011e+01 -2.20085e+01  5.16961e+01             
       H -8.01798e+01 -2.19128e+01  5.12570e+01             
       H -8.10172e+01 -2.28280e+01  5.22127e+01             
       O -6.43982e+01 -2.67293e+01  4.66520e+01             
       H -6.37448e+01 -2.67844e+01  4.59431e+01             
       H -6.39408e+01 -2.63127e+01  4.74508e+01             
       O -5.31855e+01 -2.76306e+01  5.51947e+01             
       H -5.23903e+01 -1.53943e+01  5.57332e+01             
       H -5.29737e+01 -2.70338e+01  5.44654e+01             
       O -6.67356e+01 -1.34529e+01  5.84945e+01             
       H -5.34723e+01 -1.39231e+01  5.88481e+01             
       H -6.63586e+01 -1.25411e+01  5.85154e+01             
       O -6.15428e+01  4.33525e-01  5.54544e+01             
       H -6.75312e+01 -3.47555e+01  4.73411e+01             
       H -7.35856e+01 -3.24639e+00  4.86900e+01             
       O -7.49736e+01 -2.09696e+01  5.28189e+01             
       H -7.45999e+01 -2.03999e+01  5.20703e+01             
       H -7.42301e+01 -2.12266e+01  5.33750e+01             
       O -7.27615e+01 -5.96022e+00  4.19700e+01             
       H -7.18580e+01 -1.83344e+01  4.24769e+01             
       H -7.24778e+01 -5.88817e+00  4.10070e+01             
       O -8.20830e+01 -2.20369e+01  5.72704e+01             
       H -8.13231e+01 -2.15928e+01  5.68425e+01             
       H -8.18533e+01 -2.20800e+01  5.82267e+01             
       O -7.03526e+01 -2.22108e+01  6.18728e+01             
       H -6.97945e+01 -2.20036e+01  6.10347e+01             
       H -6.96464e+01 -2.22973e+01  6.26107e+01             
       O -8.43705e+01 -2.44610e+01  4.60548e+01             
       H -8.37449e+01 -2.43143e+01  5.77437e+01             
       H -8.06238e+01 -3.84943e+01  4.69468e+01             
       O -6.34921e+01 -2.24930e+01  6.82166e+01             
       H -6.29056e+01 -2.16645e+01  6.82249e+01             
       H -6.28801e+01 -2.32110e+01  6.83110e+01             
       O -7.01990e+01 -2.01101e+01  5.25366e+01             
       H -6.95866e+01 -1.99618e+01  5.32190e+01             
       H -6.97445e+01 -2.09478e+01  5.20788e+01             
       O -8.53712e+01 -2.00717e+01  5.96989e+01             
       H -8.50186e+01 -2.00820e+01  5.87903e+01             
       H -8.46108e+01 -1.96512e+01  6.02418e+01             
       O -6.57957e+01 -2.27530e+01  5.45783e+01             
       H -6.55545e+01 -2.25973e+01  5.36424e+01             
       H -6.49105e+01 -2.27550e+01  5.50536e+01             
       O -8.11917e+01 -1.66552e+01  3.24430e+01             
       H -8.08024e+01 -1.58925e+01  3.18957e+01             
       H -8.04534e+01 -1.70787e+01  3.30056e+01             
       O -7.16547e+01 -2.59535e+01  2.55771e+01             
       H -4.92245e+01 -1.26166e+01  4.37462e+01             
       H -7.08730e+01 -2.65392e+01  2.58947e+01             
       O -7.81223e+01 -1.96779e+01  5.76700e+01             
       H -7.76601e+01 -2.03251e+01  5.82360e+01             
       H -7.72399e+01 -1.90526e+01  5.74548e+01             
       O -7.66360e+01 -1.78692e+01  7.45631e+01             
       H -7.60067e+01 -1.84407e+01  7.40939e+01             
       H -7.61867e+01 -1.71607e+01  7.51209e+01             
