192                                                         
# CELL(abcABC):   12.41850    12.41850    12.41850    90.00000    90.00000    90.00000  Step:           0  Bead:       0 x_centroid{angstrom}  cell{angstrom}   
       O -7.86906e+01 -1.44411e+01  6.69958e+01             
       H -7.92636e+01 -1.50772e+01  6.66145e+01             
       H -7.78838e+01 -1.45354e+01  6.63744e+01             
       O -7.35349e+01 -1.21492e+01  6.18884e+01             
       H -6.61298e+01 -1.97712e+01  5.86170e+01             
       H -7.26846e+01 -1.25227e+01  6.17084e+01             
       O -7.71212e+01 -2.43005e+01  5.47941e+01             
       H -7.63556e+01 -1.23768e+01  5.45509e+01             
       H -7.75366e+01 -2.47063e+01  5.55860e+01             
       O -6.03385e+01 -2.26154e+01  5.32171e+01             
       H -6.03320e+01 -2.23407e+01  5.41439e+01             
       H -6.01790e+01 -2.35878e+01  5.31819e+01             
       O -5.91533e+01 -2.13036e+01  5.10338e+01             
       H -5.94534e+01 -2.13575e+01  5.01806e+01             
       H -5.97964e+01 -2.16009e+01  5.17183e+01             
       O -6.20204e+01 -1.87210e+01  6.69829e+01             
       H -6.26697e+01 -1.94367e+01  6.70790e+01             
       H -6.25500e+01 -1.79659e+01  6.72658e+01             
       O -7.51959e+01 -2.28895e+01  3.89865e+01             
       H -7.60516e+01 -2.32979e+01  3.88911e+01             
       H -6.51963e+01  9.98302e-01  5.31091e+01             
       O -5.46099e+01 -1.23935e+01  7.20154e+01             
       H -5.43972e+01 -1.18214e+01  7.12365e+01             
       H -5.38560e+01 -2.46674e+01  7.27123e+01             
       O -7.67519e+01 -7.46417e+00  3.99023e+01             
       H -7.69477e+01 -7.89060e+00  4.07269e+01             
       H -7.63768e+01 -8.16865e+00  3.93535e+01             
       O -6.70712e+01 -2.28771e+01  5.70731e+01             
       H -6.76670e+01 -2.22487e+01  5.74970e+01             
       H -6.74833e+01 -2.32709e+01  5.62991e+01             
       O -7.17829e+01 -6.84083e+00  6.00293e+01             
       H -7.24921e+01 -6.54232e+00  6.06497e+01             
       H -7.22762e+01 -7.06868e+00  5.91967e+01             
       O -6.57119e+01 -8.92019e+00  4.96042e+01             
       H -6.65419e+01 -9.16241e+00  5.00725e+01             
       H -5.76331e+01 -1.34475e+01  4.66679e+01             
       O -6.34121e+01 -3.10545e+01  4.69778e+01             
       H -6.27297e+01 -3.14014e+01  4.63262e+01             
       H -6.12879e+01 -2.64581e+01  6.25963e+01             
       O -7.37281e+01 -1.98816e+01  4.56127e+01             
       H -7.36076e+01 -2.00877e+01  4.46678e+01             
       H -7.37991e+01 -2.08505e+01  4.59582e+01             
       O -5.30897e+01 -2.65283e+01  6.31894e+01             
       H -5.29747e+01 -2.55705e+01  6.30916e+01             
       H -5.24939e+01 -2.70569e+01  6.26644e+01             
       O -7.10575e+01 -1.30140e+01  6.21100e+01             
       H -7.04452e+01 -1.30830e+01  6.13048e+01             
       H -7.11465e+01 -1.38780e+01  6.25631e+01             
       O -7.37121e+01 -1.39418e+01  4.39924e+01             
       H -7.44973e+01 -2.64044e+01  4.45783e+01             
       H -7.36141e+01 -1.30134e+01  4.37460e+01             
       O -7.06614e+01 -2.45608e+01  4.36652e+01             
       H -7.07584e+01 -2.39229e+01  4.44431e+01             
       H -6.97805e+01 -2.49490e+01  4.37023e+01             
       O -7.46670e+01 -1.30599e+01  5.35567e+01             
       H -7.37175e+01 -1.31496e+01  5.35758e+01             
       H -7.50241e+01 -1.38957e+01  5.34071e+01             
       O -6.57243e+01  7.47229e+00  5.27133e+01             
       H -5.19653e+01 -2.37950e+01  4.85327e+01             
       H -6.55967e+01  7.02219e+00  5.18636e+01             
       O -7.03737e+01 -1.87545e+01  6.45081e+01             
       H -6.42681e+01 -2.86734e+01  6.01003e+01             
       H -8.18860e+01 -1.89959e+01  6.46431e+01             
       O -6.59124e+01 -3.11493e+01  5.68300e+01             
       H -6.52474e+01 -3.05257e+01  5.65453e+01             
       H -6.67629e+01 -3.07537e+01  5.65533e+01             
       O -6.89976e+01 -1.57181e+01  5.72531e+01             
       H -6.84491e+01 -1.53898e+01  5.79678e+01             
       H -6.98819e+01 -1.54865e+01  5.74874e+01             
       O -6.23760e+01 -4.27899e+01  5.17069e+01             
       H -6.17300e+01 -4.30467e+01  5.23674e+01             
       H -6.31253e+01 -4.33771e+01  6.42501e+01             
       O -7.25586e+01 -8.74225e+00  5.60077e+01             
       H -7.18646e+01 -8.12969e+00  5.58505e+01             
       H -7.21436e+01 -9.26557e+00  5.67372e+01             
       O -6.47298e+01 -2.06192e+01  5.49486e+01             
       H -6.50882e+01 -1.98787e+01  5.54681e+01             
       H -6.42017e+01 -2.11885e+01  5.55098e+01             
       O -6.77165e+01 -1.77184e+01  7.33410e+01             
       H -6.75528e+01 -1.70965e+01  7.26521e+01             
       H -6.84485e+01 -1.73977e+01  7.38180e+01             
       O -8.38661e+01 -1.47951e+01  4.58231e+01             
       H -8.45857e+01 -1.46290e+01  4.51583e+01             
       H -8.41168e+01 -1.52948e+01  4.66246e+01             
       O -6.16243e+01 -6.61811e+00  6.16849e+01             
       H -6.18316e+01 -6.24753e+00  6.25558e+01             
       H -6.22825e+01 -6.43598e+00  6.10256e+01             
       O -6.42485e+01 -1.48778e+01  5.29800e+01             
       H -6.47861e+01 -1.44947e+01  5.23022e+01             
       H -6.44996e+01 -1.58259e+01  4.04764e+01             
       O -5.89345e+01 -1.26405e+01  2.84792e+01             
       H -5.83560e+01 -1.19847e+01  2.81370e+01             
       H -7.12617e+01 -1.25708e+01  2.94711e+01             
       O -5.48940e+01 -1.50961e+01  3.43884e+01             
       H -5.46017e+01 -1.41358e+01  3.46057e+01             
       H -5.39985e+01 -1.55009e+01  3.42371e+01             
       O -6.98614e+01 -2.35805e+01  3.91686e+01             
       H -6.99161e+01 -2.45110e+01  3.87094e+01             
       H -7.04021e+01 -2.29926e+01  5.10924e+01             
       O -5.57583e+01 -1.42398e+01  3.80663e+01             
       H -6.52317e+01 -1.00474e+01  4.47150e+01             
       H -5.60605e+01 -1.50033e+01  3.75793e+01             
       O -6.55167e+01 -2.63501e+01  5.69003e+01             
       H -6.57284e+01 -2.65675e+01  5.59579e+01             
       H -6.62632e+01 -2.65979e+01  5.74809e+01             
       O -5.63828e+01 -1.84717e+01  4.41171e+01             
       H -5.63761e+01 -1.75655e+01  4.43884e+01             
       H -5.71664e+01 -1.85374e+01  4.35860e+01             
       O -5.96105e+01 -2.73771e+01  5.19442e+01             
       H -5.94569e+01 -2.65251e+01  5.24668e+01             
       H -5.90362e+01 -2.80429e+01  5.23645e+01             
       O -6.54971e+01 -6.24129e+00  6.25151e+01             
       H -6.63192e+01 -6.01619e+00  6.20455e+01             
       H -6.54719e+01 -7.20366e+00  6.25888e+01             
       O -5.70111e+01  4.62801e+00  7.38792e+01             
       H -5.78881e+01  4.75046e+00  7.34671e+01             
       H -5.65819e+01  5.25680e+00  7.33146e+01             
       O -6.12661e+01 -2.74276e+01  6.26289e+01             
       H -7.48972e+01 -2.31480e+01  3.98427e+01             
       H -6.06728e+01 -2.75245e+01  6.33758e+01             
       O -6.57070e+01 -2.03238e+01  5.92596e+01             
       H -5.48280e+01 -1.44053e+01  3.80549e+01             
       H -6.51979e+01 -2.08803e+01  5.87004e+01             
       O -5.73437e+01 -1.26644e+01  4.71448e+01             
       H -6.66577e+01 -4.63472e+00  5.26662e+01             
       H -5.64105e+01 -1.25339e+01  4.70925e+01             
       O -6.32696e+01 -2.66903e+01  5.82621e+01             
       H -7.64128e+01 -2.63120e+01  7.01386e+01             
       H -6.13617e+01 -1.15394e+01  6.11807e+01             
       O -8.85365e+01 -1.58408e+01  6.20807e+01             
       H -8.88794e+01 -1.65913e+01  6.25981e+01             
       H -8.75813e+01 -1.57156e+01  6.23906e+01             
       O -6.50577e+01 -3.63670e+01  4.92515e+01             
       H -6.54193e+01 -3.54817e+01  4.92470e+01             
       H -7.07912e+01 -1.94764e+01  6.40448e+01             
       O -6.45179e+01 -9.59789e+00  4.52500e+01             
       H -6.42367e+01 -1.03306e+01  4.57666e+01             
       H -8.52424e+01 -2.27026e+01  2.17763e+01             
       O -7.57651e+01 -2.38545e+01  4.68819e+01             
       H -7.50117e+01 -2.32358e+01  4.68362e+01             
       H -7.54156e+01 -2.46951e+01  4.66096e+01             
       O -6.78285e+01 -2.42240e+01  4.21526e+01             
       H -6.78478e+01 -2.38139e+01  4.13548e+01             
       H -6.71530e+01 -2.48874e+01  4.21413e+01             
       O -4.87366e+01 -2.85188e+01  5.42506e+01             
       H -4.85713e+01 -1.53343e+01  5.48367e+01             
       H -4.87772e+01 -2.81653e+01  5.33358e+01             
       O -5.91335e+01 -6.02011e+00  5.48201e+01             
       H -4.76535e+01 -5.85557e+00  5.48886e+01             
       H -5.89958e+01 -6.41840e+00  5.39581e+01             
       O -6.53404e+01  8.94423e-01  5.21591e+01             
       H -6.39958e+01 -3.18071e+01  4.72008e+01             
       H -6.59081e+01  3.76979e+00  4.87133e+01             
       O -7.00300e+01 -1.63790e+01  4.99403e+01             
       H -7.00790e+01 -1.71246e+01  5.05732e+01             
       H -7.09249e+01 -1.62173e+01  4.95556e+01             
       O -6.89482e+01 -8.51927e+00  4.56404e+01             
       H -6.88028e+01 -2.02114e+01  4.50471e+01             
       H -6.89450e+01 -8.13774e+00  4.65205e+01             
       O -7.68724e+01 -1.70455e+01  5.52890e+01             
       H -7.68863e+01 -1.61151e+01  5.53764e+01             
       H -7.73529e+01 -1.73450e+01  5.44780e+01             
       O -6.72125e+01 -2.13299e+01  5.41939e+01             
       H -6.70517e+01 -2.19685e+01  5.34993e+01             
       H -6.63787e+01 -2.11743e+01  5.46203e+01             
       O -7.71421e+01 -2.88723e+01  4.68211e+01             
       H -7.67712e+01 -2.97628e+01  5.90425e+01             
       H -7.60126e+01 -3.99749e+01  4.60534e+01             
       O -6.17962e+01 -2.17298e+01  6.17395e+01             
       H -6.21288e+01 -2.22485e+01  6.25360e+01             
       H -6.20432e+01 -2.08645e+01  6.19002e+01             
       O -6.75061e+01 -2.21720e+01  5.13068e+01             
       H -6.81198e+01 -2.14305e+01  5.14889e+01             
       H -6.81424e+01 -2.29498e+01  5.12453e+01             
       O -8.26443e+01 -1.62089e+01  5.42646e+01             
       H -8.23461e+01 -1.57406e+01  5.50970e+01             
       H -8.34629e+01 -1.66643e+01  5.44202e+01             
       O -5.87063e+01 -2.28731e+01  4.61566e+01             
       H -5.80662e+01 -2.21345e+01  4.61073e+01             
       H -5.82540e+01 -2.35660e+01  4.67139e+01             
       O -8.00641e+01 -1.94689e+01  2.74950e+01             
       H -8.00110e+01 -1.98961e+01  2.83288e+01             
       H -7.91350e+01 -1.94331e+01  2.71897e+01             
       O -7.36696e+01 -2.23040e+01  2.20391e+01             
       H -5.34761e+01 -1.07930e+01  3.94714e+01             
       H -7.37213e+01 -2.20753e+01  2.29781e+01             
       O -7.20829e+01 -1.60200e+01  4.81750e+01             
       H -7.19658e+01 -1.69571e+01  4.78788e+01             
       H -7.28812e+01 -1.59448e+01  4.87153e+01             
       O -6.78410e+01 -1.58832e+01  7.76193e+01             
       H -6.81183e+01 -1.52463e+01  7.69362e+01             
       H -6.86008e+01 -1.59907e+01  7.81774e+01             
192                                                         
# CELL(abcABC):   12.41850    12.41850    12.41850    90.00000    90.00000    90.00000  Step:      200000  Bead:       0 x_centroid{angstrom}  cell{angstrom}   
       O -9.44895e+01 -1.61145e+01  7.23672e+01             
       H -9.39992e+01 -1.63134e+01  7.32001e+01             
       H -9.37734e+01 -1.62772e+01  7.17611e+01             
       O -8.88102e+01 -1.50829e+01  6.22304e+01             
       H -7.69225e+01 -1.86849e+01  6.62751e+01             
       H -8.84157e+01 -1.57827e+01  6.28972e+01             
       O -8.97896e+01 -2.31311e+01  6.20380e+01             
       H -8.93437e+01 -1.10677e+01  6.12234e+01             
       H -8.95414e+01 -2.36755e+01  6.28210e+01             
       O -7.34756e+01 -1.89286e+01  6.27699e+01             
       H -7.28097e+01 -1.88512e+01  6.21026e+01             
       H -7.40239e+01 -1.96893e+01  6.24499e+01             
       O -7.41249e+01 -2.71122e+01  5.68468e+01             
       H -7.36754e+01 -2.72804e+01  5.76832e+01             
       H -7.35685e+01 -2.75955e+01  5.62142e+01             
       O -7.60988e+01 -2.37190e+01  7.21336e+01             
       H -7.61238e+01 -2.31038e+01  7.13965e+01             
       H -7.62746e+01 -2.46257e+01  7.17897e+01             
       O -8.99103e+01 -3.11469e+01  3.95985e+01             
       H -9.06338e+01 -3.05573e+01  3.97247e+01             
       H -8.00885e+01 -1.64285e+00  5.86743e+01             
       O -6.69312e+01 -2.48511e+01  8.44314e+01             
       H -6.73654e+01 -2.40708e+01  8.40392e+01             
       H -6.59467e+01 -3.72202e+01  8.42317e+01             
       O -8.92040e+01 -9.34866e+00  4.53480e+01             
       H -8.96641e+01 -8.69253e+00  4.58908e+01             
       H -8.99611e+01 -9.69129e+00  4.47614e+01             
       O -8.35102e+01 -3.09099e+01  6.66026e+01             
       H -8.31164e+01 -3.06621e+01  6.57564e+01             
       H -8.39330e+01 -3.17578e+01  6.64910e+01             
       O -8.58828e+01 -1.23269e+01  7.29879e+01             
       H -8.58892e+01 -1.19303e+01  7.38681e+01             
       H -8.67220e+01 -1.19284e+01  7.25729e+01             
       O -8.27011e+01 -1.46882e+01  5.47411e+01             
       H -8.26970e+01 -1.43716e+01  5.57075e+01             
       H -6.83160e+01 -1.99403e+01  5.43632e+01             
       O -7.31837e+01 -3.27922e+01  5.40167e+01             
       H -7.29454e+01 -3.31213e+01  5.49360e+01             
       H -7.07641e+01 -3.36612e+01  6.94720e+01             
       O -8.42378e+01 -2.41307e+01  5.38717e+01             
       H -8.32903e+01 -2.41638e+01  5.41305e+01             
       H -8.45145e+01 -2.49556e+01  5.33324e+01             
       O -6.59955e+01 -3.23140e+01  7.17800e+01             
       H -6.69626e+01 -3.21700e+01  7.16414e+01             
       H -6.54819e+01 -3.15568e+01  7.17283e+01             
       O -8.00881e+01 -1.58885e+01  6.71288e+01             
       H -8.09887e+01 -1.55599e+01  6.73807e+01             
       H -7.97997e+01 -1.64029e+01  6.78985e+01             
       O -8.71399e+01 -1.54735e+01  5.31694e+01             
       H -8.78832e+01 -2.75914e+01  5.37694e+01             
       H -8.73932e+01 -1.62558e+01  5.25125e+01             
       O -8.89573e+01 -2.91988e+01  5.68148e+01             
       H -8.83452e+01 -2.98106e+01  5.73143e+01             
       H -8.91152e+01 -2.98322e+01  5.59972e+01             
       O -8.89259e+01 -1.39999e+01  5.88286e+01             
       H -8.92511e+01 -1.48306e+01  5.91772e+01             
       H -8.86554e+01 -1.41129e+01  5.78824e+01             
       O -8.12236e+01  5.52603e+00  5.93977e+01             
       H -6.61004e+01 -2.65757e+01  5.37951e+01             
       H -8.16515e+01  6.10144e+00  5.86938e+01             
       O -8.29902e+01 -2.66398e+01  6.99179e+01             
       H -8.02934e+01 -3.07970e+01  6.09602e+01             
       H -9.61166e+01 -2.71419e+01  7.03470e+01             
       O -8.32821e+01 -3.71498e+01  6.19167e+01             
       H -8.34019e+01 -3.80245e+01  6.14553e+01             
       H -8.23491e+01 -3.70772e+01  6.20345e+01             
       O -8.01327e+01 -2.23584e+01  6.52826e+01             
       H -8.07003e+01 -2.28835e+01  6.58617e+01             
       H -8.07660e+01 -2.18008e+01  6.48257e+01             
       O -7.24196e+01 -4.53244e+01  5.74337e+01             
       H -7.31783e+01 -4.59334e+01  5.71927e+01             
       H -7.27590e+01 -4.44270e+01  6.98436e+01             
       O -8.61492e+01 -1.50351e+01  6.10122e+01             
       H -8.60381e+01 -1.39959e+01  6.08073e+01             
       H -8.70838e+01 -1.49829e+01  6.13046e+01             
       O -7.75371e+01 -2.23961e+01  6.62135e+01             
       H -7.83164e+01 -2.25551e+01  6.57154e+01             
       H -7.74219e+01 -2.14816e+01  6.61023e+01             
       O -8.18170e+01 -2.33546e+01  7.94804e+01             
       H -8.21096e+01 -2.27202e+01  8.02208e+01             
       H -8.14063e+01 -2.41297e+01  7.98191e+01             
       O -9.47278e+01 -2.08143e+01  5.13368e+01             
       H -9.47823e+01 -1.98046e+01  5.14037e+01             
       H -9.55010e+01 -2.12534e+01  5.17620e+01             
       O -7.43125e+01 -9.50097e+00  6.87510e+01             
       H -7.41275e+01 -1.04626e+01  6.88879e+01             
       H -7.50750e+01 -9.24312e+00  6.92678e+01             
       O -7.75630e+01 -1.62385e+01  6.00233e+01             
       H -7.72776e+01 -1.59812e+01  6.09088e+01             
       H -7.84327e+01 -1.66523e+01  4.75943e+01             
       O -7.67509e+01 -1.47544e+01  3.00117e+01             
       H -7.66864e+01 -1.53025e+01  3.07808e+01             
       H -8.89070e+01 -1.38828e+01  3.02570e+01             
       O -6.88134e+01 -2.26441e+01  4.66745e+01             
       H -6.87641e+01 -2.19088e+01  4.59976e+01             
       H -6.89486e+01 -2.21093e+01  4.74907e+01             
       O -8.36482e+01 -2.41976e+01  4.58847e+01             
       H -8.42966e+01 -2.43075e+01  4.66055e+01             
       H -8.29902e+01 -2.35145e+01  5.85872e+01             
       O -6.69749e+01 -1.68778e+01  4.48186e+01             
       H -7.82847e+01 -1.02359e+01  5.53310e+01             
       H -6.73912e+01 -1.60305e+01  4.50468e+01             
       O -7.99667e+01 -2.71520e+01  6.38204e+01             
       H -8.08450e+01 -2.65950e+01  6.38476e+01             
       H -7.94673e+01 -2.69689e+01  6.30038e+01             
       O -6.45356e+01 -2.51198e+01  5.17521e+01             
       H -6.36362e+01 -2.50796e+01  5.21752e+01             
       H -6.52535e+01 -2.53319e+01  5.24110e+01             
       O -7.00648e+01 -3.03108e+01  5.76380e+01             
       H -7.03335e+01 -3.08694e+01  5.69049e+01             
       H -7.08152e+01 -3.03970e+01  5.82193e+01             
       O -8.00944e+01 -1.27657e+01  6.83027e+01             
       H -8.01001e+01 -1.33598e+01  6.90288e+01             
       H -7.95559e+01 -1.31666e+01  6.76591e+01             
       O -6.97089e+01 -1.10110e+00  7.71569e+01             
       H -7.04152e+01 -1.11428e+00  7.65551e+01             
       H -6.99229e+01 -1.56225e+00  7.80212e+01             
       O -7.00245e+01 -3.39614e+01  6.89946e+01             
       H -9.01924e+01 -3.17686e+01  3.89056e+01             
       H -6.94475e+01 -3.32007e+01  6.87605e+01             
       O -7.69740e+01 -1.87704e+01  6.72530e+01             
       H -6.60226e+01 -1.69208e+01  4.49364e+01             
       H -7.78816e+01 -1.90831e+01  6.74432e+01             
       O -6.80540e+01 -2.00482e+01  5.52973e+01             
       H -8.20469e+01 -7.25346e+00  5.98268e+01             
       H -6.74914e+01 -2.08562e+01  5.52694e+01             
       O -7.97161e+01 -2.95278e+01  6.48060e+01             
       H -9.22815e+01 -2.95251e+01  7.81661e+01             
       H -7.65061e+01 -1.42563e+01  6.27469e+01             
       O -9.84674e+01 -1.80056e+01  7.00453e+01             
       H -9.79864e+01 -1.71562e+01  7.02448e+01             
       H -9.90167e+01 -1.81176e+01  7.07960e+01             
       O -7.89272e+01 -3.82770e+01  5.33847e+01             
       H -7.95830e+01 -3.87257e+01  5.28120e+01             
       H -8.31508e+01 -2.56363e+01  7.02657e+01             
       O -7.87753e+01 -1.03189e+01  5.61679e+01             
       H -7.91063e+01 -1.12463e+01  5.62877e+01             
       H -1.00997e+02 -2.12261e+01  2.48950e+01             
       O -8.74956e+01 -2.34924e+01  5.34308e+01             
       H -8.72662e+01 -2.40373e+01  5.42050e+01             
       H -8.84411e+01 -2.31823e+01  5.34962e+01             
       O -8.22092e+01 -3.03598e+01  5.17270e+01             
       H -8.12718e+01 -3.00520e+01  5.18586e+01             
       H -8.27110e+01 -2.95351e+01  5.15037e+01             
       O -5.97717e+01 -2.85471e+01  5.90614e+01             
       H -6.04623e+01 -1.59053e+01  5.96931e+01             
       H -5.89007e+01 -2.87394e+01  5.94892e+01             
       O -7.02709e+01 -9.18865e+00  6.12151e+01             
       H -5.77132e+01 -9.05604e+00  6.22037e+01             
       H -7.07253e+01 -1.00265e+01  6.10997e+01             
       O -8.04936e+01 -2.17688e+00  5.79931e+01             
       H -7.41414e+01 -3.28596e+01  5.41679e+01             
       H -8.35238e+01 -2.80894e+00  5.47718e+01             
       O -8.84286e+01 -1.82642e+01  5.94070e+01             
       H -8.82595e+01 -1.88838e+01  6.01188e+01             
       H -8.88369e+01 -1.73855e+01  5.97601e+01             
       O -8.51331e+01 -1.62324e+01  5.48455e+01             
       H -8.46794e+01 -2.95114e+01  5.47239e+01             
       H -8.58009e+01 -1.60835e+01  5.41356e+01             
       O -8.76148e+01 -1.72244e+01  6.37723e+01             
       H -8.83039e+01 -1.78584e+01  6.37920e+01             
       H -8.68164e+01 -1.77360e+01  6.34282e+01             
       O -8.35767e+01 -2.80235e+01  6.26863e+01             
       H -8.40550e+01 -2.74107e+01  6.32145e+01             
       H -8.42628e+01 -2.82520e+01  6.19777e+01             
       O -9.23539e+01 -2.99705e+01  4.89571e+01             
       H -9.19891e+01 -3.03738e+01  6.21775e+01             
       H -9.21580e+01 -4.09601e+01  5.21530e+01             
       O -7.39280e+01 -2.46394e+01  6.79788e+01             
       H -7.39963e+01 -2.53611e+01  6.85921e+01             
       H -7.30260e+01 -2.45112e+01  6.77432e+01             
       O -8.03953e+01 -2.44539e+01  6.22468e+01             
       H -7.98989e+01 -2.43415e+01  6.14586e+01             
       H -7.97553e+01 -2.40902e+01  6.28642e+01             
       O -9.75701e+01 -2.64627e+01  6.42757e+01             
       H -9.79400e+01 -2.58153e+01  6.36876e+01             
       H -9.82691e+01 -2.70301e+01  6.46381e+01             
       O -7.38692e+01 -2.35342e+01  5.09491e+01             
       H -7.43119e+01 -2.35930e+01  5.18561e+01             
       H -7.30860e+01 -2.30505e+01  5.12885e+01             
       O -9.66196e+01 -1.93874e+01  3.54777e+01             
       H -9.71873e+01 -1.92987e+01  3.46915e+01             
       H -9.65262e+01 -2.03818e+01  3.55087e+01             
       O -8.76354e+01 -2.10058e+01  2.48893e+01             
       H -6.90773e+01 -1.44590e+01  4.55799e+01             
       H -8.72112e+01 -2.18656e+01  2.51276e+01             
       O -8.43595e+01 -2.22154e+01  5.22268e+01             
       H -8.48830e+01 -2.15955e+01  5.26992e+01             
       H -8.43422e+01 -2.29338e+01  5.28239e+01             
       O -7.81396e+01 -2.03725e+01  8.71330e+01             
       H -7.81402e+01 -2.02951e+01  8.61498e+01             
       H -7.81085e+01 -2.13603e+01  8.72882e+01             
