192                                                         
# CELL(abcABC):   12.41850    12.41850    12.41850    90.00000    90.00000    90.00000  Step:           0  Bead:       0 x_centroid{angstrom}  cell{angstrom}   
       O -8.04890e+01 -1.21440e+01  6.70466e+01             
       H -8.00552e+01 -1.25810e+01  6.62809e+01             
       H -7.96945e+01 -1.19877e+01  6.76140e+01             
       O -7.70964e+01 -1.26499e+01  6.17977e+01             
       H -6.71660e+01 -2.00106e+01  6.08633e+01             
       H -7.64840e+01 -1.21041e+01  6.12882e+01             
       O -7.80645e+01 -2.37541e+01  5.57442e+01             
       H -7.74438e+01 -1.14212e+01  5.50257e+01             
       H -7.76672e+01 -2.40053e+01  5.65242e+01             
       O -6.22715e+01 -2.03841e+01  5.48614e+01             
       H -6.19626e+01 -2.07412e+01  5.57697e+01             
       H -6.30573e+01 -1.98166e+01  5.48735e+01             
       O -6.13876e+01 -2.19758e+01  5.25924e+01             
       H -6.20848e+01 -2.22220e+01  5.20314e+01             
       H -6.16160e+01 -2.13691e+01  5.32936e+01             
       O -6.39822e+01 -1.77242e+01  6.70480e+01             
       H -6.37114e+01 -1.70447e+01  6.63934e+01             
       H -6.44856e+01 -1.72453e+01  6.77441e+01             
       O -7.75768e+01 -2.40913e+01  3.92151e+01             
       H -7.82791e+01 -2.35657e+01  3.95792e+01             
       H -6.74543e+01  1.62342e+00  5.36786e+01             
       O -5.77302e+01 -1.45581e+01  7.30091e+01             
       H -5.72772e+01 -1.51524e+01  7.36932e+01             
       H -5.86903e+01 -2.72134e+01  7.30405e+01             
       O -7.76057e+01 -8.26888e+00  4.12608e+01             
       H -7.80792e+01 -8.17277e+00  4.20933e+01             
       H -7.81494e+01 -8.95294e+00  4.08209e+01             
       O -6.82932e+01 -2.35608e+01  5.75280e+01             
       H -6.90860e+01 -2.31866e+01  5.79072e+01             
       H -6.82612e+01 -2.44789e+01  5.77776e+01             
       O -7.19663e+01 -8.14818e+00  6.02431e+01             
       H -7.19187e+01 -8.32297e+00  6.11781e+01             
       H -7.29296e+01 -8.01090e+00  6.00613e+01             
       O -6.84199e+01 -1.03470e+01  4.90048e+01             
       H -6.89608e+01 -1.05172e+01  4.98481e+01             
       H -6.10878e+01 -1.53225e+01  4.92446e+01             
       O -6.41950e+01 -3.27573e+01  4.95985e+01             
       H -6.36299e+01 -3.25973e+01  4.88078e+01             
       H -6.36257e+01 -2.67026e+01  6.21615e+01             
       O -7.47939e+01 -2.03314e+01  4.71635e+01             
       H -7.51083e+01 -1.96378e+01  4.66145e+01             
       H -7.47758e+01 -2.12188e+01  4.68228e+01             
       O -5.55232e+01 -2.72039e+01  6.29706e+01             
       H -5.52499e+01 -2.65333e+01  6.22673e+01             
       H -5.48065e+01 -2.78223e+01  6.29415e+01             
       O -7.18294e+01 -1.27821e+01  6.32729e+01             
       H -7.23351e+01 -1.30002e+01  6.25220e+01             
       H -7.13799e+01 -1.36260e+01  6.34980e+01             
       O -7.60737e+01 -1.80014e+01  4.58718e+01             
       H -7.61787e+01 -3.03545e+01  4.49157e+01             
       H -7.69292e+01 -1.76938e+01  4.61438e+01             
       O -7.24346e+01 -2.37287e+01  4.47045e+01             
       H -7.24371e+01 -2.42435e+01  4.55121e+01             
       H -7.15613e+01 -2.37390e+01  4.43115e+01             
       O -7.56995e+01 -1.18995e+01  5.41783e+01             
       H -7.51408e+01 -1.11773e+01  5.39412e+01             
       H -7.51015e+01 -1.25636e+01  5.46974e+01             
       O -6.74098e+01  8.61937e+00  5.44898e+01             
       H -5.52669e+01 -2.44238e+01  4.86638e+01             
       H -6.70336e+01  7.87308e+00  5.40046e+01             
       O -7.18745e+01 -2.09501e+01  6.30779e+01             
       H -6.54729e+01 -2.90309e+01  6.12766e+01             
       H -8.49640e+01 -2.13175e+01  6.36662e+01             
       O -6.81486e+01 -3.06790e+01  5.74050e+01             
       H -6.72761e+01 -3.02329e+01  5.72905e+01             
       H -6.87156e+01 -2.98799e+01  5.74930e+01             
       O -6.98989e+01 -1.59486e+01  5.79445e+01             
       H -7.02841e+01 -1.57958e+01  5.88792e+01             
       H -7.05386e+01 -1.57681e+01  5.72419e+01             
       O -6.01966e+01 -4.37888e+01  5.31801e+01             
       H -5.95273e+01 -4.43103e+01  5.36548e+01             
       H -6.10249e+01 -4.41546e+01  6.59941e+01             
       O -7.36708e+01 -8.90898e+00  5.68811e+01             
       H -7.29397e+01 -8.48267e+00  5.72932e+01             
       H -7.33915e+01 -9.84100e+00  5.67953e+01             
       O -6.69123e+01 -2.06991e+01  5.62422e+01             
       H -6.69329e+01 -1.98465e+01  5.67073e+01             
       H -6.62694e+01 -2.13175e+01  5.65788e+01             
       O -6.83116e+01 -1.96826e+01  7.55747e+01             
       H -6.85094e+01 -1.90276e+01  7.48327e+01             
       H -6.91213e+01 -1.97911e+01  7.60968e+01             
       O -8.65940e+01 -1.60239e+01  4.62267e+01             
       H -8.62104e+01 -1.65237e+01  4.54767e+01             
       H -8.74475e+01 -1.64997e+01  4.63883e+01             
       O -6.31945e+01 -6.84659e+00  6.44364e+01             
       H -6.37386e+01 -6.98027e+00  6.52241e+01             
       H -6.37213e+01 -7.15276e+00  6.36656e+01             
       O -6.63585e+01 -1.37820e+01  5.31421e+01             
       H -6.65335e+01 -1.35083e+01  5.22084e+01             
       H -6.70402e+01 -1.44902e+01  4.09787e+01             
       O -6.11006e+01 -1.33026e+01  3.07324e+01             
       H -6.07386e+01 -1.30454e+01  2.99120e+01             
       H -7.34007e+01 -1.25496e+01  3.13566e+01             
       O -5.56171e+01 -1.83474e+01  3.53482e+01             
       H -5.64910e+01 -1.80476e+01  3.55409e+01             
       H -5.55965e+01 -1.85887e+01  3.44237e+01             
       O -7.24961e+01 -2.42306e+01  4.10275e+01             
       H -7.22583e+01 -2.46972e+01  4.02006e+01             
       H -7.29444e+01 -2.34326e+01  5.31496e+01             
       O -5.79947e+01 -1.50261e+01  3.93077e+01             
       H -6.69735e+01 -1.03412e+01  4.58641e+01             
       H -5.82436e+01 -1.58586e+01  3.87697e+01             
       O -6.80731e+01 -2.62675e+01  5.83735e+01             
       H -6.87865e+01 -2.68253e+01  5.80925e+01             
       H -6.80723e+01 -2.61237e+01  5.93576e+01             
       O -5.86855e+01 -1.96110e+01  4.49947e+01             
       H -5.84081e+01 -1.88730e+01  4.55711e+01             
       H -5.78700e+01 -1.98960e+01  4.45306e+01             
       O -6.06993e+01 -2.82128e+01  5.26046e+01             
       H -6.04615e+01 -2.87391e+01  5.34024e+01             
       H -6.10937e+01 -2.88503e+01  5.19601e+01             
       O -6.69642e+01 -5.89039e+00  6.53167e+01             
       H -6.74713e+01 -6.28609e+00  6.45489e+01             
       H -6.63779e+01 -6.61690e+00  6.54774e+01             
       O -5.83142e+01  6.72343e+00  7.26449e+01             
       H -5.86872e+01  5.85341e+00  7.26083e+01             
       H -5.88003e+01  7.20927e+00  7.33071e+01             
       O -6.31609e+01 -2.74426e+01  6.25661e+01             
       H -7.70306e+01 -2.45424e+01  3.98373e+01             
       H -6.32901e+01 -2.71820e+01  6.35026e+01             
       O -6.65578e+01 -2.07354e+01  6.10743e+01             
       H -5.70730e+01 -1.48687e+01  3.89637e+01             
       H -6.64022e+01 -2.12932e+01  6.02980e+01             
       O -6.04535e+01 -1.51879e+01  4.85413e+01             
       H -6.83460e+01 -3.99069e+00  5.45018e+01             
       H -6.09193e+01 -1.54419e+01  4.77320e+01             
       O -6.54092e+01 -2.70800e+01  5.82643e+01             
       H -7.87345e+01 -2.67094e+01  7.05729e+01             
       H -6.50287e+01 -1.21102e+01  6.25196e+01             
       O -9.05309e+01 -1.65098e+01  6.32465e+01             
       H -9.07508e+01 -1.71146e+01  6.39501e+01             
       H -8.97604e+01 -1.60483e+01  6.35765e+01             
       O -6.74890e+01 -3.77474e+01  4.84817e+01             
       H -6.65084e+01 -3.77651e+01  4.84512e+01             
       H -7.13712e+01 -2.03215e+01  6.36406e+01             
       O -6.63086e+01 -1.00013e+01  4.65156e+01             
       H -6.56380e+01 -1.06842e+01  4.63892e+01             
       H -8.65208e+01 -2.41087e+01  2.30103e+01             
       O -7.67029e+01 -2.44748e+01  4.55073e+01             
       H -7.62051e+01 -2.41441e+01  4.62089e+01             
       H -7.68170e+01 -2.54673e+01  4.56378e+01             
       O -7.04499e+01 -2.36486e+01  4.27954e+01             
       H -7.09200e+01 -2.38296e+01  4.19607e+01             
       H -6.95838e+01 -2.40937e+01  4.28316e+01             
       O -5.09920e+01 -2.76125e+01  5.28472e+01             
       H -5.00588e+01 -1.51769e+01  5.29742e+01             
       H -5.13916e+01 -2.69550e+01  5.34547e+01             
       O -6.12593e+01 -5.78132e+00  5.65235e+01             
       H -4.92330e+01 -6.35143e+00  5.58701e+01             
       H -6.04986e+01 -6.33068e+00  5.68015e+01             
       O -6.72867e+01  2.04322e+00  5.28016e+01             
       H -6.51173e+01 -3.28903e+01  4.93024e+01             
       H -6.77585e+01  2.70532e+00  4.92480e+01             
       O -7.11662e+01 -1.77645e+01  5.07729e+01             
       H -7.14225e+01 -1.81899e+01  5.15725e+01             
       H -7.20200e+01 -1.74990e+01  5.05164e+01             
       O -7.02870e+01 -1.03283e+01  4.71927e+01             
       H -7.07900e+01 -2.19299e+01  4.73491e+01             
       H -6.95970e+01 -1.03512e+01  4.79209e+01             
       O -7.81811e+01 -1.69010e+01  5.66876e+01             
       H -7.80097e+01 -1.61373e+01  5.72935e+01             
       H -7.89147e+01 -1.65458e+01  5.61043e+01             
       O -6.93751e+01 -2.10172e+01  5.52461e+01             
       H -6.98118e+01 -2.18953e+01  5.53009e+01             
       H -6.84613e+01 -2.11063e+01  5.56041e+01             
       O -7.81637e+01 -2.90347e+01  4.79033e+01             
       H -7.88256e+01 -2.97521e+01  6.02558e+01             
       H -7.79105e+01 -3.99839e+01  4.66981e+01             
       O -6.29670e+01 -2.25880e+01  6.27000e+01             
       H -6.37838e+01 -2.30135e+01  6.30362e+01             
       H -6.32447e+01 -2.16684e+01  6.24602e+01             
       O -6.98303e+01 -2.31499e+01  5.14813e+01             
       H -7.03134e+01 -2.23269e+01  5.12461e+01             
       H -7.04788e+01 -2.37912e+01  5.11393e+01             
       O -8.47440e+01 -1.60473e+01  5.57040e+01             
       H -8.52709e+01 -1.52096e+01  5.55923e+01             
       H -8.53250e+01 -1.67426e+01  5.59696e+01             
       O -5.98592e+01 -2.45829e+01  4.71351e+01             
       H -5.90741e+01 -2.39007e+01  4.71482e+01             
       H -5.94822e+01 -2.53578e+01  4.75193e+01             
       O -8.24457e+01 -1.96909e+01  2.81244e+01             
       H -8.24472e+01 -1.87751e+01  2.84884e+01             
       H -8.21049e+01 -2.01777e+01  2.89058e+01             
       O -7.50159e+01 -2.38179e+01  2.30893e+01             
       H -5.57039e+01 -1.02948e+01  3.99551e+01             
       H -7.48904e+01 -2.33245e+01  2.39101e+01             
       O -7.42139e+01 -1.73872e+01  5.03790e+01             
       H -7.46174e+01 -1.79650e+01  5.10820e+01             
       H -7.49456e+01 -1.69420e+01  4.99335e+01             
       O -7.00012e+01 -1.65835e+01  7.89126e+01             
       H -6.98931e+01 -1.60171e+01  7.81620e+01             
       H -7.09083e+01 -1.64423e+01  7.92136e+01             
192                                                         
# CELL(abcABC):   12.41850    12.41850    12.41850    90.00000    90.00000    90.00000  Step:      200000  Bead:       0 x_centroid{angstrom}  cell{angstrom}   
       O -9.58436e+01 -1.90725e+01  7.25862e+01             
       H -9.51854e+01 -1.97759e+01  7.25234e+01             
       H -9.65020e+01 -1.92968e+01  7.18921e+01             
       O -9.51409e+01 -1.66324e+01  6.71072e+01             
       H -7.76317e+01 -2.16819e+01  6.84915e+01             
       H -9.47149e+01 -1.64974e+01  6.80388e+01             
       O -9.18208e+01 -2.92214e+01  6.21196e+01             
       H -9.08482e+01 -1.65208e+01  6.19090e+01             
       H -9.17669e+01 -2.91823e+01  6.31015e+01             
       O -7.57748e+01 -2.54202e+01  6.23512e+01             
       H -7.61313e+01 -2.48205e+01  6.16318e+01             
       H -7.51299e+01 -2.47800e+01  6.27857e+01             
       O -7.50076e+01 -3.00903e+01  5.90685e+01             
       H -7.51460e+01 -3.00838e+01  6.00023e+01             
       H -7.48354e+01 -2.91746e+01  5.87201e+01             
       O -8.12559e+01 -1.54503e+01  7.75238e+01             
       H -8.14811e+01 -1.61928e+01  7.69337e+01             
       H -8.11489e+01 -1.47151e+01  7.69165e+01             
       O -9.21067e+01 -2.55318e+01  4.75419e+01             
       H -9.17961e+01 -2.45967e+01  4.75170e+01             
       H -7.97194e+01  2.56026e+00  6.30639e+01             
       O -6.92030e+01 -2.30127e+01  8.08545e+01             
       H -6.96921e+01 -2.25698e+01  8.15457e+01             
       H -6.96099e+01 -3.52267e+01  7.99980e+01             
       O -9.29940e+01 -8.46130e+00  4.70461e+01             
       H -9.26814e+01 -7.76587e+00  4.64248e+01             
       H -9.29006e+01 -8.24399e+00  4.79939e+01             
       O -8.13231e+01 -2.74124e+01  6.13707e+01             
       H -8.07901e+01 -2.66670e+01  6.09944e+01             
       H -8.07391e+01 -2.81357e+01  6.16615e+01             
       O -8.65813e+01 -1.43168e+01  6.79285e+01             
       H -8.60389e+01 -1.49777e+01  6.74964e+01             
       H -8.59688e+01 -1.35531e+01  6.82112e+01             
       O -7.85112e+01 -1.05383e+01  5.91951e+01             
       H -7.82949e+01 -1.07056e+01  5.82290e+01             
       H -7.19780e+01 -2.48397e+01  5.70957e+01             
       O -7.73189e+01 -2.89194e+01  5.59702e+01             
       H -7.66474e+01 -2.96417e+01  5.59957e+01             
       H -7.75153e+01 -3.18764e+01  7.18668e+01             
       O -8.45250e+01 -2.28113e+01  4.94483e+01             
       H -8.50129e+01 -2.26562e+01  4.86278e+01             
       H -8.51057e+01 -2.33377e+01  5.00426e+01             
       O -6.62876e+01 -3.53147e+01  6.87979e+01             
       H -6.62518e+01 -3.59838e+01  6.80984e+01             
       H -6.71860e+01 -3.49124e+01  6.85873e+01             
       O -8.77415e+01 -1.86075e+01  6.76963e+01             
       H -8.74035e+01 -1.84143e+01  6.68231e+01             
       H -8.82694e+01 -1.94652e+01  6.75928e+01             
       O -8.61495e+01 -2.41728e+01  5.13210e+01             
       H -8.57210e+01 -3.73344e+01  5.17837e+01             
       H -8.64638e+01 -2.35532e+01  5.20263e+01             
       O -8.46031e+01 -2.63826e+01  5.23521e+01             
       H -8.44114e+01 -2.67508e+01  5.14762e+01             
       H -8.37671e+01 -2.62780e+01  5.28401e+01             
       O -8.97954e+01 -1.30820e+01  5.78531e+01             
       H -8.91503e+01 -1.37270e+01  5.82775e+01             
       H -9.04654e+01 -1.36774e+01  5.74112e+01             
       O -7.99317e+01  5.82920e+00  5.76963e+01             
       H -7.11607e+01 -3.21518e+01  5.34700e+01             
       H -7.89683e+01  6.02274e+00  5.78861e+01             
       O -8.29920e+01 -2.84621e+01  7.19737e+01             
       H -7.41510e+01 -3.40312e+01  6.54920e+01             
       H -9.57311e+01 -2.93126e+01  7.22398e+01             
       O -7.87626e+01 -3.16209e+01  6.46894e+01             
       H -7.95247e+01 -3.17907e+01  6.41192e+01             
       H -7.90183e+01 -3.09327e+01  6.53451e+01             
       O -8.01525e+01 -2.05361e+01  6.78199e+01             
       H -7.95954e+01 -2.02424e+01  6.70882e+01             
       H -8.09855e+01 -2.03745e+01  6.73696e+01             
       O -7.17421e+01 -5.23796e+01  6.22496e+01             
       H -7.07986e+01 -5.25849e+01  6.20668e+01             
       H -7.20390e+01 -5.32360e+01  7.48726e+01             
       O -8.96465e+01 -1.46410e+01  6.41250e+01             
       H -8.91087e+01 -1.41105e+01  6.34741e+01             
       H -8.92349e+01 -1.43944e+01  6.50168e+01             
       O -7.77258e+01 -1.95110e+01  6.10593e+01             
       H -7.72642e+01 -2.02723e+01  6.14951e+01             
       H -7.74720e+01 -1.87269e+01  6.14215e+01             
       O -8.70317e+01 -2.36613e+01  8.33481e+01             
       H -8.72025e+01 -2.32228e+01  8.24860e+01             
       H -8.63858e+01 -2.31536e+01  8.37087e+01             
       O -9.90449e+01 -1.82073e+01  5.29556e+01             
       H -9.83680e+01 -1.75247e+01  5.30785e+01             
       H -9.97435e+01 -1.77801e+01  5.24901e+01             
       O -7.48459e+01 -1.50370e+01  7.04864e+01             
       H -7.41518e+01 -1.46553e+01  7.11007e+01             
       H -7.46255e+01 -1.46921e+01  6.95792e+01             
       O -8.16436e+01 -1.65585e+01  5.71671e+01             
       H -8.21482e+01 -1.63367e+01  5.79622e+01             
       H -8.13331e+01 -1.74279e+01  4.49870e+01             
       O -7.65400e+01 -1.72196e+01  3.91166e+01             
       H -7.72475e+01 -1.77483e+01  3.94423e+01             
       H -8.90427e+01 -1.62249e+01  3.93054e+01             
       O -6.50717e+01 -2.17267e+01  4.07891e+01             
       H -6.51803e+01 -2.07814e+01  4.04369e+01             
       H -6.41261e+01 -2.19286e+01  4.10168e+01             
       O -8.53092e+01 -3.22769e+01  4.36000e+01             
       H -8.60743e+01 -3.17985e+01  4.32020e+01             
       H -8.45732e+01 -3.21445e+01  5.53577e+01             
       O -7.28881e+01 -1.94555e+01  4.60366e+01             
       H -7.81131e+01 -1.11046e+01  5.37844e+01             
       H -7.29541e+01 -1.95608e+01  4.50414e+01             
       O -8.23046e+01 -3.06160e+01  6.41921e+01             
       H -8.30227e+01 -3.07631e+01  6.34573e+01             
       H -8.23715e+01 -3.14871e+01  6.45682e+01             
       O -7.61081e+01 -2.13156e+01  4.98215e+01             
       H -7.62863e+01 -2.20375e+01  4.91361e+01             
       H -7.63525e+01 -2.15665e+01  5.06714e+01             
       O -7.20723e+01 -3.05378e+01  6.24337e+01             
       H -7.30022e+01 -3.07971e+01  6.24873e+01             
       H -7.16333e+01 -3.10456e+01  6.17265e+01             
       O -8.24474e+01 -1.00441e+01  7.10079e+01             
       H -8.20967e+01 -1.09077e+01  7.12987e+01             
       H -8.17077e+01 -9.38924e+00  7.12151e+01             
       O -7.04539e+01 -8.40714e-01  7.91309e+01             
       H -7.10562e+01 -4.23618e-01  7.98057e+01             
       H -6.96528e+01 -9.92607e-01  7.96944e+01             
       O -7.74469e+01 -3.16668e+01  7.08799e+01             
       H -9.13950e+01 -2.60186e+01  4.69939e+01             
       H -7.65807e+01 -3.12330e+01  7.08163e+01             
       O -7.69827e+01 -2.08491e+01  6.85802e+01             
       H -7.35736e+01 -1.89128e+01  4.63694e+01             
       H -7.71014e+01 -2.06302e+01  6.95415e+01             
       O -7.23127e+01 -2.45768e+01  5.62360e+01             
       H -7.99480e+01 -7.02887e+00  5.67992e+01             
       H -7.30528e+01 -2.39278e+01  5.62929e+01             
       O -7.94383e+01 -2.97944e+01  6.65814e+01             
       H -9.23793e+01 -2.90667e+01  7.86380e+01             
       H -8.22294e+01 -1.59635e+01  6.65722e+01             
       O -1.03108e+02 -1.57692e+01  7.10847e+01             
       H -1.03916e+02 -1.62617e+01  7.13216e+01             
       H -1.03009e+02 -1.60670e+01  7.01711e+01             
       O -8.31594e+01 -4.42108e+01  5.42155e+01             
       H -8.30578e+01 -4.32701e+01  5.40150e+01             
       H -8.23183e+01 -2.82158e+01  7.26030e+01             
       O -7.83987e+01 -1.19596e+01  5.40313e+01             
       H -7.89071e+01 -1.22657e+01  5.32047e+01             
       H -1.05989e+02 -2.69731e+01  3.22627e+01             
       O -9.20082e+01 -2.54212e+01  5.18629e+01             
       H -9.12283e+01 -2.59273e+01  5.15362e+01             
       H -9.21517e+01 -2.47990e+01  5.11352e+01             
       O -8.55577e+01 -2.61714e+01  4.77079e+01             
       H -8.62414e+01 -2.54732e+01  4.80265e+01             
       H -8.51269e+01 -2.64587e+01  4.85314e+01             
       O -6.25137e+01 -3.10555e+01  6.19114e+01             
       H -6.31480e+01 -1.81078e+01  6.23966e+01             
       H -6.26868e+01 -3.19548e+01  6.21189e+01             
       O -7.64223e+01 -1.12956e+01  6.06259e+01             
       H -6.49205e+01 -1.11274e+01  6.01950e+01             
       H -7.57995e+01 -1.11029e+01  5.98342e+01             
       O -7.99826e+01  1.75174e+00  6.26644e+01             
       H -7.70735e+01 -2.81420e+01  5.54613e+01             
       H -7.89624e+01  2.75236e+00  5.92600e+01             
       O -8.28957e+01 -2.10688e+01  6.39177e+01             
       H -8.28388e+01 -2.18705e+01  6.45105e+01             
       H -8.31380e+01 -2.13868e+01  6.30209e+01             
       O -8.35723e+01 -1.28341e+01  5.86057e+01             
       H -8.43146e+01 -2.54578e+01  5.92753e+01             
       H -8.32126e+01 -1.37325e+01  5.84685e+01             
       O -8.94379e+01 -1.63082e+01  6.11269e+01             
       H -8.96885e+01 -1.63003e+01  6.01740e+01             
       H -8.87803e+01 -1.55966e+01  6.11702e+01             
       O -8.20292e+01 -2.32618e+01  6.52850e+01             
       H -8.24518e+01 -2.41110e+01  6.53900e+01             
       H -8.11920e+01 -2.34167e+01  6.47695e+01             
       O -8.72483e+01 -3.45965e+01  5.35153e+01             
       H -8.68432e+01 -3.48274e+01  6.67846e+01             
       H -9.11269e+01 -4.18076e+01  5.46291e+01             
       O -7.65577e+01 -2.65146e+01  6.67142e+01             
       H -7.69678e+01 -2.56989e+01  6.66397e+01             
       H -7.56549e+01 -2.63126e+01  6.71775e+01             
       O -8.21735e+01 -2.37439e+01  6.11129e+01             
       H -8.30835e+01 -2.35512e+01  6.14519e+01             
       H -8.21705e+01 -2.46982e+01  6.12047e+01             
       O -9.79544e+01 -2.06043e+01  6.47839e+01             
       H -9.74282e+01 -2.07036e+01  6.40297e+01             
       H -9.83162e+01 -1.97720e+01  6.47929e+01             
       O -7.30289e+01 -2.85138e+01  5.38735e+01             
       H -7.21915e+01 -2.88082e+01  5.42284e+01             
       H -7.27946e+01 -2.78002e+01  5.31772e+01             
       O -9.28145e+01 -1.99880e+01  3.71812e+01             
       H -9.37078e+01 -1.96874e+01  3.74145e+01             
       H -9.23896e+01 -1.91793e+01  3.68774e+01             
       O -9.33695e+01 -2.62288e+01  3.16549e+01             
       H -6.84173e+01 -1.05232e+01  4.98200e+01             
       H -9.39874e+01 -2.55001e+01  3.18388e+01             
       O -8.70448e+01 -2.22938e+01  5.62663e+01             
       H -8.78859e+01 -2.18823e+01  5.61218e+01             
       H -8.64401e+01 -2.15332e+01  5.64425e+01             
       O -8.51902e+01 -2.20893e+01  8.39698e+01             
       H -8.42166e+01 -2.21895e+01  8.38093e+01             
       H -8.53840e+01 -2.11203e+01  8.39024e+01             
