192                                                         
# CELL(abcABC):   12.41850    12.41850    12.41850    90.00000    90.00000    90.00000  Step:           0  Bead:       0 x_centroid{angstrom}  cell{angstrom}   
       O -7.82975e+01 -1.35728e+01  6.55112e+01             
       H -7.89306e+01 -1.41349e+01  6.50125e+01             
       H -7.74788e+01 -1.35194e+01  6.49515e+01             
       O -7.39992e+01 -1.15289e+01  6.17605e+01             
       H -6.45832e+01 -1.91242e+01  5.71455e+01             
       H -7.33319e+01 -1.08745e+01  6.19929e+01             
       O -7.55802e+01 -2.21974e+01  5.46173e+01             
       H -7.55030e+01 -1.07704e+01  5.47219e+01             
       H -7.65832e+01 -2.20137e+01  5.46591e+01             
       O -5.83222e+01 -2.03085e+01  5.39043e+01             
       H -5.87725e+01 -1.95699e+01  5.35705e+01             
       H -5.77686e+01 -1.99419e+01  5.46082e+01             
       O -5.74534e+01 -2.12538e+01  5.12839e+01             
       H -5.83004e+01 -2.15988e+01  5.09269e+01             
       H -5.76967e+01 -2.12305e+01  5.22359e+01             
       O -6.10807e+01 -1.81682e+01  6.75617e+01             
       H -6.15809e+01 -1.84783e+01  6.67645e+01             
       H -6.10520e+01 -1.89185e+01  6.81484e+01             
       O -7.28645e+01 -2.21259e+01  4.08600e+01             
       H -7.37617e+01 -2.20181e+01  4.11660e+01             
       H -6.37157e+01  2.54988e+00  5.25523e+01             
       O -5.47189e+01 -1.24181e+01  7.01977e+01             
       H -5.51022e+01 -1.19266e+01  6.94518e+01             
       H -5.47013e+01 -2.42495e+01  7.09535e+01             
       O -7.58169e+01 -6.90990e+00  4.11424e+01             
       H -7.61269e+01 -6.39217e+00  4.19322e+01             
       H -7.55982e+01 -7.79348e+00  4.13846e+01             
       O -6.78220e+01 -2.32027e+01  5.57435e+01             
       H -6.81981e+01 -2.22915e+01  5.59960e+01             
       H -6.79595e+01 -2.33401e+01  5.48116e+01             
       O -7.14111e+01 -8.07139e+00  6.01351e+01             
       H -7.17030e+01 -7.32345e+00  6.07593e+01             
       H -7.12409e+01 -7.62266e+00  5.92995e+01             
       O -6.73128e+01 -1.07148e+01  4.74944e+01             
       H -6.76251e+01 -1.09653e+01  4.83753e+01             
       H -5.71005e+01 -1.42526e+01  4.62561e+01             
       O -6.18403e+01 -3.11463e+01  4.64998e+01             
       H -6.08842e+01 -3.11532e+01  4.62974e+01             
       H -6.10747e+01 -2.57128e+01  6.24132e+01             
       O -7.16847e+01 -1.90721e+01  4.51606e+01             
       H -7.08988e+01 -1.86274e+01  4.54819e+01             
       H -7.13044e+01 -1.97948e+01  4.46219e+01             
       O -5.33994e+01 -2.58238e+01  6.10492e+01             
       H -5.36341e+01 -2.49559e+01  6.06478e+01             
       H -5.25947e+01 -2.56493e+01  6.15358e+01             
       O -6.94657e+01 -1.32056e+01  6.19931e+01             
       H -6.92908e+01 -1.33240e+01  6.10263e+01             
       H -6.87705e+01 -1.37388e+01  6.23660e+01             
       O -7.32215e+01 -1.46793e+01  4.47205e+01             
       H -7.39840e+01 -2.66944e+01  4.51516e+01             
       H -7.27939e+01 -1.39217e+01  4.42166e+01             
       O -7.14223e+01 -2.50861e+01  4.36744e+01             
       H -7.12424e+01 -2.44521e+01  4.44422e+01             
       H -7.06515e+01 -2.55210e+01  4.34008e+01             
       O -7.49577e+01 -1.27984e+01  5.40700e+01             
       H -7.39851e+01 -1.28958e+01  5.40124e+01             
       H -7.52906e+01 -1.29250e+01  5.32187e+01             
       O -6.49350e+01  7.37044e+00  5.01538e+01             
       H -5.15595e+01 -2.36412e+01  4.79614e+01             
       H -6.57545e+01  7.80102e+00  4.99511e+01             
       O -6.79138e+01 -1.91602e+01  6.31088e+01             
       H -6.32193e+01 -2.84543e+01  6.04391e+01             
       H -7.99028e+01 -1.87160e+01  6.38097e+01             
       O -6.46423e+01 -3.03977e+01  5.54559e+01             
       H -6.41191e+01 -2.95252e+01  5.55270e+01             
       H -6.54378e+01 -3.00812e+01  5.49307e+01             
       O -6.76690e+01 -1.56541e+01  5.71888e+01             
       H -6.69265e+01 -1.56127e+01  5.78210e+01             
       H -6.83357e+01 -1.62219e+01  5.75117e+01             
       O -6.09838e+01 -4.33364e+01  5.19972e+01             
       H -6.11063e+01 -4.23897e+01  5.21887e+01             
       H -6.18591e+01 -4.36085e+01  6.48624e+01             
       O -6.79337e+01 -7.09452e+00  5.47019e+01             
       H -6.77022e+01 -6.16210e+00  5.46985e+01             
       H -6.70771e+01 -7.44527e+00  5.44631e+01             
       O -6.09103e+01 -2.11103e+01  5.59568e+01             
       H -6.07987e+01 -2.14392e+01  5.68472e+01             
       H -6.18450e+01 -2.13728e+01  5.58465e+01             
       O -6.66827e+01 -1.87633e+01  7.18216e+01             
       H -6.58989e+01 -1.89825e+01  7.13101e+01             
       H -6.68462e+01 -1.78569e+01  7.17846e+01             
       O -8.35418e+01 -1.61948e+01  4.57708e+01             
       H -8.42987e+01 -1.56757e+01  4.54256e+01             
       H -8.37095e+01 -1.63745e+01  4.67037e+01             
       O -6.06945e+01 -6.48818e+00  6.17318e+01             
       H -6.11198e+01 -6.28197e+00  6.25967e+01             
       H -6.14355e+01 -6.58603e+00  6.10817e+01             
       O -6.36994e+01 -1.27783e+01  5.15807e+01             
       H -6.38381e+01 -1.18138e+01  5.16646e+01             
       H -6.31194e+01 -1.30064e+01  3.84367e+01             
       O -5.93293e+01 -1.22712e+01  2.86555e+01             
       H -5.97101e+01 -1.13920e+01  2.85105e+01             
       H -7.15518e+01 -1.22998e+01  2.95887e+01             
       O -5.35277e+01 -1.55205e+01  3.42907e+01             
       H -5.33815e+01 -1.47041e+01  3.48722e+01             
       H -5.26286e+01 -1.57833e+01  3.41545e+01             
       O -6.83361e+01 -2.32566e+01  3.79770e+01             
       H -6.88185e+01 -2.41100e+01  3.77627e+01             
       H -6.89710e+01 -2.26235e+01  5.08054e+01             
       O -5.47137e+01 -1.56686e+01  3.72207e+01             
       H -6.56957e+01 -1.03428e+01  4.46600e+01             
       H -5.52251e+01 -1.61700e+01  3.65813e+01             
       O -6.52978e+01 -2.60003e+01  5.59883e+01             
       H -6.56858e+01 -2.63404e+01  5.51555e+01             
       H -6.60530e+01 -2.59092e+01  5.65982e+01             
       O -5.45932e+01 -1.66040e+01  4.23899e+01             
       H -5.49063e+01 -1.61691e+01  4.32073e+01             
       H -5.51569e+01 -1.64737e+01  4.16393e+01             
       O -5.84611e+01 -2.69554e+01  5.19831e+01             
       H -5.87220e+01 -2.61315e+01  5.24017e+01             
       H -5.87550e+01 -2.76212e+01  5.26468e+01             
       O -6.40240e+01 -7.24399e+00  6.12099e+01             
       H -6.42960e+01 -6.98216e+00  6.03079e+01             
       H -6.47193e+01 -7.84462e+00  6.14694e+01             
       O -5.62333e+01  4.27834e+00  7.19895e+01             
       H -5.70973e+01  4.33071e+00  7.24244e+01             
       H -5.57299e+01  5.11354e+00  7.20349e+01             
       O -6.09497e+01 -2.65915e+01  6.28547e+01             
       H -7.24179e+01 -2.16990e+01  4.16139e+01             
       H -6.00528e+01 -2.64215e+01  6.31795e+01             
       O -6.47363e+01 -1.97658e+01  5.78815e+01             
       H -5.41370e+01 -1.50118e+01  3.67893e+01             
       H -6.48304e+01 -2.07098e+01  5.76386e+01             
       O -5.66493e+01 -1.35149e+01  4.65976e+01             
       H -6.46265e+01 -5.54363e+00  4.93795e+01             
       H -5.58589e+01 -1.33033e+01  4.60470e+01             
       O -6.33399e+01 -2.62507e+01  5.82956e+01             
       H -7.65891e+01 -2.63500e+01  7.02359e+01             
       H -6.24625e+01 -1.11621e+01  6.19402e+01             
       O -8.80930e+01 -1.52528e+01  6.19790e+01             
       H -8.85566e+01 -1.58073e+01  6.26116e+01             
       H -8.72069e+01 -1.51331e+01  6.23651e+01             
       O -6.43268e+01 -3.59943e+01  4.88844e+01             
       H -6.49161e+01 -3.52552e+01  4.90583e+01             
       H -6.85426e+01 -1.97006e+01  6.36001e+01             
       O -6.48279e+01 -9.93584e+00  4.47829e+01             
       H -6.42432e+01 -1.04473e+01  4.54068e+01             
       H -8.47826e+01 -2.28474e+01  2.11429e+01             
       O -7.54917e+01 -2.36509e+01  4.64531e+01             
       H -7.47166e+01 -2.30994e+01  4.63855e+01             
       H -7.53341e+01 -2.46152e+01  4.61777e+01             
       O -6.71535e+01 -2.33647e+01  4.07088e+01             
       H -6.74412e+01 -2.34179e+01  3.97679e+01             
       H -6.64178e+01 -2.39852e+01  4.07694e+01             
       O -4.88447e+01 -2.83281e+01  5.27176e+01             
       H -4.89304e+01 -1.52920e+01  5.20009e+01             
       H -4.94428e+01 -2.80251e+01  5.34437e+01             
       O -5.85983e+01 -4.34619e+00  5.53654e+01             
       H -4.61104e+01 -4.26137e+00  5.62850e+01             
       H -5.93974e+01 -4.82026e+00  5.51074e+01             
       O -6.38588e+01  2.31471e+00  5.16035e+01             
       H -6.23394e+01 -3.17839e+01  4.60447e+01             
       H -6.75693e+01  2.61363e+00  4.73619e+01             
       O -6.89880e+01 -1.78695e+01  4.83364e+01             
       H -6.86503e+01 -1.84611e+01  4.89948e+01             
       H -6.97733e+01 -1.73545e+01  4.86325e+01             
       O -6.90216e+01 -8.43228e+00  4.42733e+01             
       H -6.85115e+01 -2.01917e+01  4.36943e+01             
       H -6.88004e+01 -8.22181e+00  4.51874e+01             
       O -7.53602e+01 -1.57108e+01  5.49769e+01             
       H -7.45398e+01 -1.55204e+01  5.54341e+01             
       H -7.58639e+01 -1.48833e+01  5.51650e+01             
       O -6.57594e+01 -2.15510e+01  5.44310e+01             
       H -6.62363e+01 -2.19880e+01  5.36883e+01             
       H -6.61520e+01 -2.19818e+01  5.52174e+01             
       O -7.57477e+01 -2.87564e+01  4.71053e+01             
       H -7.52460e+01 -2.95772e+01  5.93190e+01             
       H -7.57827e+01 -3.95931e+01  4.62746e+01             
       O -6.01185e+01 -2.16508e+01  6.28913e+01             
       H -6.04543e+01 -2.15678e+01  6.37728e+01             
       H -6.02494e+01 -2.08303e+01  6.23621e+01             
       O -6.63488e+01 -2.13347e+01  5.01959e+01             
       H -6.69954e+01 -2.06208e+01  5.03377e+01             
       H -6.67984e+01 -2.21266e+01  4.99228e+01             
       O -8.17794e+01 -1.41815e+01  5.48949e+01             
       H -8.09055e+01 -1.44290e+01  5.47165e+01             
       H -8.22627e+01 -1.50395e+01  5.49762e+01             
       O -5.81708e+01 -2.37440e+01  4.57624e+01             
       H -5.76540e+01 -2.29722e+01  4.54755e+01             
       H -5.75483e+01 -2.44158e+01  4.61017e+01             
       O -7.83255e+01 -1.83255e+01  2.75286e+01             
       H -7.78348e+01 -1.90159e+01  2.79863e+01             
       H -7.77282e+01 -1.81725e+01  2.67736e+01             
       O -7.31633e+01 -2.23227e+01  2.12830e+01             
       H -5.21894e+01 -9.60411e+00  3.88681e+01             
       H -7.29622e+01 -2.17089e+01  2.19987e+01             
       O -7.15016e+01 -1.65614e+01  4.85550e+01             
       H -7.20966e+01 -1.71780e+01  4.89918e+01             
       H -7.14372e+01 -1.58592e+01  4.92543e+01             
       O -6.82970e+01 -1.51388e+01  7.70445e+01             
       H -6.80213e+01 -1.51067e+01  7.61273e+01             
       H -6.90741e+01 -1.45739e+01  7.70737e+01             
192                                                         
# CELL(abcABC):   12.41850    12.41850    12.41850    90.00000    90.00000    90.00000  Step:      200000  Bead:       0 x_centroid{angstrom}  cell{angstrom}   
       O -9.48401e+01 -1.71641e+01  7.10780e+01             
       H -9.43980e+01 -1.66162e+01  7.17565e+01             
       H -9.42308e+01 -1.69823e+01  7.03548e+01             
       O -8.53653e+01 -1.51982e+01  6.84637e+01             
       H -7.81982e+01 -2.27721e+01  6.36187e+01             
       H -8.44934e+01 -1.51314e+01  6.89736e+01             
       O -8.95342e+01 -2.16594e+01  6.60710e+01             
       H -8.95952e+01 -9.99115e+00  6.54821e+01             
       H -8.86264e+01 -2.15532e+01  6.63623e+01             
       O -7.13790e+01 -2.47641e+01  6.06041e+01             
       H -7.10218e+01 -2.49721e+01  5.97739e+01             
       H -7.22873e+01 -2.43688e+01  6.04319e+01             
       O -7.12259e+01 -2.63845e+01  5.80868e+01             
       H -7.04638e+01 -2.65000e+01  5.75125e+01             
       H -7.12953e+01 -2.71375e+01  5.87330e+01             
       O -7.68625e+01 -2.39877e+01  7.61956e+01             
       H -7.65589e+01 -2.46146e+01  7.55291e+01             
       H -7.59911e+01 -2.35691e+01  7.63539e+01             
       O -8.81036e+01 -2.54043e+01  4.93611e+01             
       H -8.76430e+01 -2.62256e+01  4.96902e+01             
       H -7.46811e+01 -6.23404e+00  6.02390e+01             
       O -6.74460e+01 -1.65571e+01  7.44377e+01             
       H -6.77204e+01 -1.73849e+01  7.48873e+01             
       H -6.82415e+01 -2.85515e+01  7.39836e+01             
       O -8.82008e+01 -1.79475e+01  4.92881e+01             
       H -8.89963e+01 -1.76645e+01  4.87626e+01             
       H -8.79961e+01 -1.70792e+01  4.97084e+01             
       O -8.19021e+01 -2.78988e+01  6.08334e+01             
       H -8.19336e+01 -2.70126e+01  6.04722e+01             
       H -8.26913e+01 -2.80846e+01  6.14232e+01             
       O -8.22974e+01 -7.89009e+00  6.89458e+01             
       H -8.22683e+01 -7.91092e+00  6.99015e+01             
       H -8.27767e+01 -8.69250e+00  6.86975e+01             
       O -7.90587e+01 -7.26926e+00  5.41900e+01             
       H -7.84356e+01 -8.08419e+00  5.40690e+01             
       H -7.16673e+01 -1.74323e+01  4.92249e+01             
       O -7.41210e+01 -3.51064e+01  5.10610e+01             
       H -7.33448e+01 -3.54208e+01  5.16074e+01             
       H -7.26476e+01 -3.76182e+01  7.01678e+01             
       O -8.43159e+01 -2.38365e+01  5.25142e+01             
       H -8.43108e+01 -2.47569e+01  5.28392e+01             
       H -8.38209e+01 -2.39131e+01  5.16007e+01             
       O -6.94577e+01 -2.33859e+01  6.90343e+01             
       H -6.93328e+01 -2.43918e+01  6.90705e+01             
       H -7.02513e+01 -2.32052e+01  6.95568e+01             
       O -8.29865e+01 -1.10240e+01  6.28423e+01             
       H -8.31999e+01 -1.15060e+01  6.20103e+01             
       H -8.20087e+01 -1.12803e+01  6.29783e+01             
       O -8.25019e+01 -1.82596e+01  5.24171e+01             
       H -8.27156e+01 -3.10678e+01  5.32954e+01             
       H -8.26909e+01 -1.88568e+01  5.16985e+01             
       O -8.19315e+01 -3.25608e+01  4.70754e+01             
       H -8.18597e+01 -3.15852e+01  4.70922e+01             
       H -8.11168e+01 -3.29215e+01  4.74525e+01             
       O -8.98620e+01 -1.33421e+01  5.99023e+01             
       H -9.06215e+01 -1.37982e+01  6.01754e+01             
       H -8.91277e+01 -1.33399e+01  6.06483e+01             
       O -7.70349e+01  4.98503e+00  6.34435e+01             
       H -6.14579e+01 -2.29154e+01  4.92323e+01             
       H -7.65522e+01  4.72270e+00  6.42612e+01             
       O -7.77039e+01 -1.95822e+01  7.11643e+01             
       H -7.33778e+01 -3.16698e+01  6.49660e+01             
       H -9.02546e+01 -1.87406e+01  7.17447e+01             
       O -7.14838e+01 -3.33783e+01  6.33948e+01             
       H -7.09962e+01 -3.41751e+01  6.33274e+01             
       H -7.14072e+01 -3.29267e+01  6.25075e+01             
       O -8.56336e+01 -1.54820e+01  5.99259e+01             
       H -8.56874e+01 -1.62057e+01  5.93146e+01             
       H -8.62112e+01 -1.47610e+01  5.96636e+01             
       O -7.12465e+01 -4.63812e+01  5.42774e+01             
       H -7.09391e+01 -4.58769e+01  5.35408e+01             
       H -7.16206e+01 -4.71799e+01  6.62587e+01             
       O -8.02486e+01 -1.17242e+01  6.25299e+01             
       H -7.99919e+01 -1.20421e+01  6.34680e+01             
       H -7.98250e+01 -1.08515e+01  6.24228e+01             
       O -7.50251e+01 -2.78468e+01  6.30717e+01             
       H -7.41600e+01 -2.80744e+01  6.34589e+01             
       H -7.56374e+01 -2.78656e+01  6.38384e+01             
       O -8.01346e+01 -1.88302e+01  7.57153e+01             
       H -7.92110e+01 -1.90956e+01  7.57248e+01             
       H -8.05837e+01 -1.91154e+01  7.65411e+01             
       O -9.36942e+01 -1.59455e+01  5.36405e+01             
       H -9.32582e+01 -1.56870e+01  5.27818e+01             
       H -9.43105e+01 -1.66703e+01  5.32943e+01             
       O -7.53294e+01 -1.13205e+01  6.82764e+01             
       H -7.61166e+01 -1.07384e+01  6.86640e+01             
       H -7.48303e+01 -1.07502e+01  6.77265e+01             
       O -7.66885e+01 -1.79524e+01  5.39704e+01             
       H -7.67026e+01 -1.80192e+01  5.49565e+01             
       H -7.75086e+01 -1.84372e+01  4.14006e+01             
       O -7.18277e+01 -1.93031e+01  3.61711e+01             
       H -7.27665e+01 -1.95306e+01  3.57595e+01             
       H -8.34941e+01 -1.97482e+01  3.56761e+01             
       O -6.70308e+01 -2.04772e+01  4.45820e+01             
       H -6.69707e+01 -2.02295e+01  4.36753e+01             
       H -6.78556e+01 -2.10151e+01  4.47196e+01             
       O -8.11438e+01 -2.53224e+01  4.75778e+01             
       H -8.07180e+01 -2.52235e+01  4.84440e+01             
       H -8.04908e+01 -2.51824e+01  5.93048e+01             
       O -6.13242e+01 -1.76551e+01  4.11371e+01             
       H -7.42800e+01 -8.56924e+00  5.51722e+01             
       H -6.09680e+01 -1.75914e+01  4.20603e+01             
       O -7.79533e+01 -2.96326e+01  6.01401e+01             
       H -7.86714e+01 -2.92764e+01  6.07288e+01             
       H -7.79504e+01 -2.91195e+01  5.93762e+01             
       O -6.70252e+01 -2.12227e+01  4.78098e+01             
       H -6.62321e+01 -2.07079e+01  4.73841e+01             
       H -6.67015e+01 -2.13389e+01  4.86795e+01             
       O -7.15308e+01 -3.51544e+01  5.82369e+01             
       H -7.21929e+01 -3.58242e+01  5.85367e+01             
       H -7.16572e+01 -3.44263e+01  5.88817e+01             
       O -7.51345e+01 -1.46817e+01  6.98169e+01             
       H -7.53870e+01 -1.37694e+01  6.99005e+01             
       H -7.42745e+01 -1.46728e+01  6.93959e+01             
       O -6.84252e+01  3.85887e+00  7.75497e+01             
       H -6.87479e+01  3.08419e+00  7.80706e+01             
       H -6.79366e+01  3.47873e+00  7.67715e+01             
       O -7.34125e+01 -3.70795e+01  7.03730e+01             
       H -8.73874e+01 -2.48274e+01  4.89521e+01             
       H -7.38031e+01 -3.67567e+01  6.95731e+01             
       O -7.87067e+01 -2.20200e+01  6.33157e+01             
       H -6.22568e+01 -1.77945e+01  4.12750e+01             
       H -7.80374e+01 -2.13157e+01  6.32219e+01             
       O -7.17456e+01 -1.65662e+01  4.95957e+01             
       H -7.64765e+01 -6.75585e+00  6.29696e+01             
       H -7.23924e+01 -1.61223e+01  4.89891e+01             
       O -7.67366e+01 -2.79051e+01  6.51542e+01             
       H -8.91838e+01 -2.88407e+01  7.80006e+01             
       H -7.27608e+01 -1.45741e+01  6.77193e+01             
       O -9.86290e+01 -2.02034e+01  6.90419e+01             
       H -9.93114e+01 -1.94909e+01  6.90151e+01             
       H -9.89286e+01 -2.07963e+01  6.97024e+01             
       O -7.39509e+01 -3.59046e+01  4.84129e+01             
       H -7.43292e+01 -3.53528e+01  4.77235e+01             
       H -7.84689e+01 -1.94904e+01  7.05630e+01             
       O -7.45715e+01 -8.92769e+00  5.42918e+01             
       H -7.39193e+01 -8.69540e+00  5.35696e+01             
       H -9.65335e+01 -2.69419e+01  2.79268e+01             
       O -8.94882e+01 -2.53744e+01  5.44147e+01             
       H -8.87919e+01 -2.48292e+01  5.49016e+01             
       H -8.89877e+01 -2.61922e+01  5.43151e+01             
       O -7.88016e+01 -2.37582e+01  4.64479e+01             
       H -7.81134e+01 -2.44188e+01  4.68303e+01             
       H -7.89712e+01 -2.31007e+01  4.71163e+01             
       O -6.28064e+01 -3.41413e+01  5.90948e+01             
       H -6.34955e+01 -2.19674e+01  5.84411e+01             
       H -6.28601e+01 -3.32301e+01  5.93928e+01             
       O -6.92093e+01 -1.10428e+01  6.60301e+01             
       H -5.71545e+01 -1.12095e+01  6.69132e+01             
       H -6.99281e+01 -1.12554e+01  6.54128e+01             
       O -7.41438e+01 -6.89497e+00  5.97776e+01             
       H -7.41096e+01 -3.41418e+01  5.12238e+01             
       H -7.97998e+01  4.97686e+00  5.35721e+01             
       O -8.02716e+01 -1.71781e+01  5.61303e+01             
       H -8.01558e+01 -1.81296e+01  5.59404e+01             
       H -8.03848e+01 -1.68018e+01  5.52805e+01             
       O -7.93422e+01 -1.22334e+01  5.25106e+01             
       H -7.84994e+01 -2.49925e+01  5.28650e+01             
       H -7.99934e+01 -1.20538e+01  5.32425e+01             
       O -8.84007e+01 -1.80619e+01  5.66907e+01             
       H -8.84796e+01 -1.71561e+01  5.71328e+01             
       H -8.89130e+01 -1.85758e+01  5.72677e+01             
       O -7.81035e+01 -2.82785e+01  5.75263e+01             
       H -7.88819e+01 -2.86406e+01  5.70844e+01             
       H -7.80528e+01 -2.73098e+01  5.74127e+01             
       O -8.60193e+01 -3.23442e+01  5.18954e+01             
       H -8.51914e+01 -3.27233e+01  6.39677e+01             
       H -9.00258e+01 -4.03079e+01  5.22625e+01             
       O -7.28017e+01 -2.98998e+01  7.06406e+01             
       H -7.29441e+01 -2.96555e+01  6.97368e+01             
       H -7.18554e+01 -2.99479e+01  7.08170e+01             
       O -7.91143e+01 -2.57494e+01  5.62880e+01             
       H -7.83887e+01 -2.55559e+01  5.56728e+01             
       H -7.89550e+01 -2.50027e+01  5.69155e+01             
       O -9.16980e+01 -1.49871e+01  6.40950e+01             
       H -9.18669e+01 -1.54480e+01  6.32422e+01             
       H -9.17784e+01 -1.39993e+01  6.39614e+01             
       O -7.25059e+01 -2.82398e+01  5.20560e+01             
       H -7.20965e+01 -2.87525e+01  5.13357e+01             
       H -7.27676e+01 -2.88508e+01  5.27391e+01             
       O -8.96667e+01 -2.24136e+01  3.24269e+01             
       H -9.03294e+01 -2.17274e+01  3.23508e+01             
       H -9.01667e+01 -2.30157e+01  3.29993e+01             
       O -8.37049e+01 -2.63968e+01  2.86440e+01             
       H -6.14925e+01 -1.87426e+01  4.66196e+01             
       H -8.27609e+01 -2.66008e+01  2.86528e+01             
       O -8.36536e+01 -1.83039e+01  5.54359e+01             
       H -8.41723e+01 -1.90378e+01  5.51062e+01             
       H -8.31306e+01 -1.88534e+01  5.60253e+01             
       O -8.16701e+01 -1.41738e+01  8.08276e+01             
       H -8.06903e+01 -1.39066e+01  8.09849e+01             
       H -8.16949e+01 -1.49472e+01  8.02180e+01             
