192                                                         
# CELL(abcABC):   12.41850    12.41850    12.41850    90.00000    90.00000    90.00000  Step:           0  Bead:       0 x_centroid{angstrom}  cell{angstrom}   
       O -7.71633e+01 -1.22185e+01  6.39645e+01             
       H -7.81545e+01 -1.21743e+01  6.36025e+01             
       H -7.66961e+01 -1.19931e+01  6.31818e+01             
       O -6.95725e+01 -8.97713e+00  6.14362e+01             
       H -6.38833e+01 -1.86699e+01  5.44206e+01             
       H -6.93310e+01 -8.85154e+00  6.23601e+01             
       O -6.92892e+01 -2.28957e+01  5.25402e+01             
       H -6.87096e+01 -9.91695e+00  5.30518e+01             
       H -6.93989e+01 -2.36948e+01  5.30947e+01             
       O -5.58861e+01 -2.26068e+01  5.52218e+01             
       H -5.60152e+01 -2.25514e+01  5.61829e+01             
       H -5.50834e+01 -2.30795e+01  5.51172e+01             
       O -5.59134e+01 -2.01891e+01  5.12561e+01             
       H -5.64336e+01 -1.93178e+01  5.12717e+01             
       H -5.58398e+01 -2.04260e+01  5.21727e+01             
       O -5.97145e+01 -1.87755e+01  6.40002e+01             
       H -6.04630e+01 -1.81774e+01  6.40621e+01             
       H -5.98934e+01 -1.93571e+01  6.32072e+01             
       O -6.84882e+01 -2.25912e+01  4.54666e+01             
       H -6.88635e+01 -2.17739e+01  4.58859e+01             
       H -5.85756e+01  2.00784e+00  5.14889e+01             
       O -5.09065e+01 -1.39353e+01  6.73911e+01             
       H -5.14537e+01 -1.31997e+01  6.69895e+01             
       H -5.08030e+01 -2.61122e+01  6.83309e+01             
       O -7.21979e+01 -8.46539e+00  4.11408e+01             
       H -7.17387e+01 -8.13989e+00  4.19486e+01             
       H -7.21712e+01 -7.66269e+00  4.05688e+01             
       O -6.56659e+01 -2.41699e+01  5.42174e+01             
       H -6.53866e+01 -2.35845e+01  5.49422e+01             
       H -6.50467e+01 -2.41892e+01  5.35526e+01             
       O -7.12639e+01 -5.02046e+00  5.96664e+01             
       H -7.20621e+01 -5.40857e+00  6.00730e+01             
       H -7.05763e+01 -4.80596e+00  6.03616e+01             
       O -6.46161e+01 -8.66869e+00  4.76631e+01             
       H -6.49917e+01 -8.41524e+00  4.85292e+01             
       H -5.67577e+01 -1.23274e+01  4.81034e+01             
       O -6.04832e+01 -2.83444e+01  4.54341e+01             
       H -5.98571e+01 -2.86371e+01  4.61152e+01             
       H -5.86622e+01 -2.57054e+01  5.95201e+01             
       O -7.00510e+01 -1.93514e+01  4.54264e+01             
       H -6.91866e+01 -1.89218e+01  4.53969e+01             
       H -7.05129e+01 -1.85919e+01  4.58327e+01             
       O -4.99595e+01 -2.25086e+01  5.85507e+01             
       H -5.05398e+01 -2.29822e+01  5.91623e+01             
       H -4.94791e+01 -2.18535e+01  5.90412e+01             
       O -6.74629e+01 -1.17267e+01  6.31772e+01             
       H -6.80454e+01 -1.13707e+01  6.38825e+01             
       H -6.79314e+01 -1.14159e+01  6.23283e+01             
       O -6.99025e+01 -1.26948e+01  4.43679e+01             
       H -6.93925e+01 -2.44352e+01  4.48317e+01             
       H -7.07227e+01 -1.26936e+01  4.48624e+01             
       O -6.72942e+01 -2.65084e+01  4.09034e+01             
       H -6.66188e+01 -2.59081e+01  4.11836e+01             
       H -6.71470e+01 -2.73278e+01  4.13902e+01             
       O -7.19932e+01 -1.32564e+01  5.18827e+01             
       H -7.12424e+01 -1.33669e+01  5.24558e+01             
       H -7.21739e+01 -1.22931e+01  5.17590e+01             
       O -6.59158e+01  8.47107e+00  4.58587e+01             
       H -4.75256e+01 -2.07018e+01  4.65121e+01             
       H -6.56154e+01  8.82822e+00  4.49406e+01             
       O -6.52891e+01 -1.86421e+01  6.12710e+01             
       H -6.24711e+01 -2.14971e+01  5.72055e+01             
       H -7.70952e+01 -1.79870e+01  6.10135e+01             
       O -5.93268e+01 -2.72412e+01  5.55311e+01             
       H -5.96519e+01 -2.76396e+01  5.63765e+01             
       H -5.97104e+01 -2.77855e+01  5.48372e+01             
       O -6.79960e+01 -1.77116e+01  5.67660e+01             
       H -6.73836e+01 -1.72187e+01  5.73616e+01             
       H -6.86939e+01 -1.70363e+01  5.66503e+01             
       O -6.17949e+01 -4.19607e+01  5.25992e+01             
       H -6.15303e+01 -4.10525e+01  5.28654e+01             
       H -6.23224e+01 -4.19200e+01  6.42302e+01             
       O -6.58078e+01 -4.99189e+00  5.16161e+01             
       H -6.61720e+01 -5.03793e+00  5.25701e+01             
       H -6.52872e+01 -4.19321e+00  5.16944e+01             
       O -5.79153e+01 -1.90055e+01  5.52493e+01             
       H -5.70885e+01 -1.93448e+01  5.48878e+01             
       H -5.77713e+01 -1.90002e+01  5.62162e+01             
       O -6.58344e+01 -2.05667e+01  6.87851e+01             
       H -6.49554e+01 -2.10472e+01  6.87404e+01             
       H -6.64367e+01 -2.11127e+01  6.92358e+01             
       O -8.16944e+01 -1.54277e+01  4.54213e+01             
       H -8.18461e+01 -1.44845e+01  4.51893e+01             
       H -8.22518e+01 -1.54450e+01  4.62637e+01             
       O -6.07518e+01 -4.95642e+00  6.19067e+01             
       H -6.04170e+01 -4.03877e+00  6.18736e+01             
       H -6.17036e+01 -4.82269e+00  6.17513e+01             
       O -6.02275e+01 -1.22130e+01  4.64228e+01             
       H -6.00743e+01 -1.13115e+01  4.60687e+01             
       H -6.08754e+01 -1.25466e+01  3.33851e+01             
       O -5.70950e+01 -1.27712e+01  2.91229e+01             
       H -5.62055e+01 -1.31706e+01  2.87615e+01             
       H -6.94063e+01 -1.25857e+01  3.00631e+01             
       O -5.24999e+01 -1.60861e+01  3.09732e+01             
       H -5.20711e+01 -1.52823e+01  3.06486e+01             
       H -5.19969e+01 -1.68867e+01  3.06315e+01             
       O -6.60712e+01 -2.16238e+01  3.78013e+01             
       H -6.65606e+01 -2.23373e+01  3.81251e+01             
       H -6.66207e+01 -2.07992e+01  5.04230e+01             
       O -5.17704e+01 -1.38693e+01  3.52702e+01             
       H -6.33958e+01 -1.08004e+01  4.45711e+01             
       H -5.27474e+01 -1.38268e+01  3.50767e+01             
       O -6.14326e+01 -2.69418e+01  5.32449e+01             
       H -6.05648e+01 -2.66189e+01  5.28943e+01             
       H -6.16567e+01 -2.65556e+01  5.40813e+01             
       O -5.16691e+01 -1.50610e+01  3.92973e+01             
       H -5.11657e+01 -1.49530e+01  4.01649e+01             
       H -5.20730e+01 -1.42024e+01  3.92549e+01             
       O -5.49623e+01 -2.77521e+01  5.04303e+01             
       H -5.50885e+01 -2.70579e+01  5.11138e+01             
       H -5.45417e+01 -2.84904e+01  5.08267e+01             
       O -6.16755e+01 -6.05360e+00  5.78886e+01             
       H -6.26212e+01 -5.94446e+00  5.76248e+01             
       H -6.16039e+01 -6.52340e+00  5.87230e+01             
       O -5.19178e+01  6.05907e+00  7.08736e+01             
       H -5.23233e+01  6.97128e+00  7.08849e+01             
       H -5.23300e+01  5.62444e+00  7.00696e+01             
       O -5.79269e+01 -2.60779e+01  6.00434e+01             
       H -6.75642e+01 -2.26727e+01  4.57764e+01             
       H -5.83919e+01 -2.65456e+01  6.07546e+01             
       O -6.32437e+01 -1.80940e+01  5.48974e+01             
       H -5.16125e+01 -1.30136e+01  3.56696e+01             
       H -6.25998e+01 -1.78852e+01  5.42019e+01             
       O -5.61553e+01 -1.15547e+01  4.82023e+01             
       H -6.61970e+01 -3.26005e+00  4.64397e+01             
       H -5.67054e+01 -1.07321e+01  4.81370e+01             
       O -6.00777e+01 -2.39005e+01  5.49390e+01             
       H -7.17940e+01 -2.45153e+01  6.70328e+01             
       H -5.65704e+01 -8.40055e+00  6.09043e+01             
       O -8.74425e+01 -1.41150e+01  5.76951e+01             
       H -8.79562e+01 -1.39624e+01  5.84957e+01             
       H -8.69361e+01 -1.48934e+01  5.79305e+01             
       O -6.07274e+01 -3.28392e+01  4.69931e+01             
       H -6.05044e+01 -3.27960e+01  4.79306e+01             
       H -6.55267e+01 -1.82686e+01  6.21113e+01             
       O -6.42681e+01 -1.10882e+01  4.43872e+01             
       H -6.46854e+01 -1.13142e+01  4.52251e+01             
       H -7.93699e+01 -1.95992e+01  2.28847e+01             
       O -7.18654e+01 -2.23173e+01  4.50843e+01             
       H -7.10028e+01 -2.20256e+01  4.48547e+01             
       H -7.22598e+01 -2.27274e+01  4.42541e+01             
       O -6.30463e+01 -2.35207e+01  3.65003e+01             
       H -6.28573e+01 -2.27391e+01  3.69932e+01             
       H -6.21948e+01 -2.39392e+01  3.62892e+01             
       O -4.62874e+01 -2.75635e+01  4.98200e+01             
       H -4.66380e+01 -1.47496e+01  5.05953e+01             
       H -4.60197e+01 -2.84998e+01  4.99752e+01             
       O -5.56926e+01 -7.76717e+00  5.41052e+01             
       H -4.24220e+01 -7.55713e+00  5.44567e+01             
       H -5.57644e+01 -8.70930e+00  5.44084e+01             
       O -5.95233e+01  2.03428e+00  5.16609e+01             
       H -6.10670e+01 -2.91092e+01  4.53532e+01             
       H -6.44856e+01  4.60457e+00  4.73104e+01             
       O -6.86954e+01 -1.69227e+01  4.79234e+01             
       H -6.82989e+01 -1.65685e+01  4.86974e+01             
       H -6.81200e+01 -1.65245e+01  4.72672e+01             
       O -6.47459e+01 -7.37775e+00  4.07942e+01             
       H -6.51565e+01 -1.96133e+01  3.99155e+01             
       H -6.38880e+01 -7.79110e+00  4.05688e+01             
       O -6.99864e+01 -1.65008e+01  5.40351e+01             
       H -6.99916e+01 -1.73158e+01  5.45666e+01             
       H -7.02889e+01 -1.58689e+01  5.46966e+01             
       O -6.23819e+01 -2.19951e+01  5.36254e+01             
       H -6.14969e+01 -2.17087e+01  5.33065e+01             
       H -6.24064e+01 -2.16650e+01  5.45416e+01             
       O -7.49834e+01 -2.08360e+01  4.40578e+01             
       H -7.48687e+01 -1.99227e+01  5.68864e+01             
       H -7.31743e+01 -3.62206e+01  4.18491e+01             
       O -6.04854e+01 -2.07455e+01  6.25709e+01             
       H -6.02683e+01 -2.16134e+01  6.29253e+01             
       H -6.13851e+01 -2.07125e+01  6.22784e+01             
       O -6.33782e+01 -2.15159e+01  5.10743e+01             
       H -6.42811e+01 -2.18174e+01  5.08523e+01             
       H -6.31996e+01 -2.16919e+01  5.19774e+01             
       O -7.96090e+01 -1.67929e+01  5.39712e+01             
       H -7.95951e+01 -1.71343e+01  5.48668e+01             
       H -8.05536e+01 -1.67085e+01  5.37848e+01             
       O -5.37168e+01 -2.31145e+01  4.66180e+01             
       H -5.31840e+01 -2.24005e+01  4.69453e+01             
       H -5.42829e+01 -2.34215e+01  4.73724e+01             
       O -7.58866e+01 -1.64415e+01  2.45153e+01             
       H -7.63596e+01 -1.63364e+01  2.53152e+01             
       H -7.60599e+01 -1.56015e+01  2.40617e+01             
       O -6.78646e+01 -1.98635e+01  2.25805e+01             
       H -4.71685e+01 -9.86919e+00  4.00886e+01             
       H -6.83602e+01 -1.91032e+01  2.29597e+01             
       O -7.00031e+01 -1.74416e+01  5.08570e+01             
       H -6.96985e+01 -1.69792e+01  5.16376e+01             
       H -7.08347e+01 -1.78505e+01  5.11994e+01             
       O -6.68081e+01 -1.44180e+01  7.25957e+01             
       H -6.75531e+01 -1.38787e+01  7.22787e+01             
       H -6.67988e+01 -1.46280e+01  7.35602e+01             
192                                                         
# CELL(abcABC):   12.41850    12.41850    12.41850    90.00000    90.00000    90.00000  Step:      200000  Bead:       0 x_centroid{angstrom}  cell{angstrom}   
       O -9.20103e+01 -1.89251e+01  7.49020e+01             
       H -9.18207e+01 -1.93742e+01  7.40284e+01             
       H -9.25446e+01 -1.81193e+01  7.46332e+01             
       O -8.39665e+01 -1.06235e+01  7.11779e+01             
       H -7.65228e+01 -2.00856e+01  6.04746e+01             
       H -8.32769e+01 -9.96862e+00  7.14799e+01             
       O -8.23885e+01 -2.83203e+01  5.99732e+01             
       H -8.30462e+01 -1.66674e+01  6.01032e+01             
       H -8.27723e+01 -2.76238e+01  5.94394e+01             
       O -6.83221e+01 -2.89496e+01  6.20715e+01             
       H -6.86665e+01 -2.85027e+01  6.12725e+01             
       H -6.76834e+01 -2.82674e+01  6.23726e+01             
       O -7.32805e+01 -2.08521e+01  5.71221e+01             
       H -7.32690e+01 -2.00780e+01  5.76503e+01             
       H -7.25211e+01 -2.14110e+01  5.73575e+01             
       O -7.11761e+01 -2.59667e+01  7.15206e+01             
       H -7.13211e+01 -2.54148e+01  7.23277e+01             
       H -7.04454e+01 -2.55965e+01  7.10420e+01             
       O -7.81380e+01 -2.24574e+01  5.05274e+01             
       H -7.89966e+01 -2.22354e+01  5.02564e+01             
       H -7.71548e+01 -3.83462e+00  6.00057e+01             
       O -6.27161e+01 -1.99051e+01  7.98888e+01             
       H -6.17379e+01 -1.97477e+01  7.99392e+01             
       H -6.29098e+01 -3.24408e+01  7.89397e+01             
       O -8.38991e+01 -1.25856e+01  4.93438e+01             
       H -8.42909e+01 -1.19592e+01  4.99311e+01             
       H -8.41604e+01 -1.34716e+01  4.96498e+01             
       O -7.66789e+01 -2.47191e+01  5.87967e+01             
       H -7.61363e+01 -2.50723e+01  5.95092e+01             
       H -7.76135e+01 -2.48350e+01  5.90796e+01             
       O -8.83039e+01 -9.59084e+00  6.89688e+01             
       H -8.74163e+01 -9.86468e+00  6.92961e+01             
       H -8.79445e+01 -8.86440e+00  6.84406e+01             
       O -7.67495e+01 -1.49703e+01  4.92026e+01             
       H -7.59724e+01 -1.43895e+01  4.92215e+01             
       H -7.10701e+01 -9.42322e+00  5.45742e+01             
       O -7.23460e+01 -3.01869e+01  5.04802e+01             
       H -7.20246e+01 -3.08386e+01  5.11818e+01             
       H -7.04374e+01 -2.87094e+01  7.00332e+01             
       O -8.18760e+01 -2.60154e+01  5.40714e+01             
       H -8.14858e+01 -2.52207e+01  5.36785e+01             
       H -8.27447e+01 -2.58868e+01  5.45218e+01             
       O -6.28735e+01 -2.78638e+01  6.56154e+01             
       H -6.35599e+01 -2.82855e+01  6.60917e+01             
       H -6.31760e+01 -2.80708e+01  6.46634e+01             
       O -8.05652e+01 -9.87899e+00  7.02869e+01             
       H -8.07194e+01 -9.40015e+00  7.11202e+01             
       H -7.97548e+01 -9.56016e+00  6.98922e+01             
       O -8.22286e+01 -1.65216e+01  5.25611e+01             
       H -8.21403e+01 -2.89907e+01  5.15877e+01             
       H -8.31807e+01 -1.63203e+01  5.28327e+01             
       O -7.83710e+01 -3.02896e+01  5.23172e+01             
       H -7.88590e+01 -2.95328e+01  5.26477e+01             
       H -7.89469e+01 -3.06823e+01  5.15457e+01             
       O -8.48463e+01 -1.49508e+01  6.33090e+01             
       H -8.42169e+01 -1.49208e+01  6.40108e+01             
       H -8.48498e+01 -1.59396e+01  6.30392e+01             
       O -7.62100e+01  1.53780e+00  5.22504e+01             
       H -5.97059e+01 -2.57933e+01  5.59845e+01             
       H -7.70752e+01  1.88953e+00  5.18043e+01             
       O -7.94387e+01 -2.18224e+01  6.63921e+01             
       H -7.20211e+01 -2.09425e+01  6.54305e+01             
       H -9.14418e+01 -2.09765e+01  6.68093e+01             
       O -7.27556e+01 -3.56585e+01  6.33576e+01             
       H -7.30140e+01 -3.48875e+01  6.27475e+01             
       H -7.35750e+01 -3.62235e+01  6.34279e+01             
       O -8.09395e+01 -2.06069e+01  6.43479e+01             
       H -8.05073e+01 -2.01018e+01  6.36390e+01             
       H -8.02759e+01 -2.06606e+01  6.50225e+01             
       O -7.89755e+01 -4.22145e+01  5.79409e+01             
       H -7.93387e+01 -4.13257e+01  5.77344e+01             
       H -7.97323e+01 -4.27566e+01  7.07164e+01             
       O -7.93847e+01 -7.61447e+00  5.99080e+01             
       H -8.01500e+01 -7.02600e+00  5.96212e+01             
       H -7.86436e+01 -7.46407e+00  5.92566e+01             
       O -6.84367e+01 -2.50168e+01  6.18039e+01             
       H -6.94146e+01 -2.50610e+01  6.17317e+01             
       H -6.83243e+01 -2.40917e+01  6.21165e+01             
       O -7.68554e+01 -2.19674e+01  7.25936e+01             
       H -7.75733e+01 -2.22304e+01  7.20188e+01             
       H -7.60851e+01 -2.24541e+01  7.23174e+01             
       O -9.35236e+01 -2.26198e+01  4.99074e+01             
       H -9.37210e+01 -2.22580e+01  5.07751e+01             
       H -9.38843e+01 -2.19878e+01  4.93415e+01             
       O -7.36095e+01 -6.06030e+00  7.12382e+01             
       H -7.43227e+01 -6.16480e+00  7.19289e+01             
       H -7.38499e+01 -5.21688e+00  7.08112e+01             
       O -7.05418e+01 -1.93267e+01  5.66729e+01             
       H -7.04992e+01 -2.01464e+01  5.61955e+01             
       H -7.00691e+01 -1.86913e+01  4.36236e+01             
       O -7.12129e+01 -1.95534e+01  3.99803e+01             
       H -7.03163e+01 -1.99178e+01  3.98331e+01             
       H -8.36518e+01 -1.91295e+01  4.08398e+01             
       O -6.53801e+01 -1.99564e+01  3.29983e+01             
       H -6.47780e+01 -2.07008e+01  3.28511e+01             
       H -6.50498e+01 -1.90994e+01  3.26327e+01             
       O -8.03764e+01 -2.42962e+01  4.01488e+01             
       H -7.96209e+01 -2.47655e+01  3.98465e+01             
       H -8.00698e+01 -2.34192e+01  5.29323e+01             
       O -6.62823e+01 -1.95706e+01  4.21321e+01             
       H -7.71142e+01 -1.72330e+01  5.13410e+01             
       H -6.58392e+01 -1.91125e+01  4.13789e+01             
       O -7.44895e+01 -2.62330e+01  6.01444e+01             
       H -7.35431e+01 -2.62065e+01  6.05139e+01             
       H -7.44597e+01 -2.69489e+01  5.95059e+01             
       O -6.21892e+01 -1.58457e+01  4.57078e+01             
       H -6.23883e+01 -1.52284e+01  4.49781e+01             
       H -6.30878e+01 -1.61580e+01  4.60517e+01             
       O -6.76537e+01 -2.72934e+01  5.73856e+01             
       H -6.73993e+01 -2.65344e+01  5.79068e+01             
       H -6.86448e+01 -2.73184e+01  5.73148e+01             
       O -7.44962e+01 -6.91786e+00  6.28028e+01             
       H -7.51949e+01 -7.02732e+00  6.21606e+01             
       H -7.45333e+01 -7.54563e+00  6.35621e+01             
       O -6.23573e+01 -9.29657e-02  7.53474e+01             
       H -6.19895e+01 -8.92924e-01  7.57984e+01             
       H -6.31173e+01  1.81263e-01  7.59169e+01             
       O -7.01298e+01 -2.82762e+01  6.92565e+01             
       H -7.76698e+01 -2.25344e+01  4.96773e+01             
       H -6.96337e+01 -2.89001e+01  6.87339e+01             
       O -7.60630e+01 -1.93410e+01  6.07405e+01             
       H -6.57506e+01 -1.93003e+01  4.28724e+01             
       H -7.64920e+01 -1.85379e+01  6.03345e+01             
       O -7.03641e+01 -9.34536e+00  5.52275e+01             
       H -7.65322e+01 -1.10180e+01  5.31927e+01             
       H -6.95204e+01 -9.58744e+00  5.47697e+01             
       O -7.24204e+01 -3.11427e+01  5.47255e+01             
       H -8.43380e+01 -3.12347e+01  6.80072e+01             
       H -7.14101e+01 -1.09321e+01  7.02675e+01             
       O -1.01511e+02 -1.80819e+01  6.85090e+01             
       H -1.00708e+02 -1.85304e+01  6.80811e+01             
       H -1.01110e+02 -1.72516e+01  6.89107e+01             
       O -7.17730e+01 -3.89165e+01  5.54346e+01             
       H -7.12005e+01 -3.95081e+01  5.59573e+01             
       H -7.87364e+01 -2.24850e+01  6.65962e+01             
       O -7.61690e+01 -1.69169e+01  5.10301e+01             
       H -7.56622e+01 -1.77205e+01  5.08956e+01             
       H -9.07803e+01 -2.66252e+01  2.51958e+01             
       O -8.50539e+01 -2.86656e+01  5.37542e+01             
       H -8.59505e+01 -2.85225e+01  5.33722e+01             
       H -8.49437e+01 -2.79145e+01  5.44133e+01             
       O -7.57410e+01 -2.60682e+01  4.42413e+01             
       H -7.65112e+01 -2.63871e+01  4.36879e+01             
       H -7.61310e+01 -2.56030e+01  4.50230e+01             
       O -5.77247e+01 -3.36102e+01  6.03644e+01             
       H -5.86270e+01 -2.10121e+01  6.07025e+01             
       H -5.75052e+01 -3.28019e+01  5.99032e+01             
       O -7.28978e+01 -8.71322e+00  6.13973e+01             
       H -6.08185e+01 -7.88148e+00  6.18449e+01             
       H -7.36114e+01 -9.02995e+00  6.08904e+01             
       O -7.68615e+01 -4.53667e+00  5.94118e+01             
       H -7.33008e+01 -3.05347e+01  5.03581e+01             
       H -7.65711e+01 -3.20597e+00  4.99336e+01             
       O -8.70651e+01 -2.10238e+01  5.24696e+01             
       H -8.76625e+01 -2.18053e+01  5.23174e+01             
       H -8.62939e+01 -2.13442e+01  5.30012e+01             
       O -7.73483e+01 -1.10806e+01  4.22985e+01             
       H -7.77702e+01 -2.42979e+01  4.26456e+01             
       H -7.68807e+01 -1.06270e+01  4.30540e+01             
       O -8.36289e+01 -1.82612e+01  6.05039e+01             
       H -8.39549e+01 -1.79887e+01  6.14441e+01             
       H -8.43926e+01 -1.85159e+01  5.99756e+01             
       O -7.94367e+01 -2.47257e+01  5.93876e+01             
       H -7.98822e+01 -2.48211e+01  6.02307e+01             
       H -7.98343e+01 -2.40234e+01  5.88080e+01             
       O -8.48241e+01 -2.18468e+01  5.33542e+01             
       H -8.47720e+01 -2.23903e+01  6.49330e+01             
       H -8.50212e+01 -4.26176e+01  4.21735e+01             
       O -7.34598e+01 -2.40042e+01  6.85406e+01             
       H -7.33642e+01 -2.35415e+01  6.77141e+01             
       H -7.43330e+01 -2.44847e+01  6.84801e+01             
       O -7.81301e+01 -2.65310e+01  5.52062e+01             
       H -7.86252e+01 -2.68550e+01  5.44290e+01             
       H -7.87447e+01 -2.68335e+01  5.59153e+01             
       O -9.36991e+01 -1.86720e+01  5.86165e+01             
       H -9.42140e+01 -1.89777e+01  5.77900e+01             
       H -9.42991e+01 -1.80913e+01  5.91185e+01             
       O -6.71239e+01 -2.79062e+01  5.30219e+01             
       H -6.70472e+01 -2.74313e+01  5.21382e+01             
       H -6.80252e+01 -2.78177e+01  5.32466e+01             
       O -9.37925e+01 -1.76224e+01  3.03041e+01             
       H -9.40636e+01 -1.73707e+01  2.94014e+01             
       H -9.28526e+01 -1.79252e+01  3.01492e+01             
       O -7.91374e+01 -2.66832e+01  2.57592e+01             
       H -6.52134e+01 -1.70882e+01  4.64156e+01             
       H -7.98102e+01 -2.61273e+01  2.52167e+01             
       O -8.66675e+01 -2.30587e+01  6.00034e+01             
       H -8.63942e+01 -2.38491e+01  6.04465e+01             
       H -8.59098e+01 -2.29197e+01  5.93782e+01             
       O -8.18993e+01 -1.25494e+01  8.18803e+01             
       H -8.15084e+01 -1.29356e+01  8.10634e+01             
       H -8.15611e+01 -1.16679e+01  8.19410e+01             
