192                                                         
# CELL(abcABC):   12.41850    12.41850    12.41850    90.00000    90.00000    90.00000  Step:           0  Bead:       0 x_centroid{angstrom}  cell{angstrom}   
       O -7.46517e+01 -1.03950e+01  6.41477e+01             
       H -7.51748e+01 -1.00947e+01  6.33708e+01             
       H -7.39740e+01 -1.10069e+01  6.38247e+01             
       O -6.55779e+01 -8.41079e+00  5.95682e+01             
       H -6.11001e+01 -1.92254e+01  5.11124e+01             
       H -6.47377e+01 -8.12073e+00  5.98682e+01             
       O -6.63770e+01 -2.35635e+01  4.95746e+01             
       H -6.60883e+01 -1.19566e+01  5.00282e+01             
       H -6.64792e+01 -2.38358e+01  4.86065e+01             
       O -5.46880e+01 -2.15801e+01  5.23146e+01             
       H -5.49013e+01 -2.13920e+01  5.32397e+01             
       H -5.40870e+01 -2.23330e+01  5.23432e+01             
       O -5.27258e+01 -1.96900e+01  5.04604e+01             
       H -5.29169e+01 -1.87391e+01  5.06822e+01             
       H -5.26128e+01 -2.01967e+01  5.12766e+01             
       O -5.65550e+01 -1.81996e+01  6.35519e+01             
       H -5.72321e+01 -1.75206e+01  6.37463e+01             
       H -5.68705e+01 -1.85677e+01  6.26582e+01             
       O -6.49257e+01 -2.09697e+01  4.41332e+01             
       H -6.49050e+01 -2.04301e+01  4.49862e+01             
       H -5.56387e+01  1.61157e+00  5.03434e+01             
       O -4.91974e+01 -1.44036e+01  6.73155e+01             
       H -4.99519e+01 -1.37932e+01  6.75786e+01             
       H -4.87643e+01 -2.69966e+01  6.81947e+01             
       O -7.03573e+01 -8.46935e+00  4.00533e+01             
       H -7.12781e+01 -8.16609e+00  3.99163e+01             
       H -6.98500e+01 -7.79771e+00  3.96050e+01             
       O -6.35605e+01 -2.31050e+01  5.39320e+01             
       H -6.32039e+01 -2.36761e+01  5.46735e+01             
       H -6.28593e+01 -2.31053e+01  5.32219e+01             
       O -6.93681e+01 -5.79758e+00  5.75963e+01             
       H -6.97235e+01 -5.31340e+00  5.83930e+01             
       H -6.86791e+01 -5.21787e+00  5.73234e+01             
       O -6.24507e+01 -9.92433e+00  4.48919e+01             
       H -6.19426e+01 -9.22689e+00  4.53570e+01             
       H -5.60396e+01 -1.04381e+01  4.47503e+01             
       O -5.91830e+01 -2.95262e+01  4.36080e+01             
       H -5.87792e+01 -2.98692e+01  4.43750e+01             
       H -5.92352e+01 -2.56711e+01  5.79124e+01             
       O -6.91295e+01 -2.04668e+01  4.67276e+01             
       H -6.91143e+01 -1.97661e+01  4.60376e+01             
       H -6.83913e+01 -2.02490e+01  4.72948e+01             
       O -5.05272e+01 -2.39573e+01  5.95521e+01             
       H -5.05318e+01 -2.34278e+01  5.87210e+01             
       H -4.95621e+01 -2.39627e+01  5.97123e+01             
       O -6.39645e+01 -9.96320e+00  6.20311e+01             
       H -6.49585e+01 -1.01849e+01  6.20250e+01             
       H -6.36330e+01 -1.04172e+01  6.12747e+01             
       O -6.75637e+01 -9.41672e+00  4.32362e+01             
       H -6.67244e+01 -2.14169e+01  4.33968e+01             
       H -6.82392e+01 -8.73976e+00  4.29340e+01             
       O -6.57033e+01 -2.38940e+01  4.04677e+01             
       H -6.48836e+01 -2.35136e+01  4.08488e+01             
       H -6.54498e+01 -2.44488e+01  3.97483e+01             
       O -7.06013e+01 -1.33227e+01  5.13507e+01             
       H -7.04273e+01 -1.35926e+01  5.22517e+01             
       H -7.01227e+01 -1.25135e+01  5.12775e+01             
       O -6.49819e+01  8.87497e+00  4.50510e+01             
       H -4.61118e+01 -2.11395e+01  4.65143e+01             
       H -6.44387e+01  9.59850e+00  4.53967e+01             
       O -6.12688e+01 -1.75554e+01  5.89940e+01             
       H -6.19395e+01 -1.87337e+01  5.44589e+01             
       H -7.27402e+01 -1.75870e+01  5.93076e+01             
       O -5.76284e+01 -2.83621e+01  5.40433e+01             
       H -5.81295e+01 -2.89496e+01  5.45911e+01             
       H -5.75896e+01 -2.74848e+01  5.44347e+01             
       O -6.84902e+01 -1.45265e+01  5.71721e+01             
       H -6.78663e+01 -1.38575e+01  5.75360e+01             
       H -6.79882e+01 -1.49389e+01  5.64312e+01             
       O -5.92245e+01 -4.14453e+01  5.11618e+01             
       H -5.90322e+01 -4.10517e+01  5.20586e+01             
       H -5.90629e+01 -4.07637e+01  6.29427e+01             
       O -6.28470e+01 -4.41173e+00  4.88128e+01             
       H -6.37704e+01 -4.13422e+00  4.87273e+01             
       H -6.25902e+01 -3.80398e+00  4.95329e+01             
       O -5.75008e+01 -2.05412e+01  5.50865e+01             
       H -5.79481e+01 -1.97547e+01  5.54824e+01             
       H -5.76735e+01 -2.06194e+01  5.41104e+01             
       O -6.44614e+01 -2.03597e+01  6.64147e+01             
       H -6.36969e+01 -1.98693e+01  6.60010e+01             
       H -6.41840e+01 -2.13154e+01  6.63071e+01             
       O -7.94332e+01 -1.39215e+01  4.86609e+01             
       H -7.91308e+01 -1.38718e+01  4.96093e+01             
       H -8.03734e+01 -1.41954e+01  4.86311e+01             
       O -5.82803e+01 -4.74248e+00  5.97807e+01             
       H -5.81731e+01 -4.02127e+00  6.04185e+01             
       H -5.83907e+01 -5.54346e+00  6.03395e+01             
       O -6.01089e+01 -1.17069e+01  4.80920e+01             
       H -5.94678e+01 -1.18972e+01  4.73953e+01             
       H -5.97772e+01 -1.08055e+01  3.58274e+01             
       O -5.53708e+01 -1.20175e+01  3.00011e+01             
       H -5.47196e+01 -1.19889e+01  2.92723e+01             
       H -6.75571e+01 -1.13192e+01  3.05926e+01             
       O -5.05046e+01 -1.59177e+01  2.83662e+01             
       H -5.00274e+01 -1.52703e+01  2.89784e+01             
       H -5.01118e+01 -1.68044e+01  2.84513e+01             
       O -6.17524e+01 -2.02175e+01  3.44740e+01             
       H -6.19932e+01 -2.01830e+01  3.54284e+01             
       H -6.16368e+01 -1.92983e+01  4.66427e+01             
       O -5.07586e+01 -1.43107e+01  3.42267e+01             
       H -6.29751e+01 -1.19105e+01  4.43537e+01             
       H -5.08176e+01 -1.33239e+01  3.43813e+01             
       O -6.06226e+01 -2.46412e+01  5.35738e+01             
       H -6.01600e+01 -2.40024e+01  5.41786e+01             
       H -6.08493e+01 -2.53417e+01  5.41892e+01             
       O -5.01651e+01 -1.49093e+01  3.83284e+01             
       H -5.02351e+01 -1.53367e+01  3.92051e+01             
       H -4.95539e+01 -1.41306e+01  3.83764e+01             
       O -5.29055e+01 -2.59281e+01  5.09872e+01             
       H -5.30207e+01 -2.64112e+01  5.18086e+01             
       H -5.19981e+01 -2.61883e+01  5.07105e+01             
       O -6.13590e+01 -6.74051e+00  5.60131e+01             
       H -6.12681e+01 -7.56971e+00  5.55071e+01             
       H -6.22799e+01 -6.59238e+00  5.63882e+01             
       O -5.11183e+01  6.41470e+00  6.99571e+01             
       H -5.04896e+01  6.82240e+00  7.05019e+01             
       H -5.16559e+01  7.21916e+00  6.96599e+01             
       O -5.87070e+01 -2.50386e+01  5.84495e+01             
       H -6.44397e+01 -2.04495e+01  4.34591e+01             
       H -5.79768e+01 -2.47761e+01  5.78784e+01             
       O -6.03164e+01 -1.92600e+01  5.16583e+01             
       H -5.06088e+01 -1.47526e+01  3.50410e+01             
       H -5.99296e+01 -1.83976e+01  5.14197e+01             
       O -5.66532e+01 -1.05791e+01  4.54635e+01             
       H -6.56939e+01 -3.18431e+00  4.44711e+01             
       H -5.68259e+01 -9.66652e+00  4.57399e+01             
       O -5.77261e+01 -2.55224e+01  5.41823e+01             
       H -6.93506e+01 -2.49990e+01  6.67760e+01             
       H -5.36101e+01 -7.58668e+00  5.93523e+01             
       O -8.53295e+01 -1.45756e+01  5.73124e+01             
       H -8.61641e+01 -1.47172e+01  5.78313e+01             
       H -8.47759e+01 -1.53654e+01  5.74143e+01             
       O -5.93517e+01 -3.40147e+01  4.62869e+01             
       H -6.00263e+01 -3.34087e+01  4.66418e+01             
       H -6.17464e+01 -1.72544e+01  5.98182e+01             
       O -6.33002e+01 -1.24225e+01  4.36358e+01             
       H -6.42902e+01 -1.25023e+01  4.38558e+01             
       H -7.83017e+01 -1.79515e+01  2.07459e+01             
       O -7.17733e+01 -2.28062e+01  4.30911e+01             
       H -7.20433e+01 -2.29956e+01  4.39813e+01             
       H -7.09203e+01 -2.24027e+01  4.32526e+01             
       O -5.83366e+01 -2.21954e+01  3.65475e+01             
       H -5.77719e+01 -2.21273e+01  3.57727e+01             
       H -5.77217e+01 -2.25388e+01  3.72161e+01             
       O -4.49492e+01 -2.69706e+01  4.86084e+01             
       H -4.53488e+01 -1.39547e+01  4.79806e+01             
       H -4.51913e+01 -2.66600e+01  4.95006e+01             
       O -5.48212e+01 -6.23140e+00  5.37585e+01             
       H -4.16149e+01 -6.66616e+00  5.36919e+01             
       H -5.50785e+01 -6.10197e+00  5.28979e+01             
       O -5.64908e+01  1.77196e+00  5.07867e+01             
       H -6.00554e+01 -2.99535e+01  4.37058e+01             
       H -6.33153e+01  2.96320e+00  4.47485e+01             
       O -6.54425e+01 -1.63356e+01  4.82378e+01             
       H -6.58597e+01 -1.67213e+01  4.90487e+01             
       H -6.58919e+01 -1.55008e+01  4.81236e+01             
       O -6.22342e+01 -7.04138e+00  3.71403e+01             
       H -6.25745e+01 -1.85603e+01  3.69684e+01             
       H -6.30421e+01 -7.55603e+00  3.73298e+01             
       O -6.72123e+01 -1.63174e+01  5.51597e+01             
       H -6.70861e+01 -1.72511e+01  5.47800e+01             
       H -6.78815e+01 -1.59947e+01  5.46101e+01             
       O -6.09885e+01 -2.10235e+01  5.40478e+01             
       H -6.04384e+01 -2.17187e+01  5.44598e+01             
       H -6.13138e+01 -2.15479e+01  5.32656e+01             
       O -7.47593e+01 -1.85104e+01  4.11744e+01             
       H -7.40238e+01 -1.86781e+01  5.29481e+01             
       H -7.09043e+01 -3.74054e+01  4.17230e+01             
       O -5.53922e+01 -2.01365e+01  6.16161e+01             
       H -5.54501e+01 -2.07692e+01  6.23396e+01             
       H -5.45153e+01 -1.98360e+01  6.16669e+01             
       O -5.88156e+01 -1.92299e+01  4.90402e+01             
       H -5.94846e+01 -1.95380e+01  4.96136e+01             
       H -5.84716e+01 -2.00751e+01  4.87311e+01             
       O -7.80740e+01 -1.58541e+01  5.24930e+01             
       H -7.71139e+01 -1.58920e+01  5.28130e+01             
       H -7.86982e+01 -1.60948e+01  5.32417e+01             
       O -5.38409e+01 -2.34658e+01  4.67890e+01             
       H -5.35392e+01 -2.25817e+01  4.69588e+01             
       H -5.47920e+01 -2.33009e+01  4.66947e+01             
       O -7.32683e+01 -1.25266e+01  2.58461e+01             
       H -7.29416e+01 -1.22958e+01  2.49819e+01             
       H -7.23979e+01 -1.26247e+01  2.63556e+01             
       O -6.62850e+01 -1.82446e+01  2.15962e+01             
       H -4.36786e+01 -1.01909e+01  3.91333e+01             
       H -6.59848e+01 -1.75997e+01  2.22060e+01             
       O -6.64381e+01 -1.73136e+01  5.04057e+01             
       H -6.61285e+01 -1.67285e+01  5.11378e+01             
       H -6.73063e+01 -1.76722e+01  5.06332e+01             
       O -6.58835e+01 -1.27603e+01  6.94280e+01             
       H -6.65878e+01 -1.25441e+01  6.88021e+01             
       H -6.59258e+01 -1.21215e+01  7.02078e+01             
192                                                         
# CELL(abcABC):   12.41850    12.41850    12.41850    90.00000    90.00000    90.00000  Step:      200000  Bead:       0 x_centroid{angstrom}  cell{angstrom}   
       O -8.63898e+01 -1.54298e+01  8.03630e+01             
       H -8.58892e+01 -1.46717e+01  8.06811e+01             
       H -8.60927e+01 -1.61869e+01  8.08646e+01             
       O -7.68928e+01 -1.50660e+01  6.90742e+01             
       H -7.54400e+01 -2.37083e+01  6.43361e+01             
       H -7.64426e+01 -1.57514e+01  6.96593e+01             
       O -7.91682e+01 -3.03824e+01  5.60594e+01             
       H -7.92909e+01 -1.70378e+01  5.62835e+01             
       H -7.98366e+01 -3.09100e+01  5.65486e+01             
       O -6.27555e+01 -2.71584e+01  5.92112e+01             
       H -6.22800e+01 -2.68223e+01  5.99653e+01             
       H -6.22767e+01 -2.78904e+01  5.88097e+01             
       O -7.06892e+01 -2.58452e+01  5.84592e+01             
       H -7.12505e+01 -2.58967e+01  5.76002e+01             
       H -7.12957e+01 -2.64473e+01  5.90762e+01             
       O -7.54183e+01 -1.95741e+01  6.67104e+01             
       H -7.53858e+01 -1.94976e+01  6.76926e+01             
       H -7.60923e+01 -1.89157e+01  6.64252e+01             
       O -7.68680e+01 -1.99252e+01  5.03646e+01             
       H -7.72949e+01 -1.92705e+01  5.08910e+01             
       H -7.58504e+01  5.73135e-01  6.15122e+01             
       O -6.44529e+01 -1.90988e+01  6.91238e+01             
       H -6.51875e+01 -1.84477e+01  6.88539e+01             
       H -6.47691e+01 -3.21027e+01  6.98603e+01             
       O -8.72617e+01 -8.75725e+00  4.82018e+01             
       H -8.77597e+01 -9.35071e+00  4.87936e+01             
       H -8.78751e+01 -8.47436e+00  4.75030e+01             
       O -7.78321e+01 -2.74316e+01  6.04102e+01             
       H -7.69223e+01 -2.72473e+01  6.01710e+01             
       H -7.83395e+01 -2.79667e+01  5.97857e+01             
       O -8.08364e+01 -1.57780e+01  6.39271e+01             
       H -8.05016e+01 -1.48539e+01  6.39708e+01             
       H -8.11509e+01 -1.59570e+01  6.48102e+01             
       O -7.31494e+01 -1.55803e+01  5.28270e+01             
       H -7.39407e+01 -1.57136e+01  5.22742e+01             
       H -6.75399e+01 -1.95373e+01  4.88891e+01             
       O -7.41090e+01 -3.29581e+01  5.20453e+01             
       H -7.45424e+01 -3.25267e+01  5.28763e+01             
       H -7.17139e+01 -2.95832e+01  6.94388e+01             
       O -8.25436e+01 -2.57869e+01  5.40087e+01             
       H -8.27552e+01 -2.52186e+01  5.32365e+01             
       H -8.16681e+01 -2.53006e+01  5.43563e+01             
       O -5.97629e+01 -3.05907e+01  6.45174e+01             
       H -5.90878e+01 -3.06595e+01  6.52350e+01             
       H -6.01992e+01 -2.97470e+01  6.47140e+01             
       O -7.41117e+01 -1.29431e+01  6.63533e+01             
       H -7.34527e+01 -1.34323e+01  6.57994e+01             
       H -7.35311e+01 -1.21656e+01  6.66187e+01             
       O -7.82522e+01 -1.30619e+01  5.23002e+01             
       H -7.74377e+01 -2.48982e+01  5.21913e+01             
       H -7.89190e+01 -1.27107e+01  5.29999e+01             
       O -8.47119e+01 -2.75986e+01  4.78405e+01             
       H -8.49170e+01 -2.83263e+01  4.85222e+01             
       H -8.46421e+01 -2.67936e+01  4.84391e+01             
       O -8.61498e+01 -2.06145e+01  5.67942e+01             
       H -8.67450e+01 -2.10377e+01  5.61939e+01             
       H -8.58410e+01 -2.12711e+01  5.74226e+01             
       O -7.93885e+01  7.86286e+00  4.65521e+01             
       H -6.24763e+01 -2.65667e+01  4.96038e+01             
       H -8.02383e+01  8.32067e+00  4.64728e+01             
       O -6.95718e+01 -2.25597e+01  6.62876e+01             
       H -7.91501e+01 -2.52889e+01  6.33587e+01             
       H -8.12651e+01 -2.20908e+01  6.57338e+01             
       O -7.13133e+01 -3.29145e+01  6.22923e+01             
       H -7.12313e+01 -3.21460e+01  6.16987e+01             
       H -7.12452e+01 -3.25214e+01  6.31402e+01             
       O -8.16049e+01 -1.57604e+01  6.65291e+01             
       H -8.21165e+01 -1.49163e+01  6.64587e+01             
       H -8.09589e+01 -1.56373e+01  6.71808e+01             
       O -7.85127e+01 -4.70018e+01  6.25878e+01             
       H -7.79497e+01 -4.61991e+01  6.27598e+01             
       H -7.88841e+01 -4.67375e+01  7.41330e+01             
       O -7.85706e+01 -1.23996e+01  5.98729e+01             
       H -7.84012e+01 -1.22304e+01  5.89397e+01             
       H -7.82513e+01 -1.33596e+01  6.00065e+01             
       O -6.75677e+01 -2.14711e+01  6.48646e+01             
       H -6.74507e+01 -2.20438e+01  6.40994e+01             
       H -6.67496e+01 -2.13999e+01  6.54065e+01             
       O -8.32144e+01 -2.35389e+01  7.21959e+01             
       H -8.32352e+01 -2.44551e+01  7.16887e+01             
       H -8.23373e+01 -2.32743e+01  7.22737e+01             
       O -9.51078e+01 -1.82068e+01  5.39269e+01             
       H -9.50109e+01 -1.88172e+01  5.46994e+01             
       H -9.48415e+01 -1.72949e+01  5.41558e+01             
       O -7.27610e+01 -5.70916e+00  6.81828e+01             
       H -7.24293e+01 -5.86941e+00  6.72552e+01             
       H -7.29783e+01 -6.51781e+00  6.85850e+01             
       O -7.03964e+01 -1.25545e+01  5.12275e+01             
       H -6.99842e+01 -1.16431e+01  5.10974e+01             
       H -6.96778e+01 -1.31529e+01  3.86476e+01             
       O -6.27263e+01 -1.55905e+01  3.81984e+01             
       H -6.21967e+01 -1.63704e+01  3.78069e+01             
       H -7.60610e+01 -1.59676e+01  3.82916e+01             
       O -6.97203e+01 -1.60914e+01  3.67573e+01             
       H -6.95181e+01 -1.52870e+01  3.63133e+01             
       H -6.94848e+01 -1.60462e+01  3.76784e+01             
       O -7.31426e+01 -1.90876e+01  4.73023e+01             
       H -7.37794e+01 -1.86753e+01  4.67039e+01             
       H -7.34993e+01 -1.99726e+01  6.01015e+01             
       O -6.45297e+01 -1.53336e+01  4.09536e+01             
       H -7.62947e+01 -1.34495e+01  4.51904e+01             
       H -6.52006e+01 -1.47000e+01  4.06694e+01             
       O -7.61211e+01 -3.03989e+01  6.07836e+01             
       H -7.71098e+01 -3.05840e+01  6.08203e+01             
       H -7.57221e+01 -3.10971e+01  6.13058e+01             
       O -6.13970e+01 -2.35743e+01  4.38954e+01             
       H -6.11724e+01 -2.34660e+01  4.48757e+01             
       H -6.22695e+01 -2.39508e+01  4.40015e+01             
       O -6.08082e+01 -3.50225e+01  5.89000e+01             
       H -6.00302e+01 -3.53302e+01  5.93651e+01             
       H -6.13507e+01 -3.46161e+01  5.95627e+01             
       O -8.19894e+01 -1.02874e+01  6.26911e+01             
       H -8.27414e+01 -9.79813e+00  6.23839e+01             
       H -8.14941e+01 -1.03876e+01  6.19070e+01             
       O -6.79724e+01  2.01359e+00  7.27602e+01             
       H -6.73810e+01  1.26281e+00  7.26508e+01             
       H -6.79410e+01  2.55600e+00  7.19384e+01             
       O -7.13300e+01 -2.88576e+01  6.99392e+01             
       H -7.60429e+01 -2.01469e+01  5.07397e+01             
       H -7.17993e+01 -2.89037e+01  7.08527e+01             
       O -7.59278e+01 -2.41018e+01  6.50984e+01             
       H -6.38272e+01 -1.50988e+01  4.04050e+01             
       H -7.52690e+01 -2.46060e+01  6.56933e+01             
       O -6.73585e+01 -1.94624e+01  4.79916e+01             
       H -7.96239e+01 -5.27689e+00  4.71423e+01             
       H -6.80544e+01 -1.98477e+01  4.75086e+01             
       O -7.32349e+01 -2.97917e+01  6.21247e+01             
       H -8.48879e+01 -3.00714e+01  7.51471e+01             
       H -6.40347e+01 -1.49851e+01  6.82030e+01             
       O -1.00168e+02 -1.72494e+01  7.06799e+01             
       H -1.00722e+02 -1.78539e+01  7.00486e+01             
       H -1.00595e+02 -1.74472e+01  7.15421e+01             
       O -7.48541e+01 -3.81663e+01  4.91132e+01             
       H -7.39109e+01 -3.79393e+01  4.92476e+01             
       H -7.04469e+01 -2.25442e+01  6.58678e+01             
       O -7.62277e+01 -1.24858e+01  4.52647e+01             
       H -7.54895e+01 -1.23570e+01  4.59475e+01             
       H -9.23026e+01 -2.10550e+01  3.29028e+01             
       O -8.96119e+01 -2.19975e+01  5.38147e+01             
       H -8.90977e+01 -2.26823e+01  5.33306e+01             
       H -8.90296e+01 -2.12159e+01  5.38681e+01             
       O -7.20318e+01 -2.56830e+01  4.37230e+01             
       H -7.26043e+01 -2.48786e+01  4.36947e+01             
       H -7.12883e+01 -2.55921e+01  4.30482e+01             
       O -5.21603e+01 -3.31031e+01  4.68683e+01             
       H -5.27342e+01 -2.13374e+01  4.64453e+01             
       H -5.26548e+01 -3.26923e+01  4.76006e+01             
       O -7.02216e+01 -6.00990e+00  5.96609e+01             
       H -5.87641e+01 -6.08068e+00  5.94594e+01             
       H -7.00557e+01 -5.35396e+00  6.03494e+01             
       O -7.61159e+01  1.33135e+00  6.20249e+01             
       H -7.33312e+01 -3.23765e+01  5.19382e+01             
       H -7.36058e+01 -3.25191e+00  5.37242e+01             
       O -7.74598e+01 -1.82197e+01  5.33801e+01             
       H -7.73857e+01 -1.72016e+01  5.33791e+01             
       H -7.80863e+01 -1.84835e+01  5.40593e+01             
       O -8.05839e+01 -6.95730e+00  3.82482e+01             
       H -8.05942e+01 -1.85548e+01  3.87706e+01             
       H -8.04242e+01 -7.67636e+00  3.88957e+01             
       O -8.52277e+01 -2.29556e+01  6.49944e+01             
       H -8.50247e+01 -2.29123e+01  6.40725e+01             
       H -8.59019e+01 -2.22045e+01  6.50880e+01             
       O -7.77861e+01 -2.28491e+01  6.86477e+01             
       H -7.71978e+01 -2.35374e+01  6.89413e+01             
       H -7.74122e+01 -2.25307e+01  6.77762e+01             
       O -9.23935e+01 -2.51697e+01  5.03977e+01             
       H -9.21077e+01 -2.50396e+01  6.19189e+01             
       H -8.55573e+01 -4.28309e+01  4.89905e+01             
       O -6.69418e+01 -2.69840e+01  6.84393e+01             
       H -6.61334e+01 -2.71576e+01  6.89493e+01             
       H -6.76315e+01 -2.71771e+01  6.91147e+01             
       O -7.98543e+01 -2.47414e+01  5.46962e+01             
       H -7.95435e+01 -2.39571e+01  5.51363e+01             
       H -7.95337e+01 -2.56026e+01  5.51213e+01             
       O -9.35960e+01 -1.95519e+01  5.73368e+01             
       H -9.41130e+01 -1.90959e+01  5.79757e+01             
       H -9.42404e+01 -2.01000e+01  5.68269e+01             
       O -6.87784e+01 -2.78229e+01  5.78521e+01             
       H -6.94778e+01 -2.84591e+01  5.76038e+01             
       H -6.92870e+01 -2.69850e+01  5.80079e+01             
       O -8.45027e+01 -1.26718e+01  3.67984e+01             
       H -8.39319e+01 -1.20501e+01  3.62504e+01             
       H -8.40863e+01 -1.27256e+01  3.76624e+01             
       O -7.94522e+01 -2.18784e+01  3.31563e+01             
       H -6.46392e+01 -1.10747e+01  4.97937e+01             
       H -7.89235e+01 -2.22183e+01  3.23923e+01             
       O -8.28953e+01 -2.07488e+01  5.54085e+01             
       H -8.25115e+01 -2.14334e+01  5.48699e+01             
       H -8.38225e+01 -2.09527e+01  5.55957e+01             
       O -7.78214e+01 -1.68035e+01  7.51963e+01             
       H -7.80808e+01 -1.61677e+01  7.44994e+01             
       H -7.85515e+01 -1.68355e+01  7.58046e+01             
