192                                                         
# CELL(abcABC):   12.41850    12.41850    12.41850    90.00000    90.00000    90.00000  Step:           0  Bead:       0 x_centroid{angstrom}  cell{angstrom}   
       O -7.52285e+01 -1.08158e+01  6.42923e+01             
       H -7.56093e+01 -1.08749e+01  6.34004e+01             
       H -7.44895e+01 -1.13815e+01  6.41832e+01             
       O -6.71053e+01 -9.05515e+00  6.06315e+01             
       H -6.26369e+01 -1.94438e+01  5.15439e+01             
       H -6.70283e+01 -8.71654e+00  6.15737e+01             
       O -6.66984e+01 -2.33543e+01  5.01189e+01             
       H -6.68569e+01 -1.17881e+01  5.05612e+01             
       H -6.69111e+01 -2.35368e+01  4.92393e+01             
       O -5.51074e+01 -2.16533e+01  5.31389e+01             
       H -5.58873e+01 -2.17888e+01  5.36604e+01             
       H -5.44861e+01 -2.23626e+01  5.33127e+01             
       O -5.43986e+01 -2.00093e+01  5.09738e+01             
       H -5.50336e+01 -1.93220e+01  5.11257e+01             
       H -5.45143e+01 -2.06121e+01  5.16879e+01             
       O -5.81125e+01 -1.89503e+01  6.42274e+01             
       H -5.87792e+01 -1.82206e+01  6.40478e+01             
       H -5.79850e+01 -1.91990e+01  6.33248e+01             
       O -6.65286e+01 -2.13875e+01  4.49591e+01             
       H -6.67522e+01 -2.06715e+01  4.55610e+01             
       H -5.60178e+01  2.42204e+00  5.01419e+01             
       O -4.98962e+01 -1.39447e+01  6.68913e+01             
       H -5.08108e+01 -1.36077e+01  6.69711e+01             
       H -4.96367e+01 -2.63375e+01  6.78239e+01             
       O -7.02448e+01 -8.45965e+00  4.13015e+01             
       H -7.08706e+01 -9.18140e+00  4.10248e+01             
       H -7.04276e+01 -7.85563e+00  4.05026e+01             
       O -6.48992e+01 -2.29606e+01  5.39112e+01             
       H -6.46472e+01 -2.33935e+01  5.47696e+01             
       H -6.40804e+01 -2.29962e+01  5.33558e+01             
       O -7.01107e+01 -4.93342e+00  5.81350e+01             
       H -7.05617e+01 -4.85603e+00  5.89911e+01             
       H -6.93779e+01 -4.27568e+00  5.81671e+01             
       O -6.29080e+01 -7.73110e+00  4.60228e+01             
       H -6.28869e+01 -8.10390e+00  4.69309e+01             
       H -5.77726e+01 -1.25058e+01  4.75307e+01             
       O -6.02466e+01 -2.88023e+01  4.45565e+01             
       H -5.93417e+01 -2.89082e+01  4.47931e+01             
       H -5.95965e+01 -2.63536e+01  5.92334e+01             
       O -6.94106e+01 -1.98165e+01  4.50852e+01             
       H -6.95677e+01 -1.88697e+01  4.53538e+01             
       H -6.86682e+01 -1.96984e+01  4.44691e+01             
       O -5.00961e+01 -2.34412e+01  5.79811e+01             
       H -5.04919e+01 -2.25534e+01  5.81187e+01             
       H -4.91744e+01 -2.32990e+01  5.76343e+01             
       O -6.40850e+01 -1.13134e+01  6.17949e+01             
       H -6.50781e+01 -1.11997e+01  6.20020e+01             
       H -6.40655e+01 -1.22297e+01  6.14114e+01             
       O -6.88407e+01 -1.04209e+01  4.47400e+01             
       H -6.80875e+01 -2.22066e+01  4.47540e+01             
       H -6.93405e+01 -1.02406e+01  4.55055e+01             
       O -6.67716e+01 -2.48708e+01  4.08032e+01             
       H -6.58510e+01 -2.45919e+01  4.07478e+01             
       H -6.66575e+01 -2.58533e+01  4.08000e+01             
       O -7.02974e+01 -1.28890e+01  5.20429e+01             
       H -6.99910e+01 -1.23975e+01  5.28071e+01             
       H -7.02677e+01 -1.22282e+01  5.13521e+01             
       O -6.54108e+01  9.05196e+00  4.41419e+01             
       H -4.53554e+01 -2.10690e+01  4.64200e+01             
       H -6.51948e+01  9.74558e+00  4.48381e+01             
       O -6.25713e+01 -1.55227e+01  5.99179e+01             
       H -6.22421e+01 -1.86547e+01  5.53056e+01             
       H -7.43991e+01 -1.61699e+01  5.95039e+01             
       O -5.89823e+01 -2.87454e+01  5.44179e+01             
       H -5.95445e+01 -2.91864e+01  5.50021e+01             
       H -5.91606e+01 -2.78250e+01  5.45260e+01             
       O -6.79583e+01 -1.57069e+01  5.81712e+01             
       H -6.79417e+01 -1.49758e+01  5.88294e+01             
       H -6.79395e+01 -1.53163e+01  5.72781e+01             
       O -6.00358e+01 -4.17654e+01  5.20479e+01             
       H -5.97058e+01 -4.16342e+01  5.29566e+01             
       H -6.04899e+01 -4.09797e+01  6.40445e+01             
       O -6.46046e+01 -4.89165e+00  4.89001e+01             
       H -6.55111e+01 -5.07853e+00  4.86043e+01             
       H -6.45453e+01 -4.27797e+00  4.96462e+01             
       O -5.91025e+01 -2.05964e+01  5.61484e+01             
       H -5.83492e+01 -2.03303e+01  5.67293e+01             
       H -5.85766e+01 -2.07995e+01  5.53431e+01             
       O -6.54390e+01 -2.01379e+01  6.74484e+01             
       H -6.46645e+01 -1.95926e+01  6.72879e+01             
       H -6.54122e+01 -2.09556e+01  6.69292e+01             
       O -7.98670e+01 -1.49183e+01  4.85616e+01             
       H -7.91336e+01 -1.45887e+01  4.90767e+01             
       H -8.06069e+01 -1.47278e+01  4.91473e+01             
       O -5.92630e+01 -4.72906e+00  6.06441e+01             
       H -5.93561e+01 -4.32671e+00  6.15492e+01             
       H -5.96181e+01 -5.62225e+00  6.08854e+01             
       O -6.08525e+01 -1.26235e+01  4.78701e+01             
       H -6.15518e+01 -1.21718e+01  4.74104e+01             
       H -6.04209e+01 -1.19966e+01  3.60076e+01             
       O -5.69766e+01 -1.15585e+01  2.97831e+01             
       H -5.60828e+01 -1.17301e+01  2.95152e+01             
       H -6.94535e+01 -1.09991e+01  3.05363e+01             
       O -5.12310e+01 -1.61127e+01  2.87818e+01             
       H -5.05386e+01 -1.55374e+01  2.92385e+01             
       H -5.11788e+01 -1.69702e+01  2.92061e+01             
       O -6.30205e+01 -2.11606e+01  3.62722e+01             
       H -6.33930e+01 -2.20699e+01  3.64458e+01             
       H -6.34300e+01 -2.06168e+01  4.94287e+01             
       O -5.19732e+01 -1.36456e+01  3.37872e+01             
       H -6.37930e+01 -1.19941e+01  4.42549e+01             
       H -5.14172e+01 -1.28437e+01  3.36747e+01             
       O -6.06966e+01 -2.58996e+01  5.22501e+01             
       H -5.98130e+01 -2.54545e+01  5.23967e+01             
       H -6.10266e+01 -2.58761e+01  5.31642e+01             
       O -5.12541e+01 -1.57815e+01  3.85012e+01             
       H -5.12165e+01 -1.59475e+01  3.94826e+01             
       H -5.03870e+01 -1.54319e+01  3.83539e+01             
       O -5.31340e+01 -2.63999e+01  5.03176e+01             
       H -5.36722e+01 -2.67199e+01  5.10900e+01             
       H -5.22396e+01 -2.67613e+01  5.05904e+01             
       O -6.12119e+01 -6.44794e+00  5.67487e+01             
       H -6.16745e+01 -7.01189e+00  5.73888e+01             
       H -6.05296e+01 -6.98585e+00  5.63734e+01             
       O -5.18471e+01  7.00840e+00  7.06052e+01             
       H -5.18600e+01  7.68787e+00  7.12849e+01             
       H -5.19854e+01  7.58053e+00  6.98268e+01             
       O -5.86300e+01 -2.65180e+01  5.92345e+01             
       H -6.59139e+01 -2.08812e+01  4.43374e+01             
       H -5.85048e+01 -2.70136e+01  5.83766e+01             
       O -6.17404e+01 -1.92653e+01  5.20031e+01             
       H -5.15237e+01 -1.41462e+01  3.44087e+01             
       H -6.12854e+01 -1.83988e+01  5.18848e+01             
       O -5.73809e+01 -1.17326e+01  4.79222e+01             
       H -6.62316e+01 -3.79578e+00  4.43635e+01             
       H -5.78654e+01 -1.09430e+01  4.75484e+01             
       O -5.90642e+01 -2.60342e+01  5.50862e+01             
       H -7.07917e+01 -2.54191e+01  6.72595e+01             
       H -5.45762e+01 -8.28153e+00  6.00398e+01             
       O -8.63451e+01 -1.40040e+01  5.72893e+01             
       H -8.70845e+01 -1.40553e+01  5.78631e+01             
       H -8.61121e+01 -1.49680e+01  5.72266e+01             
       O -5.83847e+01 -3.40918e+01  4.68400e+01             
       H -5.87494e+01 -3.35686e+01  4.75791e+01             
       H -6.31651e+01 -1.61326e+01  6.03572e+01             
       O -6.44270e+01 -1.24276e+01  4.36037e+01             
       H -6.52296e+01 -1.28297e+01  4.40509e+01             
       H -7.81822e+01 -1.87369e+01  2.14096e+01             
       O -7.23457e+01 -2.32421e+01  4.45960e+01             
       H -7.20683e+01 -2.33261e+01  4.55397e+01             
       H -7.20975e+01 -2.23433e+01  4.43326e+01             
       O -5.96043e+01 -2.29224e+01  3.73166e+01             
       H -5.99693e+01 -2.20337e+01  3.71688e+01             
       H -5.86279e+01 -2.28814e+01  3.72192e+01             
       O -4.52317e+01 -2.78720e+01  5.09160e+01             
       H -4.60818e+01 -1.58707e+01  5.10569e+01             
       H -4.53295e+01 -2.70169e+01  5.13519e+01             
       O -5.55076e+01 -6.46719e+00  5.50538e+01             
       H -4.22442e+01 -6.96482e+00  5.50896e+01             
       H -5.61828e+01 -7.01278e+00  5.45446e+01             
       O -5.68793e+01  2.60805e+00  5.05803e+01             
       H -6.05985e+01 -2.97006e+01  4.46113e+01             
       H -6.34059e+01  5.52230e+00  4.60684e+01             
       O -6.73449e+01 -1.75395e+01  4.83065e+01             
       H -6.72814e+01 -1.77475e+01  4.92700e+01             
       H -6.77006e+01 -1.66396e+01  4.82902e+01             
       O -6.42481e+01 -7.07750e+00  3.81398e+01             
       H -6.42733e+01 -1.87109e+01  3.75843e+01             
       H -6.51769e+01 -7.29282e+00  3.83413e+01             
       O -6.83200e+01 -1.60414e+01  5.52035e+01             
       H -6.81575e+01 -1.69977e+01  5.53592e+01             
       H -6.92733e+01 -1.60828e+01  5.51374e+01             
       O -5.97915e+01 -2.27078e+01  5.27132e+01             
       H -5.97126e+01 -2.27084e+01  5.17445e+01             
       H -6.06409e+01 -2.23273e+01  5.28997e+01             
       O -7.52850e+01 -1.86328e+01  4.21524e+01             
       H -7.49088e+01 -1.90075e+01  5.38115e+01             
       H -7.18674e+01 -3.79301e+01  4.34145e+01             
       O -5.73310e+01 -1.96521e+01  6.15225e+01             
       H -5.66642e+01 -1.91672e+01  6.10539e+01             
       H -5.69033e+01 -2.04798e+01  6.18222e+01             
       O -6.03928e+01 -2.01571e+01  4.92547e+01             
       H -6.12895e+01 -2.05019e+01  4.90078e+01             
       H -6.04662e+01 -2.00670e+01  5.02480e+01             
       O -7.87708e+01 -1.51273e+01  5.32059e+01             
       H -7.79158e+01 -1.54991e+01  5.35527e+01             
       H -7.94574e+01 -1.54402e+01  5.38354e+01             
       O -5.44794e+01 -2.40048e+01  4.74488e+01             
       H -5.42328e+01 -2.30871e+01  4.74646e+01             
       H -5.54664e+01 -2.39494e+01  4.75791e+01             
       O -7.33130e+01 -1.51459e+01  2.51085e+01             
       H -7.35529e+01 -1.48968e+01  2.41902e+01             
       H -7.29278e+01 -1.43615e+01  2.55575e+01             
       O -6.66996e+01 -1.88988e+01  2.14032e+01             
       H -4.42380e+01 -9.51103e+00  3.90386e+01             
       H -6.69801e+01 -1.84346e+01  2.21667e+01             
       O -6.76731e+01 -1.71575e+01  5.09839e+01             
       H -6.69883e+01 -1.68474e+01  5.16128e+01             
       H -6.83900e+01 -1.64768e+01  5.11183e+01             
       O -6.67846e+01 -1.27197e+01  6.97369e+01             
       H -6.73906e+01 -1.20027e+01  6.94285e+01             
       H -6.65415e+01 -1.24183e+01  7.06247e+01             
192                                                         
# CELL(abcABC):   12.41850    12.41850    12.41850    90.00000    90.00000    90.00000  Step:      200000  Bead:       0 x_centroid{angstrom}  cell{angstrom}   
       O -9.05536e+01 -1.83354e+01  7.38582e+01             
       H -8.97699e+01 -1.83929e+01  7.32720e+01             
       H -9.12426e+01 -1.79862e+01  7.32310e+01             
       O -7.67203e+01 -1.52185e+01  6.50453e+01             
       H -7.37899e+01 -1.73557e+01  6.07372e+01             
       H -7.71483e+01 -1.59384e+01  6.44887e+01             
       O -8.71419e+01 -3.02699e+01  5.59677e+01             
       H -8.71625e+01 -1.72928e+01  5.51288e+01             
       H -8.67958e+01 -3.10552e+01  5.55401e+01             
       O -6.89393e+01 -2.32468e+01  6.26628e+01             
       H -6.90139e+01 -2.35338e+01  6.35525e+01             
       H -6.81303e+01 -2.37090e+01  6.23014e+01             
       O -6.92473e+01 -2.33008e+01  5.86611e+01             
       H -6.99809e+01 -2.34728e+01  5.92396e+01             
       H -6.95331e+01 -2.31246e+01  5.77098e+01             
       O -7.21988e+01 -2.15566e+01  7.00528e+01             
       H -7.20930e+01 -2.20863e+01  7.08437e+01             
       H -7.30143e+01 -2.10401e+01  7.02286e+01             
       O -7.93417e+01 -2.77197e+01  5.04447e+01             
       H -7.91843e+01 -2.81186e+01  4.95882e+01             
       H -7.18885e+01 -2.71847e+00  7.03091e+01             
       O -6.60176e+01 -2.04254e+01  7.09010e+01             
       H -6.55280e+01 -2.10574e+01  7.02252e+01             
       H -6.52778e+01 -3.22358e+01  7.11832e+01             
       O -8.29700e+01 -1.50885e+01  4.94370e+01             
       H -8.32841e+01 -1.52350e+01  5.03191e+01             
       H -8.33544e+01 -1.42317e+01  4.92186e+01             
       O -7.93936e+01 -2.50088e+01  6.12910e+01             
       H -7.96355e+01 -2.57854e+01  6.17771e+01             
       H -7.96307e+01 -2.51835e+01  6.03848e+01             
       O -7.78970e+01 -1.15769e+01  6.61291e+01             
       H -7.82047e+01 -1.17341e+01  6.69984e+01             
       H -7.69504e+01 -1.16056e+01  6.62753e+01             
       O -7.50453e+01 -1.23218e+01  5.25564e+01             
       H -7.47648e+01 -1.14969e+01  5.20049e+01             
       H -7.28238e+01 -1.21922e+01  6.31879e+01             
       O -7.05849e+01 -3.15742e+01  5.39131e+01             
       H -7.11998e+01 -3.11061e+01  5.33027e+01             
       H -6.79100e+01 -3.34861e+01  6.44309e+01             
       O -7.71642e+01 -2.22425e+01  5.69231e+01             
       H -7.69653e+01 -2.30584e+01  5.74114e+01             
       H -7.65967e+01 -2.22673e+01  5.61388e+01             
       O -6.20099e+01 -3.23853e+01  6.35153e+01             
       H -6.26950e+01 -3.20114e+01  6.42166e+01             
       H -6.13120e+01 -3.17338e+01  6.35634e+01             
       O -8.59533e+01 -1.19562e+01  7.06972e+01             
       H -8.68919e+01 -1.21776e+01  7.09304e+01             
       H -8.56385e+01 -1.14043e+01  7.14225e+01             
       O -8.50401e+01 -1.04923e+01  5.17763e+01             
       H -8.41011e+01 -2.27446e+01  5.21225e+01             
       H -8.52345e+01 -9.87961e+00  5.10700e+01             
       O -7.93313e+01 -2.49020e+01  4.58211e+01             
       H -8.00433e+01 -2.55502e+01  4.59199e+01             
       H -7.97669e+01 -2.41518e+01  4.62391e+01             
       O -8.54725e+01 -1.04053e+01  6.05884e+01             
       H -8.47164e+01 -9.90070e+00  6.07832e+01             
       H -8.62066e+01 -9.79466e+00  6.06746e+01             
       O -8.06479e+01  7.59460e+00  5.23848e+01             
       H -5.80371e+01 -2.31153e+01  5.39454e+01             
       H -8.12496e+01  7.72768e+00  5.31393e+01             
       O -7.98239e+01 -2.09829e+01  6.75060e+01             
       H -7.54333e+01 -2.54650e+01  6.04401e+01             
       H -9.21284e+01 -2.19527e+01  6.76972e+01             
       O -7.21294e+01 -3.06086e+01  6.40835e+01             
       H -7.16484e+01 -3.03797e+01  6.32823e+01             
       H -7.23066e+01 -2.96769e+01  6.43815e+01             
       O -8.40154e+01 -1.73758e+01  6.83450e+01             
       H -8.49724e+01 -1.73432e+01  6.83672e+01             
       H -8.35976e+01 -1.81289e+01  6.78821e+01             
       O -7.04800e+01 -4.78069e+01  5.59718e+01             
       H -7.09961e+01 -4.86346e+01  5.59933e+01             
       H -7.11342e+01 -4.71944e+01  6.87929e+01             
       O -7.74281e+01 -6.65784e+00  5.52334e+01             
       H -7.69683e+01 -6.84895e+00  5.44012e+01             
       H -7.67245e+01 -6.50870e+00  5.58479e+01             
       O -7.52782e+01 -2.11586e+01  6.11581e+01             
       H -7.50931e+01 -2.07072e+01  6.20523e+01             
       H -7.59082e+01 -2.18557e+01  6.13495e+01             
       O -8.30357e+01 -2.15404e+01  7.32088e+01             
       H -8.24645e+01 -2.14997e+01  7.39923e+01             
       H -8.31715e+01 -2.06455e+01  7.29237e+01             
       O -9.87216e+01 -1.56375e+01  5.82661e+01             
       H -9.90438e+01 -1.54901e+01  5.91806e+01             
       H -9.89043e+01 -1.65930e+01  5.80672e+01             
       O -7.23076e+01 -1.30038e+01  6.57720e+01             
       H -7.15105e+01 -1.25427e+01  6.54424e+01             
       H -7.21920e+01 -1.30050e+01  6.67477e+01             
       O -7.46220e+01 -1.56180e+01  5.44198e+01             
       H -7.51845e+01 -1.54806e+01  5.35949e+01             
       H -7.38422e+01 -1.50755e+01  4.17840e+01             
       O -7.59105e+01 -1.45541e+01  3.19572e+01             
       H -7.50492e+01 -1.48977e+01  3.24479e+01             
       H -8.80388e+01 -1.46888e+01  3.10477e+01             
       O -7.03415e+01 -1.92246e+01  3.43329e+01             
       H -6.96090e+01 -1.92297e+01  3.37398e+01             
       H -7.11459e+01 -1.94276e+01  3.37814e+01             
       O -7.96546e+01 -2.36931e+01  4.32848e+01             
       H -7.94174e+01 -2.39280e+01  4.41917e+01             
       H -8.05209e+01 -2.39966e+01  5.54245e+01             
       O -6.53507e+01 -2.20412e+01  3.94547e+01             
       H -7.80783e+01 -1.76920e+01  5.05844e+01             
       H -6.57271e+01 -2.26478e+01  4.00884e+01             
       O -7.40513e+01 -3.25170e+01  5.87600e+01             
       H -7.37328e+01 -3.17996e+01  5.94439e+01             
       H -7.46983e+01 -3.29513e+01  5.92250e+01             
       O -6.41259e+01 -1.80740e+01  4.68122e+01             
       H -6.46939e+01 -1.75614e+01  4.61628e+01             
       H -6.32328e+01 -1.82172e+01  4.64148e+01             
       O -6.70875e+01 -2.87723e+01  6.00234e+01             
       H -6.77131e+01 -2.80563e+01  5.99625e+01             
       H -6.66848e+01 -2.87658e+01  5.91039e+01             
       O -7.54362e+01 -9.81428e+00  6.68636e+01             
       H -7.50561e+01 -1.07167e+01  6.66949e+01             
       H -7.45806e+01 -9.36666e+00  6.69197e+01             
       O -6.46712e+01  1.25061e+00  7.42017e+01             
       H -6.56251e+01  1.07959e+00  7.41088e+01             
       H -6.47388e+01  1.75296e+00  7.50538e+01             
       O -6.84355e+01 -3.37090e+01  6.51826e+01             
       H -8.00670e+01 -2.82247e+01  5.08402e+01             
       H -6.80259e+01 -3.34731e+01  6.60639e+01             
       O -7.32159e+01 -1.78894e+01  6.01568e+01             
       H -6.60875e+01 -2.16322e+01  3.89654e+01             
       H -7.23313e+01 -1.78324e+01  6.05085e+01             
       O -7.27729e+01 -1.29859e+01  6.26264e+01             
       H -8.11083e+01 -5.52963e+00  5.18420e+01             
       H -7.35653e+01 -1.28333e+01  6.19861e+01             
       O -7.94296e+01 -3.31579e+01  6.27699e+01             
       H -9.10747e+01 -3.25719e+01  7.48961e+01             
       H -6.41087e+01 -1.45336e+01  6.43454e+01             
       O -1.04480e+02 -2.20897e+01  6.03940e+01             
       H -1.05270e+02 -2.24317e+01  5.99117e+01             
       H -1.03999e+02 -2.14627e+01  5.98646e+01             
       O -7.02747e+01 -3.54728e+01  5.29989e+01             
       H -6.95265e+01 -3.48853e+01  5.29233e+01             
       H -7.88672e+01 -2.06910e+01  6.77341e+01             
       O -7.78894e+01 -1.75552e+01  5.14943e+01             
       H -7.88544e+01 -1.74115e+01  5.17936e+01             
       H -9.19003e+01 -2.79655e+01  3.04409e+01             
       O -8.91364e+01 -3.21054e+01  5.26479e+01             
       H -8.97185e+01 -3.14417e+01  5.22173e+01             
       H -8.93906e+01 -3.30344e+01  5.23300e+01             
       O -7.78442e+01 -2.87245e+01  4.51780e+01             
       H -7.73020e+01 -2.80023e+01  4.47972e+01             
       H -7.83716e+01 -2.90399e+01  4.43804e+01             
       O -6.07843e+01 -3.30109e+01  5.51122e+01             
       H -6.05973e+01 -2.12577e+01  5.58013e+01             
       H -5.99991e+01 -3.27253e+01  5.47082e+01             
       O -6.74508e+01 -1.28765e+01  6.47305e+01             
       H -5.46819e+01 -1.35851e+01  6.40992e+01             
       H -6.66649e+01 -1.25502e+01  6.51909e+01             
       O -7.10758e+01 -2.55795e+00  6.97885e+01             
       H -6.99994e+01 -3.21877e+01  5.33991e+01             
       H -7.41549e+01 -1.26671e-01  5.28557e+01             
       O -8.08285e+01 -1.96277e+01  5.73396e+01             
       H -7.99741e+01 -1.99804e+01  5.76813e+01             
       H -8.10540e+01 -2.00959e+01  5.65231e+01             
       O -8.22298e+01 -1.40425e+01  4.16029e+01             
       H -8.14689e+01 -2.62501e+01  4.09350e+01             
       H -8.17789e+01 -1.44510e+01  4.23369e+01             
       O -8.17413e+01 -1.89075e+01  6.31120e+01             
       H -8.20855e+01 -1.85401e+01  6.22687e+01             
       H -8.10643e+01 -1.95595e+01  6.30345e+01             
       O -7.49275e+01 -2.82884e+01  6.10593e+01             
       H -7.51526e+01 -2.73510e+01  6.11523e+01             
       H -7.57113e+01 -2.87940e+01  6.08481e+01             
       O -8.76647e+01 -2.55658e+01  4.89300e+01             
       H -8.82617e+01 -2.49560e+01  6.17373e+01             
       H -9.20137e+01 -4.60700e+01  4.95150e+01             
       O -7.22478e+01 -2.55230e+01  6.84250e+01             
       H -7.17044e+01 -2.61663e+01  6.89003e+01             
       H -7.26618e+01 -2.50519e+01  6.91503e+01             
       O -7.63195e+01 -2.47903e+01  5.83592e+01             
       H -7.62103e+01 -2.53934e+01  5.75705e+01             
       H -7.72187e+01 -2.48201e+01  5.86986e+01             
       O -9.52445e+01 -1.23918e+01  6.08593e+01             
       H -9.61772e+01 -1.21757e+01  6.09482e+01             
       H -9.48187e+01 -1.17670e+01  6.14963e+01             
       O -6.89245e+01 -2.67814e+01  5.91671e+01             
       H -6.95681e+01 -2.69800e+01  5.84614e+01             
       H -6.93549e+01 -2.61404e+01  5.97215e+01             
       O -7.96726e+01 -1.74842e+01  3.09232e+01             
       H -7.89610e+01 -1.79659e+01  3.05445e+01             
       H -8.01750e+01 -1.80656e+01  3.14603e+01             
       O -7.95147e+01 -2.69766e+01  3.05250e+01             
       H -5.86882e+01 -1.56956e+01  5.66777e+01             
       H -7.88501e+01 -2.67697e+01  2.98800e+01             
       O -8.31809e+01 -1.76820e+01  6.13699e+01             
       H -8.29150e+01 -1.79012e+01  6.04695e+01             
       H -8.32028e+01 -1.67228e+01  6.14572e+01             
       O -8.39476e+01 -1.51435e+01  7.68433e+01             
       H -8.36141e+01 -1.50578e+01  7.77943e+01             
       H -8.45638e+01 -1.44016e+01  7.66982e+01             
