192                                                         
# CELL(abcABC):   12.41850    12.41850    12.41850    90.00000    90.00000    90.00000  Step:           0  Bead:       0 x_centroid{angstrom}  cell{angstrom}   
       O -7.95174e+01 -1.21543e+01  6.66757e+01             
       H -7.94053e+01 -1.30885e+01  6.63648e+01             
       H -7.86157e+01 -1.18804e+01  6.70128e+01             
       O -7.49266e+01 -1.28890e+01  6.17822e+01             
       H -6.61967e+01 -1.89160e+01  5.90415e+01             
       H -7.45580e+01 -1.23217e+01  6.10932e+01             
       O -7.70609e+01 -2.33314e+01  5.47673e+01             
       H -7.64561e+01 -1.13970e+01  5.41637e+01             
       H -7.66745e+01 -2.32935e+01  5.56196e+01             
       O -6.27332e+01 -2.13292e+01  5.41858e+01             
       H -6.20306e+01 -2.16121e+01  5.47631e+01             
       H -6.35402e+01 -2.19352e+01  5.43314e+01             
       O -6.07388e+01 -2.24231e+01  5.22032e+01             
       H -6.09089e+01 -2.20066e+01  5.13204e+01             
       H -6.14406e+01 -2.20470e+01  5.26786e+01             
       O -6.23842e+01 -1.87892e+01  6.88191e+01             
       H -6.24835e+01 -1.96695e+01  6.84298e+01             
       H -6.32811e+01 -1.83867e+01  6.87525e+01             
       O -7.62789e+01 -2.29933e+01  3.88392e+01             
       H -7.72412e+01 -2.28909e+01  3.90009e+01             
       H -6.68755e+01  1.30210e+00  5.26431e+01             
       O -5.60520e+01 -1.38131e+01  7.27268e+01             
       H -5.58427e+01 -1.29266e+01  7.22577e+01             
       H -5.61222e+01 -2.60895e+01  7.36626e+01             
       O -7.87632e+01 -8.07978e+00  4.10357e+01             
       H -7.91735e+01 -8.12927e+00  4.18985e+01             
       H -7.86520e+01 -9.02478e+00  4.07428e+01             
       O -6.74643e+01 -2.43241e+01  5.82285e+01             
       H -6.82437e+01 -2.37405e+01  5.80926e+01             
       H -6.73179e+01 -2.50212e+01  5.75908e+01             
       O -7.17247e+01 -7.89072e+00  6.05477e+01             
       H -7.17771e+01 -7.75278e+00  6.14869e+01             
       H -7.25915e+01 -7.89487e+00  6.01420e+01             
       O -6.88518e+01 -9.10199e+00  4.80304e+01             
       H -6.91851e+01 -9.68462e+00  4.87378e+01             
       H -6.03310e+01 -1.38753e+01  4.78963e+01             
       O -6.32367e+01 -3.05720e+01  4.72329e+01             
       H -6.26334e+01 -3.11560e+01  4.66488e+01             
       H -6.17694e+01 -2.69661e+01  6.27082e+01             
       O -7.41605e+01 -2.03486e+01  4.65661e+01             
       H -7.40237e+01 -2.02320e+01  4.56449e+01             
       H -7.46405e+01 -2.11839e+01  4.65458e+01             
       O -5.38117e+01 -2.69708e+01  6.33336e+01             
       H -5.37041e+01 -2.61191e+01  6.29658e+01             
       H -5.30565e+01 -2.75247e+01  6.29652e+01             
       O -7.04113e+01 -1.34113e+01  6.31712e+01             
       H -7.08629e+01 -1.35060e+01  6.23753e+01             
       H -6.97949e+01 -1.41443e+01  6.32690e+01             
       O -7.36665e+01 -1.48835e+01  4.59482e+01             
       H -7.40672e+01 -2.68490e+01  4.52054e+01             
       H -7.44091e+01 -1.51755e+01  4.64775e+01             
       O -7.20928e+01 -2.48240e+01  4.41580e+01             
       H -7.18938e+01 -2.44093e+01  4.50340e+01             
       H -7.13364e+01 -2.44486e+01  4.37171e+01             
       O -7.53621e+01 -1.24650e+01  5.32439e+01             
       H -7.44106e+01 -1.25608e+01  5.33732e+01             
       H -7.57695e+01 -1.32215e+01  5.36794e+01             
       O -6.64893e+01  8.00010e+00  5.38866e+01             
       H -5.24321e+01 -2.52560e+01  4.83481e+01             
       H -6.64482e+01  7.74917e+00  5.29406e+01             
       O -7.22205e+01 -1.89114e+01  6.43452e+01             
       H -6.33029e+01 -2.72858e+01  6.07240e+01             
       H -8.42699e+01 -1.92981e+01  6.51389e+01             
       O -6.69825e+01 -3.06275e+01  5.75917e+01             
       H -6.63584e+01 -3.00405e+01  5.70909e+01             
       H -6.77517e+01 -3.01656e+01  5.79139e+01             
       O -6.85781e+01 -1.59127e+01  5.79587e+01             
       H -6.89809e+01 -1.58465e+01  5.88479e+01             
       H -6.93223e+01 -1.58521e+01  5.73495e+01             
       O -6.26749e+01 -4.36499e+01  5.24867e+01             
       H -6.26668e+01 -4.30118e+01  5.31738e+01             
       H -6.27613e+01 -4.44319e+01  6.54450e+01             
       O -7.33885e+01 -9.30041e+00  5.64068e+01             
       H -7.27207e+01 -8.54586e+00  5.63822e+01             
       H -7.31187e+01 -1.01591e+01  5.67791e+01             
       O -6.73838e+01 -2.06268e+01  5.62821e+01             
       H -6.74375e+01 -1.97957e+01  5.67319e+01             
       H -6.65074e+01 -2.08955e+01  5.66606e+01             
       O -6.75730e+01 -1.95447e+01  7.42060e+01             
       H -6.70847e+01 -1.89906e+01  7.35499e+01             
       H -6.83010e+01 -1.89719e+01  7.44400e+01             
       O -8.36374e+01 -1.61989e+01  4.69342e+01             
       H -8.44885e+01 -1.60873e+01  4.65543e+01             
       H -8.38282e+01 -1.63027e+01  4.78705e+01             
       O -6.19101e+01 -6.37242e+00  6.18431e+01             
       H -6.23828e+01 -6.29014e+00  6.26624e+01             
       H -6.25188e+01 -6.13987e+00  6.11085e+01             
       O -6.52827e+01 -1.42516e+01  5.36574e+01             
       H -6.53295e+01 -1.43004e+01  5.27367e+01             
       H -6.56542e+01 -1.50997e+01  4.15235e+01             
       O -6.08789e+01 -1.38280e+01  2.97455e+01             
       H -6.00995e+01 -1.37497e+01  2.92145e+01             
       H -7.30228e+01 -1.35323e+01  3.06539e+01             
       O -5.46635e+01 -1.68262e+01  3.55597e+01             
       H -5.51331e+01 -1.59349e+01  3.57042e+01             
       H -5.37701e+01 -1.66201e+01  3.58944e+01             
       O -7.15654e+01 -2.46491e+01  4.05952e+01             
       H -7.13730e+01 -2.53069e+01  3.99133e+01             
       H -7.20814e+01 -2.39987e+01  5.24594e+01             
       O -5.64339e+01 -1.54887e+01  3.90394e+01             
       H -6.65378e+01 -1.02186e+01  4.59233e+01             
       H -5.67119e+01 -1.63620e+01  3.87037e+01             
       O -6.67919e+01 -2.66549e+01  5.68859e+01             
       H -6.71411e+01 -2.66553e+01  5.59267e+01             
       H -6.73378e+01 -2.72287e+01  5.75039e+01             
       O -5.94625e+01 -1.95492e+01  4.36205e+01             
       H -5.90899e+01 -1.93968e+01  4.45288e+01             
       H -5.87299e+01 -1.98535e+01  4.31076e+01             
       O -5.96345e+01 -2.86017e+01  5.24052e+01             
       H -5.99311e+01 -2.88358e+01  5.33067e+01             
       H -5.93326e+01 -2.94491e+01  5.20838e+01             
       O -6.61035e+01 -5.63141e+00  6.39592e+01             
       H -6.66511e+01 -5.99346e+00  6.32333e+01             
       H -6.57628e+01 -6.41883e+00  6.44672e+01             
       O -5.80297e+01  6.09748e+00  7.06646e+01             
       H -5.80794e+01  5.47698e+00  7.14054e+01             
       H -5.83321e+01  6.94471e+00  7.10594e+01             
       O -6.18681e+01 -2.78238e+01  6.30157e+01             
       H -7.59827e+01 -2.34977e+01  3.95763e+01             
       H -6.12652e+01 -2.78944e+01  6.37961e+01             
       O -6.56328e+01 -1.92801e+01  5.97736e+01             
       H -5.54776e+01 -1.55050e+01  3.88577e+01             
       H -6.57455e+01 -2.02070e+01  5.96626e+01             
       O -5.93724e+01 -1.36692e+01  4.79686e+01             
       H -6.74158e+01 -4.20782e+00  5.40245e+01             
       H -5.88854e+01 -1.44172e+01  4.75353e+01             
       O -6.41289e+01 -2.66928e+01  5.71114e+01             
       H -7.75031e+01 -2.65521e+01  6.95575e+01             
       H -6.29938e+01 -1.21942e+01  6.22869e+01             
       O -8.92372e+01 -1.64836e+01  6.25821e+01             
       H -8.94954e+01 -1.71732e+01  6.31886e+01             
       H -8.83621e+01 -1.61211e+01  6.28537e+01             
       O -6.57388e+01 -3.72731e+01  4.83803e+01             
       H -6.61091e+01 -3.73615e+01  4.74904e+01             
       H -7.32114e+01 -1.89034e+01  6.44522e+01             
       O -6.58089e+01 -9.53925e+00  4.59463e+01             
       H -6.50055e+01 -1.00686e+01  4.57528e+01             
       H -8.56856e+01 -2.35363e+01  2.24012e+01             
       O -7.60550e+01 -2.36610e+01  4.53042e+01             
       H -7.53077e+01 -2.35548e+01  4.59228e+01             
       H -7.61898e+01 -2.46409e+01  4.52013e+01             
       O -6.99127e+01 -2.36268e+01  4.24471e+01             
       H -7.03028e+01 -2.39855e+01  4.16307e+01             
       H -6.89547e+01 -2.38960e+01  4.24638e+01             
       O -5.03345e+01 -2.85478e+01  5.39124e+01             
       H -4.95524e+01 -1.56739e+01  5.37266e+01             
       H -5.06570e+01 -2.84164e+01  5.48020e+01             
       O -6.00288e+01 -4.41434e+00  5.53763e+01             
       H -4.84727e+01 -4.07936e+00  5.56236e+01             
       H -5.99332e+01 -5.34115e+00  5.56725e+01             
       O -6.66180e+01  1.86528e+00  5.18786e+01             
       H -6.40808e+01 -3.10965e+01  4.72367e+01             
       H -6.83139e+01  3.94142e+00  4.85027e+01             
       O -6.96815e+01 -1.79294e+01  5.04983e+01             
       H -6.97943e+01 -1.86417e+01  5.11314e+01             
       H -7.05707e+01 -1.77047e+01  5.01863e+01             
       O -6.91905e+01 -9.74590e+00  4.54296e+01             
       H -6.86855e+01 -2.15058e+01  4.48338e+01             
       H -6.93486e+01 -9.30418e+00  4.62650e+01             
       O -7.72798e+01 -1.72867e+01  5.60603e+01             
       H -7.72488e+01 -1.64247e+01  5.64713e+01             
       H -7.75719e+01 -1.71938e+01  5.51725e+01             
       O -6.97123e+01 -2.08490e+01  5.47366e+01             
       H -6.97635e+01 -2.18630e+01  5.47670e+01             
       H -6.89555e+01 -2.05884e+01  5.53306e+01             
       O -7.56689e+01 -2.78108e+01  4.74502e+01             
       H -7.57900e+01 -2.87060e+01  6.01602e+01             
       H -7.63467e+01 -3.95983e+01  4.55242e+01             
       O -6.17792e+01 -2.17925e+01  6.21313e+01             
       H -6.25473e+01 -2.18589e+01  6.27136e+01             
       H -6.17461e+01 -2.07994e+01  6.20873e+01             
       O -6.90788e+01 -2.28868e+01  5.05440e+01             
       H -6.95798e+01 -2.22152e+01  5.10101e+01             
       H -6.96216e+01 -2.36613e+01  5.06750e+01             
       O -8.31262e+01 -1.50744e+01  5.63349e+01             
       H -8.35830e+01 -1.42470e+01  5.66330e+01             
       H -8.38282e+01 -1.56345e+01  5.59795e+01             
       O -5.90846e+01 -2.35694e+01  4.65478e+01             
       H -5.82698e+01 -2.31295e+01  4.63705e+01             
       H -5.89408e+01 -2.43934e+01  4.70480e+01             
       O -8.16680e+01 -2.03349e+01  2.71637e+01             
       H -8.17952e+01 -2.06395e+01  2.80733e+01             
       H -8.06751e+01 -2.01960e+01  2.71283e+01             
       O -7.41685e+01 -2.34888e+01  2.25808e+01             
       H -5.50209e+01 -1.06555e+01  3.88404e+01             
       H -7.42767e+01 -2.27213e+01  2.32208e+01             
       O -7.20726e+01 -1.70223e+01  4.94067e+01             
       H -7.27907e+01 -1.77085e+01  4.93201e+01             
       H -7.24488e+01 -1.62731e+01  4.99111e+01             
       O -6.85570e+01 -1.46411e+01  7.90807e+01             
       H -6.89486e+01 -1.46886e+01  7.81827e+01             
       H -6.92592e+01 -1.45261e+01  7.97421e+01             
192                                                         
# CELL(abcABC):   12.41850    12.41850    12.41850    90.00000    90.00000    90.00000  Step:      200000  Bead:       0 x_centroid{angstrom}  cell{angstrom}   
       O -8.92055e+01 -1.52537e+01  7.29338e+01             
       H -8.97693e+01 -1.56503e+01  7.22776e+01             
       H -8.83738e+01 -1.49749e+01  7.24389e+01             
       O -8.73500e+01 -2.65994e+01  7.15043e+01             
       H -8.06037e+01 -2.21752e+01  6.90775e+01             
       H -8.64998e+01 -2.69205e+01  7.11255e+01             
       O -8.59820e+01 -2.56683e+01  6.19897e+01             
       H -8.60462e+01 -1.42376e+01  6.18358e+01             
       H -8.67091e+01 -2.52533e+01  6.15257e+01             
       O -8.04154e+01 -1.88187e+01  6.41477e+01             
       H -8.06499e+01 -1.86422e+01  6.50303e+01             
       H -7.94965e+01 -1.85079e+01  6.40388e+01             
       O -7.39664e+01 -1.85665e+01  5.86222e+01             
       H -7.39833e+01 -1.77282e+01  5.79783e+01             
       H -7.32381e+01 -1.84408e+01  5.92820e+01             
       O -7.75591e+01 -1.95725e+01  7.43805e+01             
       H -7.70940e+01 -1.90225e+01  7.37615e+01             
       H -7.74176e+01 -1.91136e+01  7.52344e+01             
       O -8.53263e+01 -2.44880e+01  4.53581e+01             
       H -8.52909e+01 -2.44592e+01  4.63151e+01             
       H -7.87812e+01 -2.87896e+00  5.74564e+01             
       O -7.28630e+01 -2.15464e+01  8.08967e+01             
       H -7.20582e+01 -2.15740e+01  8.03467e+01             
       H -7.32677e+01 -3.31245e+01  8.05915e+01             
       O -9.02884e+01 -9.56563e+00  4.68020e+01             
       H -8.94509e+01 -9.27364e+00  4.70214e+01             
       H -9.07409e+01 -9.42519e+00  4.76575e+01             
       O -7.70822e+01 -3.09231e+01  6.47235e+01             
       H -7.64890e+01 -3.14675e+01  6.52350e+01             
       H -7.67878e+01 -3.00419e+01  6.49162e+01             
       O -8.44742e+01 -1.40048e+01  6.60715e+01             
       H -8.48649e+01 -1.33104e+01  6.55046e+01             
       H -8.52354e+01 -1.43084e+01  6.66059e+01             
       O -7.08492e+01 -1.59706e+01  5.22976e+01             
       H -7.10052e+01 -1.50632e+01  5.26430e+01             
       H -6.97569e+01 -2.06238e+01  5.49821e+01             
       O -7.52908e+01 -3.81735e+01  5.33188e+01             
       H -7.47463e+01 -3.73869e+01  5.32092e+01             
       H -6.64978e+01 -3.14891e+01  7.16571e+01             
       O -8.82331e+01 -2.15320e+01  4.94418e+01             
       H -8.87907e+01 -2.07643e+01  4.94579e+01             
       H -8.72279e+01 -2.12396e+01  4.92711e+01             
       O -6.90579e+01 -2.75771e+01  6.82351e+01             
       H -6.81642e+01 -2.73903e+01  6.84344e+01             
       H -6.96593e+01 -2.71272e+01  6.88711e+01             
       O -7.92065e+01 -1.54783e+01  6.50644e+01             
       H -7.95057e+01 -1.46181e+01  6.54536e+01             
       H -7.82898e+01 -1.52477e+01  6.46757e+01             
       O -8.58964e+01 -1.91631e+01  5.48112e+01             
       H -8.58690e+01 -3.07211e+01  5.52398e+01             
       H -8.51537e+01 -1.91420e+01  5.41694e+01             
       O -8.33404e+01 -2.65040e+01  4.50712e+01             
       H -8.36499e+01 -2.72277e+01  4.56980e+01             
       H -8.36622e+01 -2.57150e+01  4.54184e+01             
       O -8.65804e+01 -1.69590e+01  5.67604e+01             
       H -8.62657e+01 -1.60428e+01  5.64351e+01             
       H -8.74487e+01 -1.71032e+01  5.63706e+01             
       O -7.69730e+01  9.68189e+00  6.35596e+01             
       H -6.20266e+01 -2.63594e+01  5.59412e+01             
       H -7.63078e+01  9.24659e+00  6.41231e+01             
       O -8.56304e+01 -2.09558e+01  7.40252e+01             
       H -7.84216e+01 -3.40738e+01  6.50386e+01             
       H -9.72573e+01 -2.15802e+01  7.37997e+01             
       O -8.10970e+01 -2.82474e+01  6.27028e+01             
       H -8.04802e+01 -2.83012e+01  6.34691e+01             
       H -8.09484e+01 -2.73285e+01  6.23395e+01             
       O -7.94213e+01 -2.11033e+01  6.10315e+01             
       H -8.01500e+01 -2.14832e+01  6.15269e+01             
       H -7.88704e+01 -2.06631e+01  6.16277e+01             
       O -7.70600e+01 -4.28883e+01  5.63892e+01             
       H -7.73252e+01 -4.30580e+01  5.72921e+01             
       H -7.78052e+01 -4.26116e+01  6.82573e+01             
       O -8.18583e+01 -1.21341e+01  6.35972e+01             
       H -8.13834e+01 -1.22733e+01  6.44270e+01             
       H -8.28500e+01 -1.21970e+01  6.38734e+01             
       O -7.89032e+01 -2.42750e+01  6.77768e+01             
       H -7.86935e+01 -2.43373e+01  6.87407e+01             
       H -7.90079e+01 -2.34163e+01  6.74315e+01             
       O -8.36902e+01 -2.08600e+01  8.30805e+01             
       H -8.43196e+01 -2.12464e+01  8.24165e+01             
       H -8.28777e+01 -2.10258e+01  8.26534e+01             
       O -9.69103e+01 -2.43653e+01  5.16104e+01             
       H -9.69344e+01 -2.33807e+01  5.16830e+01             
       H -9.74742e+01 -2.46311e+01  5.08695e+01             
       O -7.53311e+01 -1.15584e+01  7.29521e+01             
       H -7.62900e+01 -1.18407e+01  7.31253e+01             
       H -7.53075e+01 -1.07446e+01  7.33857e+01             
       O -7.59460e+01 -1.30467e+01  5.59842e+01             
       H -7.61002e+01 -1.21136e+01  5.61759e+01             
       H -7.68701e+01 -1.33985e+01  4.34051e+01             
       O -7.58100e+01 -1.79407e+01  3.56508e+01             
       H -7.61638e+01 -1.70900e+01  3.53581e+01             
       H -8.76715e+01 -1.83127e+01  3.49043e+01             
       O -6.31179e+01 -2.28081e+01  4.42332e+01             
       H -6.32542e+01 -2.19430e+01  4.36869e+01             
       H -6.29679e+01 -2.24741e+01  4.51355e+01             
       O -7.91628e+01 -2.87406e+01  4.69777e+01             
       H -8.00148e+01 -2.90687e+01  4.65541e+01             
       H -7.92961e+01 -2.82209e+01  6.02163e+01             
       O -6.77167e+01 -2.09146e+01  4.28297e+01             
       H -7.76189e+01 -1.13137e+01  5.19858e+01             
       H -6.72472e+01 -2.00351e+01  4.29943e+01             
       O -8.09000e+01 -2.56621e+01  6.62118e+01             
       H -8.00434e+01 -2.53135e+01  6.67840e+01             
       H -8.13114e+01 -2.62806e+01  6.67443e+01             
       O -6.91412e+01 -2.18785e+01  5.03291e+01             
       H -6.90728e+01 -2.28501e+01  5.06629e+01             
       H -6.97647e+01 -2.18087e+01  4.96190e+01             
       O -6.84546e+01 -3.02402e+01  5.77478e+01             
       H -6.77888e+01 -3.09404e+01  5.77427e+01             
       H -6.91779e+01 -3.05749e+01  5.82762e+01             
       O -8.23528e+01 -5.61800e+00  7.44282e+01             
       H -8.16340e+01 -5.96061e+00  7.50068e+01             
       H -8.20845e+01 -4.66200e+00  7.44554e+01             
       O -7.12189e+01  3.56049e+00  7.68985e+01             
       H -7.08130e+01  3.72739e+00  7.77798e+01             
       H -7.05408e+01  3.32208e+00  7.62948e+01             
       O -6.61780e+01 -3.17999e+01  7.08018e+01             
       H -8.56572e+01 -2.36155e+01  4.51353e+01             
       H -6.62199e+01 -3.28079e+01  7.08355e+01             
       O -8.11931e+01 -2.26902e+01  6.96971e+01             
       H -6.74003e+01 -2.12386e+01  4.19333e+01             
       H -8.18759e+01 -2.30368e+01  6.91435e+01             
       O -7.04975e+01 -2.02449e+01  5.44992e+01             
       H -7.69580e+01 -3.31555e+00  6.28511e+01             
       H -7.04869e+01 -1.91905e+01  5.46876e+01             
       O -7.53875e+01 -2.84560e+01  6.55362e+01             
       H -8.70494e+01 -2.89923e+01  7.76438e+01             
       H -7.49073e+01 -2.56140e+01  7.14198e+01             
       O -9.97209e+01 -2.13782e+01  7.13042e+01             
       H -9.93028e+01 -2.14756e+01  7.21608e+01             
       H -9.95188e+01 -2.04073e+01  7.11531e+01             
       O -7.36390e+01 -3.93548e+01  5.59009e+01             
       H -7.29516e+01 -3.89223e+01  5.64322e+01             
       H -8.52984e+01 -2.00472e+01  7.42371e+01             
       O -7.79770e+01 -1.21447e+01  5.16182e+01             
       H -7.71902e+01 -1.27301e+01  5.15930e+01             
       H -1.00073e+02 -3.23211e+01  2.97675e+01             
       O -9.15614e+01 -2.96772e+01  5.47914e+01             
       H -9.14933e+01 -2.89899e+01  5.40350e+01             
       H -9.21179e+01 -2.93377e+01  5.54980e+01             
       O -7.82446e+01 -2.53105e+01  4.90728e+01             
       H -7.82518e+01 -2.49511e+01  4.99587e+01             
       H -7.77409e+01 -2.61182e+01  4.91282e+01             
       O -6.66298e+01 -3.67753e+01  5.81191e+01             
       H -6.62082e+01 -2.36175e+01  5.85847e+01             
       H -6.75310e+01 -3.63936e+01  5.79629e+01             
       O -7.06567e+01 -5.87738e+00  5.93680e+01             
       H -5.84607e+01 -6.69779e+00  5.88427e+01             
       H -7.02782e+01 -6.08368e+00  6.02458e+01             
       O -7.88892e+01 -2.03933e+00  5.69812e+01             
       H -7.55756e+01 -3.79668e+01  5.43201e+01             
       H -7.02025e+01 -3.47357e+00  5.15910e+01             
       O -8.67482e+01 -2.29842e+01  5.39550e+01             
       H -8.68844e+01 -2.26876e+01  5.48581e+01             
       H -8.58520e+01 -2.26950e+01  5.38871e+01             
       O -8.07925e+01 -1.35174e+01  4.88520e+01             
       H -7.97699e+01 -2.56356e+01  4.88464e+01             
       H -8.12573e+01 -1.28962e+01  4.94943e+01             
       O -8.55088e+01 -1.59790e+01  6.18082e+01             
       H -8.52217e+01 -1.60995e+01  6.27312e+01             
       H -8.63816e+01 -1.63672e+01  6.16621e+01             
       O -8.37644e+01 -2.48184e+01  6.02883e+01             
       H -8.43723e+01 -2.51338e+01  6.09349e+01             
       H -8.28889e+01 -2.53171e+01  6.03112e+01             
       O -9.18009e+01 -3.40571e+01  5.27825e+01             
       H -9.21741e+01 -3.33410e+01  6.45920e+01             
       H -8.75757e+01 -3.99424e+01  5.32710e+01             
       O -7.03807e+01 -2.99946e+01  6.75598e+01             
       H -7.04730e+01 -2.95251e+01  6.67601e+01             
       H -6.99470e+01 -2.93832e+01  6.81654e+01             
       O -8.28235e+01 -2.37909e+01  5.50753e+01             
       H -8.31200e+01 -2.46501e+01  5.53565e+01             
       H -8.20561e+01 -2.40744e+01  5.44923e+01             
       O -9.72039e+01 -1.88898e+01  6.29481e+01             
       H -9.69297e+01 -1.95755e+01  6.36017e+01             
       H -9.64318e+01 -1.85398e+01  6.25321e+01             
       O -7.32097e+01 -2.96826e+01  5.24685e+01             
       H -7.32990e+01 -3.03788e+01  5.18049e+01             
       H -7.22835e+01 -2.94761e+01  5.24934e+01             
       O -9.60324e+01 -2.21276e+01  3.58568e+01             
       H -9.59635e+01 -2.31553e+01  3.57651e+01             
       H -9.59912e+01 -2.17837e+01  3.49639e+01             
       O -8.84688e+01 -3.27682e+01  2.99627e+01             
       H -6.65274e+01 -1.37824e+01  4.53034e+01             
       H -8.90364e+01 -3.20750e+01  3.04004e+01             
       O -8.90214e+01 -2.21260e+01  5.22352e+01             
       H -8.85669e+01 -2.20040e+01  5.13844e+01             
       H -8.84810e+01 -2.20729e+01  5.30427e+01             
       O -8.43723e+01 -1.57425e+01  8.41644e+01             
       H -8.47241e+01 -1.56318e+01  8.50786e+01             
       H -8.39648e+01 -1.66218e+01  8.40708e+01             
