192                                                         
# CELL(abcABC):   12.41850    12.41850    12.41850    90.00000    90.00000    90.00000  Step:           0  Bead:       0 x_centroid{angstrom}  cell{angstrom}   
       O -7.70449e+01 -1.34335e+01  6.45432e+01             
       H -7.74557e+01 -1.36393e+01  6.36603e+01             
       H -7.62030e+01 -1.31116e+01  6.42416e+01             
       O -7.19177e+01 -1.22662e+01  6.14761e+01             
       H -6.39361e+01 -1.90414e+01  5.59445e+01             
       H -7.27053e+01 -1.21999e+01  6.19727e+01             
       O -7.16404e+01 -2.13835e+01  5.36272e+01             
       H -7.17928e+01 -8.07209e+00  5.32170e+01             
       H -7.13061e+01 -2.13600e+01  5.45131e+01             
       O -5.65194e+01 -1.98988e+01  5.45861e+01             
       H -5.67944e+01 -2.06415e+01  5.51607e+01             
       H -5.55866e+01 -2.02039e+01  5.44746e+01             
       O -5.66358e+01 -2.07918e+01  5.19667e+01             
       H -5.75514e+01 -2.07051e+01  5.17210e+01             
       H -5.66637e+01 -2.04176e+01  5.28831e+01             
       O -5.95685e+01 -1.90558e+01  6.46256e+01             
       H -6.00516e+01 -1.95217e+01  6.38653e+01             
       H -6.02446e+01 -1.87291e+01  6.52959e+01             
       O -7.07631e+01 -2.12574e+01  4.37395e+01             
       H -7.11431e+01 -2.05354e+01  4.42302e+01             
       H -6.07550e+01  2.53524e+00  5.29532e+01             
       O -5.31495e+01 -1.27676e+01  6.85659e+01             
       H -5.36264e+01 -1.19755e+01  6.83305e+01             
       H -5.28531e+01 -2.49424e+01  6.95001e+01             
       O -7.46740e+01 -7.24941e+00  4.12666e+01             
       H -7.43799e+01 -7.20642e+00  4.21791e+01             
       H -7.50071e+01 -8.16825e+00  4.11418e+01             
       O -6.66591e+01 -2.43471e+01  5.34350e+01             
       H -6.70762e+01 -2.38133e+01  5.27510e+01             
       H -6.58643e+01 -2.46694e+01  5.30002e+01             
       O -7.14478e+01 -7.04437e+00  6.01338e+01             
       H -7.21986e+01 -6.50968e+00  6.05364e+01             
       H -7.06810e+01 -6.68868e+00  6.05312e+01             
       O -6.67806e+01 -1.06454e+01  4.87747e+01             
       H -6.72107e+01 -1.06541e+01  4.96782e+01             
       H -5.63708e+01 -1.25892e+01  4.77459e+01             
       O -6.17032e+01 -2.86295e+01  4.61219e+01             
       H -6.08764e+01 -2.82257e+01  4.65144e+01             
       H -5.97510e+01 -2.64535e+01  6.17694e+01             
       O -7.18527e+01 -1.92678e+01  4.50963e+01             
       H -7.13218e+01 -1.85531e+01  4.47885e+01             
       H -7.18164e+01 -1.93132e+01  4.60915e+01             
       O -5.16378e+01 -2.35634e+01  6.12773e+01             
       H -5.25805e+01 -2.33954e+01  6.14664e+01             
       H -5.14453e+01 -2.27955e+01  6.07285e+01             
       O -6.92453e+01 -1.29375e+01  6.20738e+01             
       H -7.02153e+01 -1.27996e+01  6.20392e+01             
       H -6.91227e+01 -1.36542e+01  6.26937e+01             
       O -7.20066e+01 -1.24677e+01  4.59999e+01             
       H -7.29117e+01 -2.47047e+01  4.62371e+01             
       H -7.20296e+01 -1.28277e+01  4.50863e+01             
       O -6.90153e+01 -2.59158e+01  4.14429e+01             
       H -6.81521e+01 -2.54349e+01  4.14168e+01             
       H -6.89389e+01 -2.65323e+01  4.21659e+01             
       O -7.39027e+01 -1.28519e+01  5.35042e+01             
       H -7.30722e+01 -1.27903e+01  5.39446e+01             
       H -7.39878e+01 -1.20636e+01  5.29104e+01             
       O -6.61872e+01  6.75428e+00  4.75426e+01             
       H -4.79865e+01 -2.20322e+01  4.69192e+01             
       H -6.58996e+01  7.22444e+00  4.67096e+01             
       O -6.69870e+01 -1.98679e+01  6.24567e+01             
       H -6.46389e+01 -2.41397e+01  5.93483e+01             
       H -7.91161e+01 -1.90134e+01  6.27916e+01             
       O -6.29483e+01 -2.88099e+01  5.60209e+01             
       H -6.25940e+01 -2.81869e+01  5.66626e+01             
       H -6.34258e+01 -2.82188e+01  5.53885e+01             
       O -6.89372e+01 -1.62822e+01  5.90856e+01             
       H -6.90094e+01 -1.69996e+01  5.97356e+01             
       H -6.98297e+01 -1.59347e+01  5.89037e+01             
       O -6.29009e+01 -4.19553e+01  5.18473e+01             
       H -6.23218e+01 -4.12141e+01  5.20642e+01             
       H -6.26633e+01 -4.27490e+01  6.47159e+01             
       O -6.54106e+01 -6.50196e+00  5.26885e+01             
       H -6.57074e+01 -5.61489e+00  5.29571e+01             
       H -6.44777e+01 -6.60324e+00  5.29225e+01             
       O -6.17419e+01 -2.00936e+01  5.62462e+01             
       H -6.09467e+01 -1.96778e+01  5.67424e+01             
       H -6.14860e+01 -2.09724e+01  5.61196e+01             
       O -6.70300e+01 -2.00509e+01  7.02999e+01             
       H -6.64715e+01 -1.94306e+01  6.98363e+01             
       H -6.74356e+01 -1.95277e+01  7.09860e+01             
       O -8.39296e+01 -1.52799e+01  4.66733e+01             
       H -8.40089e+01 -1.42805e+01  4.65735e+01             
       H -8.40563e+01 -1.54922e+01  4.76508e+01             
       O -6.12403e+01 -5.27309e+00  6.13210e+01             
       H -6.13980e+01 -4.50860e+00  6.18050e+01             
       H -6.21219e+01 -5.60018e+00  6.11547e+01             
       O -6.25855e+01 -1.27309e+01  5.03581e+01             
       H -6.30208e+01 -1.20531e+01  4.98211e+01             
       H -6.28744e+01 -1.34926e+01  3.73803e+01             
       O -5.91221e+01 -1.24060e+01  2.98420e+01             
       H -5.88676e+01 -1.15213e+01  2.97490e+01             
       H -7.06863e+01 -1.28756e+01  2.96150e+01             
       O -5.35766e+01 -1.66614e+01  3.24931e+01             
       H -5.36183e+01 -1.58512e+01  3.29699e+01             
       H -5.27032e+01 -1.66650e+01  3.20840e+01             
       O -6.79197e+01 -2.31284e+01  3.88737e+01             
       H -6.85446e+01 -2.39434e+01  3.87767e+01             
       H -6.84734e+01 -2.23681e+01  5.16372e+01             
       O -5.43154e+01 -1.47562e+01  3.44118e+01             
       H -6.46960e+01 -9.80254e+00  4.50575e+01             
       H -5.51566e+01 -1.52429e+01  3.45649e+01             
       O -6.48023e+01 -2.73274e+01  5.45543e+01             
       H -6.45534e+01 -2.69029e+01  5.36839e+01             
       H -6.51013e+01 -2.65617e+01  5.51013e+01             
       O -5.42597e+01 -1.65886e+01  4.11089e+01             
       H -5.35573e+01 -1.60817e+01  4.15287e+01             
       H -5.47667e+01 -1.60560e+01  4.04462e+01             
       O -5.63176e+01 -2.74277e+01  5.16916e+01             
       H -5.65521e+01 -2.68762e+01  5.25079e+01             
       H -5.67301e+01 -2.83098e+01  5.15520e+01             
       O -6.30029e+01 -7.15193e+00  5.90959e+01             
       H -6.29565e+01 -7.02121e+00  5.80985e+01             
       H -6.23107e+01 -7.79643e+00  5.92512e+01             
       O -5.25009e+01  3.35683e+00  7.17573e+01             
       H -5.18051e+01  4.04689e+00  7.18800e+01             
       H -5.31399e+01  3.81976e+00  7.12634e+01             
       O -5.99367e+01 -2.73556e+01  6.20211e+01             
       H -7.05767e+01 -2.18709e+01  4.45100e+01             
       H -6.00532e+01 -2.73451e+01  6.29980e+01             
       O -6.47303e+01 -1.94800e+01  5.62045e+01             
       H -5.46376e+01 -1.38428e+01  3.42212e+01             
       H -6.43605e+01 -2.03059e+01  5.64906e+01             
       O -5.58218e+01 -1.22842e+01  4.70188e+01             
       H -6.53981e+01 -5.79170e+00  4.80714e+01             
       H -5.51917e+01 -1.16822e+01  4.74543e+01             
       O -6.25577e+01 -2.53470e+01  5.60600e+01             
       H -7.47791e+01 -2.54528e+01  6.75343e+01             
       H -5.93038e+01 -1.13395e+01  6.11856e+01             
       O -8.87037e+01 -1.50542e+01  6.00087e+01             
       H -8.94083e+01 -1.56224e+01  5.96315e+01             
       H -8.79254e+01 -1.54521e+01  5.95536e+01             
       O -6.12785e+01 -3.41958e+01  4.71406e+01             
       H -6.12672e+01 -3.43243e+01  4.81223e+01             
       H -6.77418e+01 -2.01185e+01  6.29875e+01             
       O -6.42021e+01 -9.84912e+00  4.42055e+01             
       H -6.32605e+01 -1.00155e+01  4.43532e+01             
       H -8.30113e+01 -2.24196e+01  2.26094e+01             
       O -7.36010e+01 -2.29778e+01  4.37150e+01             
       H -7.26750e+01 -2.29438e+01  4.40011e+01             
       H -7.38437e+01 -2.38769e+01  4.39579e+01             
       O -6.51138e+01 -2.16991e+01  3.90639e+01             
       H -6.59143e+01 -2.13585e+01  3.86020e+01             
       H -6.48934e+01 -2.23913e+01  3.85115e+01             
       O -4.83230e+01 -2.77283e+01  5.22609e+01             
       H -4.86008e+01 -1.45021e+01  5.26730e+01             
       H -4.82086e+01 -2.84369e+01  5.28872e+01             
       O -5.78071e+01 -5.61512e+00  5.59759e+01             
       H -4.47341e+01 -4.85918e+00  5.59338e+01             
       H -5.72487e+01 -6.33184e+00  5.56851e+01             
       O -6.14713e+01  2.29293e+00  5.23534e+01             
       H -6.17837e+01 -2.94755e+01  4.65602e+01             
       H -6.66045e+01  2.68061e+00  4.85447e+01             
       O -6.91612e+01 -1.83469e+01  4.87876e+01             
       H -6.83401e+01 -1.88327e+01  4.85882e+01             
       H -6.90650e+01 -1.80146e+01  4.97003e+01             
       O -6.66345e+01 -8.54572e+00  4.19317e+01             
       H -6.62089e+01 -2.05514e+01  4.11611e+01             
       H -6.60765e+01 -8.14945e+00  4.26128e+01             
       O -7.29907e+01 -1.71646e+01  5.41679e+01             
       H -7.20718e+01 -1.72745e+01  5.46806e+01             
       H -7.36322e+01 -1.68422e+01  5.48551e+01             
       O -6.37894e+01 -2.22231e+01  5.37453e+01             
       H -6.44494e+01 -2.21926e+01  5.30592e+01             
       H -6.42545e+01 -2.24475e+01  5.45803e+01             
       O -7.70844e+01 -2.49158e+01  4.64026e+01             
       H -7.69419e+01 -2.56272e+01  5.94173e+01             
       H -7.59421e+01 -3.77995e+01  4.36894e+01             
       O -6.09324e+01 -2.07755e+01  6.26188e+01             
       H -6.11703e+01 -2.14617e+01  6.32755e+01             
       H -6.17316e+01 -2.01610e+01  6.25680e+01             
       O -6.35385e+01 -1.98700e+01  4.98973e+01             
       H -6.40386e+01 -1.90951e+01  4.96668e+01             
       H -6.39769e+01 -2.02675e+01  5.06480e+01             
       O -8.09855e+01 -1.56495e+01  5.61245e+01             
       H -8.00664e+01 -1.59734e+01  5.60023e+01             
       H -8.11542e+01 -1.58774e+01  5.70653e+01             
       O -5.72928e+01 -2.26150e+01  4.58290e+01             
       H -5.64226e+01 -2.21540e+01  4.57257e+01             
       H -5.70529e+01 -2.34990e+01  4.60688e+01             
       O -7.72501e+01 -1.74957e+01  2.50581e+01             
       H -7.65053e+01 -1.72683e+01  2.56978e+01             
       H -7.76261e+01 -1.66922e+01  2.47989e+01             
       O -7.11727e+01 -2.21886e+01  2.33653e+01             
       H -4.97499e+01 -1.01903e+01  4.05917e+01             
       H -7.14209e+01 -2.12429e+01  2.34714e+01             
       O -6.95941e+01 -1.78861e+01  5.16264e+01             
       H -6.90058e+01 -1.81022e+01  5.23481e+01             
       H -7.04314e+01 -1.83533e+01  5.18269e+01             
       O -6.61347e+01 -1.35362e+01  7.45134e+01             
       H -6.60226e+01 -1.39181e+01  7.36429e+01             
       H -6.69908e+01 -1.37527e+01  7.48255e+01             
192                                                         
# CELL(abcABC):   12.41850    12.41850    12.41850    90.00000    90.00000    90.00000  Step:      200000  Bead:       0 x_centroid{angstrom}  cell{angstrom}   
       O -9.13295e+01 -1.52236e+01  6.92026e+01             
       H -9.22467e+01 -1.51091e+01  6.89093e+01             
       H -9.07676e+01 -1.46311e+01  6.86473e+01             
       O -8.32583e+01 -1.82135e+01  6.66504e+01             
       H -8.35302e+01 -2.72690e+01  6.59465e+01             
       H -8.29305e+01 -1.79582e+01  6.75889e+01             
       O -8.41686e+01 -2.28005e+01  5.96311e+01             
       H -8.37707e+01 -1.02652e+01  5.87205e+01             
       H -8.48375e+01 -2.34849e+01  5.95292e+01             
       O -6.69363e+01 -2.57771e+01  5.93591e+01             
       H -6.66261e+01 -2.51026e+01  5.99721e+01             
       H -6.62090e+01 -2.63722e+01  5.92111e+01             
       O -7.05279e+01 -2.44156e+01  6.20995e+01             
       H -7.11269e+01 -2.43008e+01  6.13014e+01             
       H -6.96669e+01 -2.38992e+01  6.19118e+01             
       O -6.89181e+01 -2.11865e+01  7.17667e+01             
       H -6.96971e+01 -2.13096e+01  7.11534e+01             
       H -6.81654e+01 -2.16304e+01  7.12939e+01             
       O -8.40384e+01 -2.27637e+01  5.16850e+01             
       H -8.43394e+01 -2.18801e+01  5.13815e+01             
       H -7.47784e+01  8.57802e-01  6.02789e+01             
       O -6.59445e+01 -1.49524e+01  7.40772e+01             
       H -6.66817e+01 -1.54987e+01  7.42894e+01             
       H -6.57925e+01 -2.67002e+01  7.47510e+01             
       O -8.78006e+01 -9.01457e+00  5.08021e+01             
       H -8.75519e+01 -9.81496e+00  5.13257e+01             
       H -8.85853e+01 -8.71293e+00  5.13480e+01             
       O -8.31336e+01 -2.70214e+01  6.30711e+01             
       H -8.30130e+01 -2.61418e+01  6.27247e+01             
       H -8.34589e+01 -2.69370e+01  6.39892e+01             
       O -8.12224e+01 -9.64235e+00  6.43860e+01             
       H -8.21346e+01 -9.90969e+00  6.44266e+01             
       H -8.12706e+01 -8.71278e+00  6.47521e+01             
       O -7.98923e+01 -1.17029e+01  5.29174e+01             
       H -8.05395e+01 -1.23875e+01  5.32948e+01             
       H -6.55772e+01 -1.64614e+01  5.41681e+01             
       O -7.22858e+01 -3.27338e+01  6.07451e+01             
       H -7.26139e+01 -3.28117e+01  6.16647e+01             
       H -6.67634e+01 -3.27543e+01  6.77359e+01             
       O -8.27820e+01 -1.84499e+01  4.81095e+01             
       H -8.33921e+01 -1.78032e+01  4.83837e+01             
       H -8.33815e+01 -1.92411e+01  4.80221e+01             
       O -7.06450e+01 -2.72692e+01  6.98830e+01             
       H -7.03174e+01 -2.81086e+01  6.94812e+01             
       H -7.02441e+01 -2.72644e+01  7.08575e+01             
       O -7.81775e+01 -1.71829e+01  6.35756e+01             
       H -7.74105e+01 -1.70694e+01  6.29497e+01             
       H -7.86551e+01 -1.80431e+01  6.34202e+01             
       O -7.58950e+01 -1.78629e+01  4.98807e+01             
       H -7.55756e+01 -2.98748e+01  4.91026e+01             
       H -7.63530e+01 -1.86495e+01  4.95582e+01             
       O -7.73190e+01 -3.20953e+01  4.86840e+01             
       H -7.74547e+01 -3.15952e+01  4.78277e+01             
       H -7.66476e+01 -3.27129e+01  4.84546e+01             
       O -8.65082e+01 -1.51067e+01  6.00545e+01             
       H -8.73453e+01 -1.55301e+01  5.99754e+01             
       H -8.58262e+01 -1.55769e+01  6.06494e+01             
       O -7.80592e+01  2.01077e+00  5.42830e+01             
       H -6.15295e+01 -2.45244e+01  5.13139e+01             
       H -7.85031e+01  2.11342e+00  5.51593e+01             
       O -8.07146e+01 -2.39112e+01  7.01208e+01             
       H -6.91492e+01 -2.80287e+01  6.30381e+01             
       H -9.26930e+01 -2.45460e+01  7.06643e+01             
       O -7.42802e+01 -3.07362e+01  5.97261e+01             
       H -7.51282e+01 -3.08442e+01  5.93373e+01             
       H -7.40463e+01 -3.16019e+01  6.00280e+01             
       O -7.59566e+01 -1.86792e+01  6.59507e+01             
       H -7.53009e+01 -1.88249e+01  6.52374e+01             
       H -7.66436e+01 -1.93263e+01  6.58224e+01             
       O -7.42913e+01 -4.21658e+01  5.58094e+01             
       H -7.52293e+01 -4.21966e+01  5.58665e+01             
       H -7.39601e+01 -4.14117e+01  6.86975e+01             
       O -7.62462e+01 -6.72976e+00  5.82182e+01             
       H -7.60294e+01 -7.67547e+00  5.79159e+01             
       H -7.68593e+01 -6.34471e+00  5.75182e+01             
       O -7.44354e+01 -2.61876e+01  6.29172e+01             
       H -7.51365e+01 -2.67418e+01  6.32904e+01             
       H -7.43377e+01 -2.63207e+01  6.19610e+01             
       O -7.91696e+01 -1.98268e+01  7.55900e+01             
       H -7.87913e+01 -2.02312e+01  7.47342e+01             
       H -8.00880e+01 -2.00644e+01  7.55000e+01             
       O -8.97730e+01 -2.07821e+01  5.26623e+01             
       H -9.05936e+01 -2.04882e+01  5.20362e+01             
       H -9.01289e+01 -2.15142e+01  5.32279e+01             
       O -7.08769e+01 -1.00005e+01  6.73862e+01             
       H -7.10281e+01 -9.77167e+00  6.64254e+01             
       H -7.16790e+01 -1.03161e+01  6.78056e+01             
       O -7.24036e+01 -1.85870e+01  5.76535e+01             
       H -7.29830e+01 -1.89222e+01  5.69323e+01             
       H -7.30617e+01 -1.83301e+01  4.59216e+01             
       O -7.33568e+01 -1.53441e+01  3.26555e+01             
       H -7.24340e+01 -1.51090e+01  3.24851e+01             
       H -8.59495e+01 -1.53611e+01  3.36318e+01             
       O -5.96185e+01 -2.00523e+01  3.89578e+01             
       H -6.01338e+01 -1.92673e+01  3.91406e+01             
       H -5.87364e+01 -1.96664e+01  3.86877e+01             
       O -8.56197e+01 -2.49075e+01  4.41944e+01             
       H -8.59693e+01 -2.41890e+01  4.46752e+01             
       H -8.58007e+01 -2.58382e+01  5.70520e+01             
       O -6.82997e+01 -1.57927e+01  4.20685e+01             
       H -8.10713e+01 -9.58462e+00  4.86458e+01             
       H -6.74193e+01 -1.58114e+01  4.16518e+01             
       O -8.17503e+01 -2.75896e+01  5.97749e+01             
       H -8.08113e+01 -2.71986e+01  5.98932e+01             
       H -8.17923e+01 -2.82983e+01  6.03911e+01             
       O -6.37130e+01 -2.17267e+01  4.53845e+01             
       H -6.36980e+01 -2.20990e+01  4.62805e+01             
       H -6.28666e+01 -2.20290e+01  4.49292e+01             
       O -6.98450e+01 -2.61537e+01  5.36917e+01             
       H -7.01685e+01 -2.56910e+01  5.44523e+01             
       H -6.91623e+01 -2.68398e+01  5.39574e+01             
       O -7.61797e+01 -1.42786e+01  6.50616e+01             
       H -7.67883e+01 -1.48704e+01  6.55136e+01             
       H -7.54344e+01 -1.41909e+01  6.56322e+01             
       O -6.11750e+01 -5.26500e+00  7.61520e+01             
       H -6.11907e+01 -4.95072e+00  7.71171e+01             
       H -6.21271e+01 -5.33272e+00  7.58274e+01             
       O -6.73900e+01 -3.20304e+01  6.77673e+01             
       H -8.37428e+01 -2.32689e+01  5.09230e+01             
       H -6.77515e+01 -3.20848e+01  6.86738e+01             
       O -8.41717e+01 -2.79059e+01  6.56307e+01             
       H -6.86975e+01 -1.66709e+01  4.20965e+01             
       H -8.50566e+01 -2.77131e+01  6.61016e+01             
       O -6.59404e+01 -1.59778e+01  5.34012e+01             
       H -7.87061e+01 -1.09671e+01  5.37629e+01             
       H -6.58118e+01 -1.66285e+01  5.26564e+01             
       O -7.66201e+01 -2.86318e+01  5.96977e+01             
       H -8.95337e+01 -2.82594e+01  7.28519e+01             
       H -7.11698e+01 -1.73467e+01  6.62263e+01             
       O -9.83384e+01 -1.99049e+01  6.74326e+01             
       H -9.90163e+01 -1.92426e+01  6.72231e+01             
       H -9.75548e+01 -1.95486e+01  6.70687e+01             
       O -7.40200e+01 -3.61863e+01  5.19023e+01             
       H -7.31581e+01 -3.57327e+01  5.18416e+01             
       H -8.14168e+01 -2.43100e+01  6.95161e+01             
       O -8.07484e+01 -1.01389e+01  4.93573e+01             
       H -8.09659e+01 -9.71327e+00  5.02306e+01             
       H -9.98741e+01 -2.34808e+01  2.86576e+01             
       O -8.19430e+01 -3.16598e+01  5.04932e+01             
       H -8.15000e+01 -3.09285e+01  5.09593e+01             
       H -8.21074e+01 -3.12859e+01  4.96421e+01             
       O -8.27323e+01 -2.50651e+01  4.38208e+01             
       H -8.36843e+01 -2.47899e+01  4.39467e+01             
       H -8.28322e+01 -2.59825e+01  4.42725e+01             
       O -5.99189e+01 -2.86881e+01  6.16283e+01             
       H -5.93676e+01 -1.56446e+01  6.21034e+01             
       H -6.03584e+01 -2.92317e+01  6.23399e+01             
       O -7.39541e+01 -9.80630e+00  6.87814e+01             
       H -6.19743e+01 -1.03040e+01  6.80154e+01             
       H -7.36994e+01 -8.83850e+00  6.84729e+01             
       O -7.40456e+01  3.75517e-01  5.98880e+01             
       H -7.21653e+01 -3.36208e+01  6.03275e+01             
       H -8.03617e+01  1.52758e+00  5.25974e+01             
       O -7.89938e+01 -2.21929e+01  5.66223e+01             
       H -7.81733e+01 -2.21561e+01  5.71111e+01             
       H -7.94953e+01 -2.29936e+01  5.70052e+01             
       O -7.83912e+01 -1.13596e+01  4.86281e+01             
       H -7.83934e+01 -2.41237e+01  4.96376e+01             
       H -7.90820e+01 -1.06735e+01  4.86590e+01             
       O -8.06023e+01 -1.84083e+01  5.83063e+01             
       H -8.09211e+01 -1.77454e+01  5.89484e+01             
       H -8.07874e+01 -1.92409e+01  5.87330e+01             
       O -7.79646e+01 -2.53489e+01  6.34345e+01             
       H -7.72077e+01 -2.57174e+01  6.38603e+01             
       H -7.86958e+01 -2.50606e+01  6.40849e+01             
       O -8.10996e+01 -2.88772e+01  5.06128e+01             
       H -8.02574e+01 -2.86864e+01  6.34795e+01             
       H -8.95724e+01 -4.09894e+01  4.64750e+01             
       O -7.38297e+01 -2.66592e+01  6.69968e+01             
       H -7.39604e+01 -2.73466e+01  6.76482e+01             
       H -7.37952e+01 -2.57642e+01  6.74165e+01             
       O -7.71604e+01 -2.58897e+01  5.56389e+01             
       H -7.63456e+01 -2.62384e+01  5.53494e+01             
       H -7.72784e+01 -2.50097e+01  5.52937e+01             
       O -8.82762e+01 -2.22694e+01  6.07385e+01             
       H -8.90267e+01 -2.28934e+01  6.09158e+01             
       H -8.79520e+01 -2.19149e+01  6.16195e+01             
       O -6.86454e+01 -1.98030e+01  5.30532e+01             
       H -6.80944e+01 -1.98495e+01  5.38399e+01             
       H -6.93177e+01 -1.91955e+01  5.32977e+01             
       O -9.01322e+01 -1.76417e+01  3.13812e+01             
       H -9.04649e+01 -1.67537e+01  3.15468e+01             
       H -9.08777e+01 -1.81455e+01  3.10285e+01             
       O -8.76911e+01 -2.35592e+01  2.96025e+01             
       H -6.17671e+01 -1.29855e+01  4.75824e+01             
       H -8.86649e+01 -2.34101e+01  2.95976e+01             
       O -8.26718e+01 -1.74011e+01  5.66508e+01             
       H -8.19164e+01 -1.77774e+01  5.71296e+01             
       H -8.35606e+01 -1.76098e+01  5.70275e+01             
       O -8.33644e+01 -2.10011e+01  8.23570e+01             
       H -8.31907e+01 -2.11973e+01  8.14119e+01             
       H -8.38942e+01 -2.01924e+01  8.25027e+01             
