192                                                         
# CELL(abcABC):   12.41850    12.41850    12.41850    90.00000    90.00000    90.00000  Step:           0  Bead:       0 x_centroid{angstrom}  cell{angstrom}   
       O -7.70101e+01 -1.35865e+01  6.41274e+01             
       H -7.76384e+01 -1.41941e+01  6.37197e+01             
       H -7.63024e+01 -1.35220e+01  6.34593e+01             
       O -7.22294e+01 -1.13043e+01  6.26766e+01             
       H -6.45774e+01 -1.81156e+01  5.63541e+01             
       H -7.32125e+01 -1.13101e+01  6.29353e+01             
       O -7.25488e+01 -2.21155e+01  5.43654e+01             
       H -7.19614e+01 -9.14907e+00  5.49134e+01             
       H -7.32022e+01 -2.23545e+01  5.50142e+01             
       O -5.72326e+01 -1.98811e+01  5.38960e+01             
       H -5.77928e+01 -2.01812e+01  5.46039e+01             
       H -5.64352e+01 -2.03657e+01  5.39988e+01             
       O -5.78643e+01 -2.12044e+01  5.15563e+01             
       H -5.87352e+01 -2.10517e+01  5.11103e+01             
       H -5.77586e+01 -2.07549e+01  5.24539e+01             
       O -5.97946e+01 -1.92399e+01  6.53273e+01             
       H -6.03440e+01 -2.00058e+01  6.52978e+01             
       H -6.02136e+01 -1.86201e+01  6.59393e+01             
       O -7.07730e+01 -2.09610e+01  4.36608e+01             
       H -7.10428e+01 -2.05010e+01  4.44955e+01             
       H -6.12339e+01  2.54711e+00  5.30144e+01             
       O -5.34709e+01 -1.36510e+01  6.88516e+01             
       H -5.37982e+01 -1.27423e+01  6.86499e+01             
       H -5.27672e+01 -2.59034e+01  6.94391e+01             
       O -7.60194e+01 -5.75624e+00  4.09331e+01             
       H -7.62056e+01 -5.10314e+00  4.16253e+01             
       H -7.53790e+01 -6.38460e+00  4.13536e+01             
       O -6.66712e+01 -2.38356e+01  5.48936e+01             
       H -6.70218e+01 -2.29109e+01  5.49450e+01             
       H -6.66755e+01 -2.41663e+01  5.39708e+01             
       O -7.13212e+01 -6.70873e+00  6.03987e+01             
       H -7.21852e+01 -6.36849e+00  6.07928e+01             
       H -7.06324e+01 -6.22600e+00  6.09477e+01             
       O -6.72879e+01 -1.07531e+01  4.84321e+01             
       H -6.76646e+01 -1.06824e+01  4.93690e+01             
       H -5.69205e+01 -1.29283e+01  4.73079e+01             
       O -6.15779e+01 -2.88324e+01  4.59408e+01             
       H -6.07005e+01 -2.86164e+01  4.62943e+01             
       H -6.01647e+01 -2.55894e+01  6.18981e+01             
       O -7.15037e+01 -1.90860e+01  4.53116e+01             
       H -7.08739e+01 -1.85176e+01  4.47178e+01             
       H -7.13608e+01 -1.89383e+01  4.62048e+01             
       O -5.16588e+01 -2.43202e+01  6.00296e+01             
       H -5.24256e+01 -2.37859e+01  6.02523e+01             
       H -5.09247e+01 -2.36758e+01  6.00582e+01             
       O -6.96071e+01 -1.29837e+01  6.24077e+01             
       H -7.05155e+01 -1.30530e+01  6.20393e+01             
       H -6.94877e+01 -1.37731e+01  6.29507e+01             
       O -7.15865e+01 -1.35319e+01  4.53084e+01             
       H -7.23538e+01 -2.55413e+01  4.48279e+01             
       H -7.08217e+01 -1.33035e+01  4.47670e+01             
       O -6.88021e+01 -2.59939e+01  4.20986e+01             
       H -6.82637e+01 -2.51950e+01  4.22800e+01             
       H -6.86305e+01 -2.65484e+01  4.29143e+01             
       O -7.33785e+01 -1.27630e+01  5.39335e+01             
       H -7.24887e+01 -1.25094e+01  5.43100e+01             
       H -7.36674e+01 -1.20008e+01  5.33916e+01             
       O -6.55029e+01  6.71930e+00  4.74657e+01             
       H -4.88377e+01 -2.19273e+01  4.76967e+01             
       H -6.61110e+01  7.35846e+00  4.70116e+01             
       O -6.82118e+01 -2.00473e+01  6.25057e+01             
       H -6.37888e+01 -2.60764e+01  5.89028e+01             
       H -7.98442e+01 -2.01387e+01  6.30283e+01             
       O -6.34819e+01 -2.88988e+01  5.57571e+01             
       H -6.27399e+01 -2.84255e+01  5.61690e+01             
       H -6.40355e+01 -2.82721e+01  5.52269e+01             
       O -6.89075e+01 -1.60915e+01  5.94851e+01             
       H -6.89799e+01 -1.67425e+01  6.02472e+01             
       H -6.97673e+01 -1.56643e+01  5.95109e+01             
       O -6.27753e+01 -4.14676e+01  5.06663e+01             
       H -6.22309e+01 -4.12050e+01  5.14524e+01             
       H -6.32128e+01 -4.22454e+01  6.34066e+01             
       O -6.65545e+01 -6.99049e+00  5.30090e+01             
       H -6.68354e+01 -6.11289e+00  5.33242e+01             
       H -6.56278e+01 -7.01251e+00  5.29743e+01             
       O -6.21349e+01 -1.96973e+01  5.57525e+01             
       H -6.12558e+01 -1.94337e+01  5.61611e+01             
       H -6.21396e+01 -2.06199e+01  5.61095e+01             
       O -6.77328e+01 -1.94647e+01  6.93301e+01             
       H -6.68264e+01 -1.91685e+01  6.93660e+01             
       H -6.78515e+01 -1.99699e+01  7.01196e+01             
       O -8.40097e+01 -1.55599e+01  4.70723e+01             
       H -8.40680e+01 -1.49005e+01  4.62979e+01             
       H -8.43532e+01 -1.52010e+01  4.78831e+01             
       O -6.14383e+01 -5.71829e+00  6.12408e+01             
       H -6.18408e+01 -5.07234e+00  6.17853e+01             
       H -6.20746e+01 -5.82533e+00  6.05120e+01             
       O -6.23969e+01 -1.29886e+01  4.98118e+01             
       H -6.30019e+01 -1.25523e+01  4.92162e+01             
       H -6.21936e+01 -1.37590e+01  3.68650e+01             
       O -5.85009e+01 -1.19554e+01  3.01193e+01             
       H -5.85881e+01 -1.12758e+01  2.94278e+01             
       H -7.02338e+01 -1.25521e+01  2.97957e+01             
       O -5.34438e+01 -1.59878e+01  3.31441e+01             
       H -5.36663e+01 -1.54389e+01  3.39268e+01             
       H -5.25283e+01 -1.58160e+01  3.28789e+01             
       O -6.83221e+01 -2.33629e+01  3.84955e+01             
       H -6.88491e+01 -2.41678e+01  3.82208e+01             
       H -6.89924e+01 -2.27225e+01  5.12125e+01             
       O -5.44856e+01 -1.44969e+01  3.52924e+01             
       H -6.47869e+01 -9.08659e+00  4.57599e+01             
       H -5.52792e+01 -1.49519e+01  3.49846e+01             
       O -6.48533e+01 -2.71193e+01  5.42734e+01             
       H -6.44363e+01 -2.67276e+01  5.35424e+01             
       H -6.51012e+01 -2.65661e+01  5.50620e+01             
       O -5.48831e+01 -1.65236e+01  4.11183e+01             
       H -5.40885e+01 -1.60028e+01  4.13614e+01             
       H -5.49943e+01 -1.62335e+01  4.02253e+01             
       O -5.69558e+01 -2.75145e+01  5.19393e+01             
       H -5.68642e+01 -2.71060e+01  5.28472e+01             
       H -5.73349e+01 -2.83792e+01  5.19546e+01             
       O -6.26461e+01 -6.78943e+00  5.85216e+01             
       H -6.32348e+01 -6.91543e+00  5.77434e+01             
       H -6.22731e+01 -7.69346e+00  5.87148e+01             
       O -5.32025e+01  4.06889e+00  7.19804e+01             
       H -5.25220e+01  3.72114e+00  7.26106e+01             
       H -5.32103e+01  5.02393e+00  7.20290e+01             
       O -5.99050e+01 -2.64929e+01  6.18078e+01             
       H -7.03025e+01 -2.17496e+01  4.38983e+01             
       H -5.98996e+01 -2.68995e+01  6.26795e+01             
       O -6.49706e+01 -1.88937e+01  5.68320e+01             
       H -5.47072e+01 -1.35680e+01  3.50848e+01             
       H -6.47320e+01 -1.96820e+01  5.63328e+01             
       O -5.62210e+01 -1.25732e+01  4.67738e+01             
       H -6.46682e+01 -5.47548e+00  4.70582e+01             
       H -5.59254e+01 -1.18440e+01  4.73773e+01             
       O -6.16193e+01 -2.54528e+01  5.65051e+01             
       H -7.42207e+01 -2.54685e+01  6.79761e+01             
       H -5.97761e+01 -1.05381e+01  6.20378e+01             
       O -8.81931e+01 -1.53147e+01  6.07436e+01             
       H -8.81205e+01 -1.59149e+01  6.15427e+01             
       H -8.75952e+01 -1.56420e+01  6.00623e+01             
       O -6.22570e+01 -3.43114e+01  4.76099e+01             
       H -6.25486e+01 -3.41862e+01  4.84960e+01             
       H -6.89469e+01 -2.03819e+01  6.30007e+01             
       O -6.44365e+01 -9.60867e+00  4.50276e+01             
       H -6.35452e+01 -9.88075e+00  4.53952e+01             
       H -8.34493e+01 -2.20839e+01  2.19758e+01             
       O -7.35373e+01 -2.26448e+01  4.46333e+01             
       H -7.29452e+01 -2.25734e+01  4.54071e+01             
       H -7.38066e+01 -2.35333e+01  4.44410e+01             
       O -6.57931e+01 -2.33338e+01  3.94559e+01             
       H -6.66648e+01 -2.33699e+01  3.90598e+01             
       H -6.53794e+01 -2.42556e+01  3.95011e+01             
       O -4.82910e+01 -2.76228e+01  5.19334e+01             
       H -4.84042e+01 -1.43771e+01  5.23943e+01             
       H -4.77913e+01 -2.82060e+01  5.25624e+01             
       O -5.76695e+01 -5.09036e+00  5.55923e+01             
       H -4.47247e+01 -4.41240e+00  5.59355e+01             
       H -5.70625e+01 -5.72542e+00  5.52062e+01             
       O -6.19206e+01  2.35511e+00  5.23707e+01             
       H -6.17237e+01 -2.97848e+01  4.58198e+01             
       H -6.70202e+01  2.55367e+00  4.81144e+01             
       O -6.93562e+01 -1.78227e+01  4.92205e+01             
       H -6.87657e+01 -1.85836e+01  4.93419e+01             
       H -6.95524e+01 -1.74280e+01  5.01059e+01             
       O -6.76785e+01 -8.85605e+00  4.24885e+01             
       H -6.70646e+01 -2.07352e+01  4.20006e+01             
       H -6.76533e+01 -8.33815e+00  4.33286e+01             
       O -7.25994e+01 -1.69397e+01  5.43909e+01             
       H -7.18093e+01 -1.71414e+01  5.48383e+01             
       H -7.32618e+01 -1.66188e+01  5.50136e+01             
       O -6.42816e+01 -2.20697e+01  5.43651e+01             
       H -6.49650e+01 -2.24150e+01  5.37464e+01             
       H -6.44935e+01 -2.23885e+01  5.52504e+01             
       O -7.58657e+01 -2.64928e+01  4.57066e+01             
       H -7.54813e+01 -2.72888e+01  5.84087e+01             
       H -7.46567e+01 -3.83314e+01  4.46063e+01             
       O -6.07280e+01 -2.10418e+01  6.29074e+01             
       H -6.12877e+01 -2.15769e+01  6.34775e+01             
       H -6.11903e+01 -2.02463e+01  6.26625e+01             
       O -6.45039e+01 -2.16956e+01  4.98438e+01             
       H -6.47533e+01 -2.07824e+01  5.01097e+01             
       H -6.49424e+01 -2.22063e+01  5.05456e+01             
       O -8.07357e+01 -1.55193e+01  5.67495e+01             
       H -7.97638e+01 -1.56012e+01  5.69003e+01             
       H -8.11722e+01 -1.59180e+01  5.75007e+01             
       O -5.71245e+01 -2.26632e+01  4.56905e+01             
       H -5.61960e+01 -2.28093e+01  4.59044e+01             
       H -5.73434e+01 -2.35774e+01  4.54629e+01             
       O -7.75677e+01 -1.88864e+01  2.53141e+01             
       H -7.83429e+01 -1.87548e+01  2.58328e+01             
       H -7.77190e+01 -1.84523e+01  2.44406e+01             
       O -7.17526e+01 -2.18104e+01  2.25177e+01             
       H -5.03105e+01 -9.85393e+00  4.04161e+01             
       H -7.14810e+01 -2.09108e+01  2.26346e+01             
       O -6.99162e+01 -1.75744e+01  5.21368e+01             
       H -6.93599e+01 -1.80703e+01  5.27263e+01             
       H -7.07175e+01 -1.81048e+01  5.23117e+01             
       O -6.67333e+01 -1.48974e+01  7.53495e+01             
       H -6.68089e+01 -1.47495e+01  7.44099e+01             
       H -6.75002e+01 -1.45312e+01  7.57732e+01             
192                                                         
# CELL(abcABC):   12.41850    12.41850    12.41850    90.00000    90.00000    90.00000  Step:      200000  Bead:       0 x_centroid{angstrom}  cell{angstrom}   
       O -8.75993e+01 -2.11223e+01  6.85906e+01             
       H -8.70834e+01 -2.05593e+01  6.91714e+01             
       H -8.70855e+01 -2.19180e+01  6.85765e+01             
       O -8.69397e+01 -1.49528e+01  6.77898e+01             
       H -7.88498e+01 -2.12205e+01  6.64379e+01             
       H -8.69518e+01 -1.40396e+01  6.81340e+01             
       O -8.52760e+01 -2.25401e+01  6.10281e+01             
       H -8.56291e+01 -1.02630e+01  6.01359e+01             
       H -8.44549e+01 -2.20716e+01  6.08500e+01             
       O -6.86845e+01 -2.19854e+01  5.89371e+01             
       H -6.83652e+01 -2.13777e+01  5.82689e+01             
       H -6.79714e+01 -2.26554e+01  5.91250e+01             
       O -7.44621e+01 -2.45735e+01  5.60187e+01             
       H -7.34825e+01 -2.44276e+01  5.58739e+01             
       H -7.48476e+01 -2.41613e+01  5.51814e+01             
       O -7.10061e+01 -2.31907e+01  7.00968e+01             
       H -7.08125e+01 -2.40663e+01  6.97098e+01             
       H -7.01946e+01 -2.28803e+01  7.05364e+01             
       O -8.01828e+01 -2.82795e+01  5.20548e+01             
       H -8.09306e+01 -2.82807e+01  5.14717e+01             
       H -7.58371e+01 -5.37375e+00  5.42233e+01             
       O -6.45966e+01 -1.45617e+01  7.96023e+01             
       H -6.49325e+01 -1.37807e+01  8.01195e+01             
       H -6.52384e+01 -2.77599e+01  7.97409e+01             
       O -8.60713e+01 -8.08903e+00  5.01142e+01             
       H -8.70000e+01 -7.92264e+00  4.98155e+01             
       H -8.59346e+01 -8.90303e+00  4.95607e+01             
       O -7.93474e+01 -2.40498e+01  5.97148e+01             
       H -7.98621e+01 -2.48670e+01  5.98325e+01             
       H -7.85612e+01 -2.41484e+01  6.02401e+01             
       O -8.77519e+01 -4.81126e+00  6.50281e+01             
       H -8.71709e+01 -4.22491e+00  6.45242e+01             
       H -8.83770e+01 -5.22924e+00  6.43723e+01             
       O -8.38010e+01 -1.48576e+01  5.68740e+01             
       H -8.37560e+01 -1.57074e+01  5.63386e+01             
       H -6.37219e+01 -1.63922e+01  5.85528e+01             
       O -7.03669e+01 -3.41321e+01  4.87631e+01             
       H -6.96667e+01 -3.42621e+01  4.80352e+01             
       H -6.97889e+01 -3.31619e+01  6.46996e+01             
       O -8.20564e+01 -2.80446e+01  4.92010e+01             
       H -8.26857e+01 -2.75094e+01  4.96701e+01             
       H -8.11722e+01 -2.74976e+01  4.91426e+01             
       O -6.28925e+01 -2.60632e+01  7.20174e+01             
       H -6.32636e+01 -2.69596e+01  7.18954e+01             
       H -6.19433e+01 -2.63018e+01  7.18624e+01             
       O -8.09186e+01 -1.48669e+01  6.70389e+01             
       H -8.04711e+01 -1.50981e+01  6.62246e+01             
       H -8.16686e+01 -1.54788e+01  6.70494e+01             
       O -8.04970e+01 -1.26919e+01  5.19422e+01             
       H -8.07431e+01 -2.49786e+01  5.28311e+01             
       H -7.96776e+01 -1.32852e+01  5.19007e+01             
       O -8.45329e+01 -3.07259e+01  4.55681e+01             
       H -8.50716e+01 -3.13398e+01  4.60939e+01             
       H -8.38535e+01 -3.05024e+01  4.62237e+01             
       O -8.40426e+01 -1.12850e+01  5.27350e+01             
       H -8.39108e+01 -1.02607e+01  5.29956e+01             
       H -8.35937e+01 -1.12079e+01  5.18972e+01             
       O -7.76709e+01  1.09771e+01  5.20216e+01             
       H -6.02240e+01 -2.24864e+01  5.80464e+01             
       H -7.69594e+01  1.15855e+01  5.16787e+01             
       O -8.05234e+01 -2.52701e+01  6.92061e+01             
       H -7.61288e+01 -2.42822e+01  6.56633e+01             
       H -9.29439e+01 -2.58665e+01  7.00069e+01             
       O -7.83341e+01 -3.51595e+01  6.37599e+01             
       H -7.85653e+01 -3.47572e+01  6.46015e+01             
       H -7.89951e+01 -3.58396e+01  6.36281e+01             
       O -8.02917e+01 -1.96063e+01  6.96163e+01             
       H -7.94749e+01 -1.98975e+01  6.91866e+01             
       H -7.99649e+01 -1.92556e+01  7.04861e+01             
       O -7.42300e+01 -4.47787e+01  5.88936e+01             
       H -7.41769e+01 -4.57123e+01  5.86978e+01             
       H -7.48927e+01 -4.48400e+01  7.20613e+01             
       O -7.89803e+01 -3.69338e+00  5.61391e+01             
       H -7.88327e+01 -4.64781e+00  5.58201e+01             
       H -7.97531e+01 -3.31817e+00  5.55291e+01             
       O -7.27508e+01 -2.68637e+01  5.94841e+01             
       H -7.26867e+01 -2.77505e+01  5.99372e+01             
       H -7.20255e+01 -2.62832e+01  5.97637e+01             
       O -8.08908e+01 -2.25940e+01  8.06691e+01             
       H -8.18394e+01 -2.24549e+01  8.07895e+01             
       H -8.07544e+01 -2.34700e+01  8.10243e+01             
       O -9.11978e+01 -1.86875e+01  5.50361e+01             
       H -9.01941e+01 -1.86551e+01  5.48401e+01             
       H -9.15592e+01 -1.87260e+01  5.41780e+01             
       O -7.37258e+01 -7.60605e+00  6.52702e+01             
       H -7.40528e+01 -6.70189e+00  6.54207e+01             
       H -7.37518e+01 -7.89194e+00  6.43557e+01             
       O -7.29282e+01 -1.65746e+01  6.13988e+01             
       H -7.38622e+01 -1.68234e+01  6.14471e+01             
       H -7.24434e+01 -1.73668e+01  4.93000e+01             
       O -6.67800e+01 -1.68057e+01  3.38614e+01             
       H -6.75663e+01 -1.71735e+01  3.42332e+01             
       H -7.93263e+01 -1.67409e+01  3.29172e+01             
       O -6.73206e+01 -1.84288e+01  3.98160e+01             
       H -6.79296e+01 -1.90611e+01  3.93843e+01             
       H -6.77771e+01 -1.75433e+01  3.97642e+01             
       O -8.32259e+01 -2.89091e+01  4.24534e+01             
       H -8.31691e+01 -2.98349e+01  4.27492e+01             
       H -8.37762e+01 -2.88570e+01  5.40038e+01             
       O -6.35662e+01 -1.97067e+01  4.90407e+01             
       H -7.23472e+01 -1.35906e+01  5.03243e+01             
       H -6.41236e+01 -2.02680e+01  4.83964e+01             
       O -8.06751e+01 -2.67662e+01  5.88639e+01             
       H -8.01630e+01 -2.74817e+01  5.91703e+01             
       H -8.13840e+01 -2.65394e+01  5.94849e+01             
       O -6.50777e+01 -2.15629e+01  4.73182e+01             
       H -6.59864e+01 -2.14541e+01  4.76133e+01             
       H -6.50941e+01 -2.15225e+01  4.63455e+01             
       O -7.12147e+01 -3.12904e+01  6.21516e+01             
       H -7.08560e+01 -3.08763e+01  6.29310e+01             
       H -7.20232e+01 -3.17840e+01  6.23642e+01             
       O -7.80399e+01 -1.61809e+01  6.29024e+01             
       H -7.76916e+01 -1.53088e+01  6.32541e+01             
       H -7.72559e+01 -1.65084e+01  6.24635e+01             
       O -6.33999e+01 -4.60018e+00  7.40722e+01             
       H -6.37315e+01 -4.26311e+00  7.31740e+01             
       H -6.34118e+01 -5.57671e+00  7.39935e+01             
       O -6.89445e+01 -3.30750e+01  6.42653e+01             
       H -7.94005e+01 -2.84731e+01  5.15352e+01             
       H -6.83636e+01 -3.34409e+01  6.49713e+01             
       O -7.95331e+01 -2.17228e+01  6.59992e+01             
       H -6.40135e+01 -1.96307e+01  4.99328e+01             
       H -8.01280e+01 -2.20269e+01  6.67397e+01             
       O -6.42117e+01 -1.60574e+01  5.92804e+01             
       H -7.74369e+01 -1.69738e+00  5.29542e+01             
       H -6.52101e+01 -1.62570e+01  5.91333e+01             
       O -7.27555e+01 -2.81324e+01  6.53515e+01             
       H -8.57505e+01 -2.77605e+01  7.84515e+01             
       H -7.53823e+01 -1.50434e+01  6.73301e+01             
       O -9.48037e+01 -1.76101e+01  5.98612e+01             
       H -9.46756e+01 -1.67147e+01  6.03381e+01             
       H -9.51132e+01 -1.80345e+01  6.06334e+01             
       O -7.35808e+01 -3.49148e+01  5.84273e+01             
       H -7.39605e+01 -3.56583e+01  5.79355e+01             
       H -8.08255e+01 -2.58497e+01  6.84967e+01             
       O -7.17252e+01 -1.43347e+01  5.03681e+01             
       H -7.22086e+01 -1.50569e+01  4.98201e+01             
       H -9.64710e+01 -2.58645e+01  3.11344e+01             
       O -8.59004e+01 -2.44237e+01  5.05998e+01             
       H -8.56777e+01 -2.36951e+01  4.99362e+01             
       H -8.54391e+01 -2.40927e+01  5.13908e+01             
       O -7.79387e+01 -2.45638e+01  4.37100e+01             
       H -7.73665e+01 -2.43122e+01  4.44370e+01             
       H -7.88193e+01 -2.48615e+01  4.40887e+01             
       O -6.24976e+01 -2.94757e+01  5.71261e+01             
       H -6.16010e+01 -1.72895e+01  5.74711e+01             
       H -6.23823e+01 -2.86558e+01  5.66141e+01             
       O -6.71287e+01 -8.58683e+00  6.19019e+01             
       H -5.54026e+01 -8.25138e+00  6.25181e+01             
       H -6.64326e+01 -8.99274e+00  6.24930e+01             
       O -7.61334e+01 -6.05991e+00  5.48561e+01             
       H -7.03267e+01 -3.31973e+01  4.89499e+01             
       H -8.43357e+01 -2.65599e+00  5.76388e+01             
       O -8.30400e+01 -1.91658e+01  5.56287e+01             
       H -8.21282e+01 -1.93442e+01  5.58346e+01             
       H -8.34165e+01 -1.90580e+01  5.64630e+01             
       O -7.71681e+01 -1.31855e+01  4.90292e+01             
       H -7.63543e+01 -2.58588e+01  4.85192e+01             
       H -7.68494e+01 -1.28551e+01  4.98842e+01             
       O -8.96662e+01 -1.91358e+01  6.38630e+01             
       H -8.97551e+01 -1.99276e+01  6.44315e+01             
       H -9.05627e+01 -1.87633e+01  6.38099e+01             
       O -7.95476e+01 -2.68661e+01  6.14894e+01             
       H -7.87297e+01 -2.63576e+01  6.13900e+01             
       H -7.91400e+01 -2.77384e+01  6.17813e+01             
       O -8.86771e+01 -2.37907e+01  5.40626e+01             
       H -8.93973e+01 -2.42344e+01  6.70190e+01             
       H -8.50814e+01 -3.98118e+01  5.23439e+01             
       O -7.63672e+01 -2.42051e+01  7.05536e+01             
       H -7.66350e+01 -2.34933e+01  7.11232e+01             
       H -7.58214e+01 -2.48006e+01  7.11145e+01             
       O -7.69197e+01 -2.09951e+01  5.34767e+01             
       H -7.64649e+01 -2.18185e+01  5.36143e+01             
       H -7.64493e+01 -2.02957e+01  5.40161e+01             
       O -9.49823e+01 -2.38926e+01  6.27521e+01             
       H -9.42376e+01 -2.42287e+01  6.32515e+01             
       H -9.47123e+01 -2.30580e+01  6.22941e+01             
       O -6.35761e+01 -2.43983e+01  5.11409e+01             
       H -6.41203e+01 -2.35961e+01  5.10143e+01             
       H -6.26116e+01 -2.43492e+01  5.09073e+01             
       O -9.02940e+01 -2.13830e+01  3.21873e+01             
       H -8.94921e+01 -2.14636e+01  3.16567e+01             
       H -9.08755e+01 -2.20712e+01  3.19113e+01             
       O -8.41228e+01 -2.49338e+01  3.08283e+01             
       H -6.32832e+01 -1.82047e+01  4.32706e+01             
       H -8.36891e+01 -2.48990e+01  2.99714e+01             
       O -8.28583e+01 -2.51948e+01  6.02507e+01             
       H -8.26555e+01 -2.49947e+01  6.11701e+01             
       H -8.31875e+01 -2.44037e+01  5.98360e+01             
       O -8.36971e+01 -2.09821e+01  7.81301e+01             
       H -8.35663e+01 -2.03749e+01  7.89223e+01             
       H -8.45872e+01 -2.07456e+01  7.78530e+01             
