192                                                         
# CELL(abcABC):   12.41850    12.41850    12.41850    90.00000    90.00000    90.00000  Step:           0  Bead:       0 x_centroid{angstrom}  cell{angstrom}   
       O -7.84335e+01 -1.32383e+01  6.62373e+01             
       H -7.89604e+01 -1.39707e+01  6.58772e+01             
       H -7.76825e+01 -1.31563e+01  6.56307e+01             
       O -7.35921e+01 -1.17486e+01  6.18121e+01             
       H -6.39240e+01 -1.92828e+01  5.65938e+01             
       H -7.33187e+01 -1.08826e+01  6.21177e+01             
       O -7.59046e+01 -2.30667e+01  5.47452e+01             
       H -7.52210e+01 -1.13665e+01  5.45961e+01             
       H -7.65887e+01 -2.34368e+01  5.52806e+01             
       O -5.87018e+01 -2.00411e+01  5.32569e+01             
       H -5.92259e+01 -1.93202e+01  5.28043e+01             
       H -5.80239e+01 -1.97243e+01  5.38343e+01             
       O -5.79496e+01 -2.14456e+01  5.09402e+01             
       H -5.87607e+01 -2.14780e+01  5.04207e+01             
       H -5.80751e+01 -2.12151e+01  5.18559e+01             
       O -6.14013e+01 -1.84339e+01  6.83577e+01             
       H -6.17558e+01 -1.93083e+01  6.79731e+01             
       H -6.06076e+01 -1.88422e+01  6.87263e+01             
       O -7.34599e+01 -2.19279e+01  4.04306e+01             
       H -7.44437e+01 -2.19643e+01  4.03651e+01             
       H -6.43765e+01  2.28268e+00  5.32202e+01             
       O -5.50993e+01 -1.30013e+01  7.04488e+01             
       H -5.54136e+01 -1.24262e+01  6.97110e+01             
       H -5.49994e+01 -2.48169e+01  7.11681e+01             
       O -7.57780e+01 -7.38100e+00  4.10650e+01             
       H -7.64726e+01 -6.97127e+00  4.16095e+01             
       H -7.63090e+01 -8.08657e+00  4.06421e+01             
       O -6.79216e+01 -2.35345e+01  5.61983e+01             
       H -6.86393e+01 -2.28900e+01  5.65104e+01             
       H -6.81395e+01 -2.37988e+01  5.52864e+01             
       O -7.10253e+01 -8.07759e+00  6.02660e+01             
       H -7.14583e+01 -7.37894e+00  6.07660e+01             
       H -7.12880e+01 -7.87774e+00  5.93452e+01             
       O -6.72928e+01 -1.07422e+01  4.77062e+01             
       H -6.78003e+01 -1.08073e+01  4.85379e+01             
       H -5.79854e+01 -1.42981e+01  4.64443e+01             
       O -6.18165e+01 -3.13040e+01  4.64334e+01             
       H -6.08681e+01 -3.16304e+01  4.63786e+01             
       H -6.04570e+01 -2.58272e+01  6.18385e+01             
       O -7.15915e+01 -1.97627e+01  4.52672e+01             
       H -7.13824e+01 -1.88489e+01  4.51542e+01             
       H -7.10402e+01 -2.03363e+01  4.47362e+01             
       O -5.29595e+01 -2.64769e+01  6.10444e+01             
       H -5.30304e+01 -2.55477e+01  6.07762e+01             
       H -5.20976e+01 -2.64899e+01  6.14343e+01             
       O -6.97037e+01 -1.33946e+01  6.21936e+01             
       H -6.94500e+01 -1.36856e+01  6.12918e+01             
       H -6.96971e+01 -1.41597e+01  6.28225e+01             
       O -7.32508e+01 -1.42375e+01  4.42096e+01             
       H -7.39738e+01 -2.62865e+01  4.47452e+01             
       H -7.28686e+01 -1.34708e+01  4.38048e+01             
       O -7.16725e+01 -2.45924e+01  4.31995e+01             
       H -7.14194e+01 -2.40545e+01  4.39890e+01             
       H -7.10289e+01 -2.53054e+01  4.30821e+01             
       O -7.43938e+01 -1.31887e+01  5.35643e+01             
       H -7.34539e+01 -1.30438e+01  5.35370e+01             
       H -7.48862e+01 -1.30154e+01  5.27171e+01             
       O -6.43425e+01  7.84224e+00  5.05266e+01             
       H -5.18320e+01 -2.34385e+01  4.81631e+01             
       H -6.52431e+01  8.10895e+00  5.03539e+01             
       O -6.85555e+01 -1.90762e+01  6.29512e+01             
       H -6.26614e+01 -2.85117e+01  6.03470e+01             
       H -8.03973e+01 -1.88483e+01  6.37555e+01             
       O -6.49009e+01 -3.05233e+01  5.48969e+01             
       H -6.43756e+01 -2.97059e+01  5.48465e+01             
       H -6.58037e+01 -3.02393e+01  5.51337e+01             
       O -6.86508e+01 -1.61546e+01  5.80041e+01             
       H -6.78208e+01 -1.57728e+01  5.84198e+01             
       H -6.92649e+01 -1.62359e+01  5.87650e+01             
       O -6.13818e+01 -4.34450e+01  5.19505e+01             
       H -6.13224e+01 -4.24496e+01  5.21098e+01             
       H -6.20963e+01 -4.38570e+01  6.49588e+01             
       O -6.86103e+01 -7.02205e+00  5.49733e+01             
       H -6.84129e+01 -6.17907e+00  5.54149e+01             
       H -6.79168e+01 -7.28661e+00  5.43482e+01             
       O -6.16717e+01 -2.12073e+01  5.59645e+01             
       H -6.12918e+01 -2.15255e+01  5.68209e+01             
       H -6.23602e+01 -2.18595e+01  5.57160e+01             
       O -6.57930e+01 -1.89752e+01  7.17265e+01             
       H -6.52074e+01 -1.90948e+01  7.09204e+01             
       H -6.61229e+01 -1.80519e+01  7.16359e+01             
       O -8.40843e+01 -1.55437e+01  4.60180e+01             
       H -8.47982e+01 -1.49973e+01  4.57076e+01             
       H -8.44373e+01 -1.59210e+01  4.68117e+01             
       O -6.12391e+01 -6.62732e+00  6.16577e+01             
       H -6.16071e+01 -6.36144e+00  6.25196e+01             
       H -6.20724e+01 -6.64855e+00  6.11456e+01             
       O -6.39292e+01 -1.25170e+01  5.15301e+01             
       H -6.41127e+01 -1.15515e+01  5.16104e+01             
       H -6.38221e+01 -1.27722e+01  3.81630e+01             
       O -5.89735e+01 -1.17598e+01  2.81186e+01             
       H -5.92881e+01 -1.09386e+01  2.77978e+01             
       H -7.18033e+01 -1.17207e+01  2.90240e+01             
       O -5.35474e+01 -1.61441e+01  3.43707e+01             
       H -5.36363e+01 -1.56580e+01  3.51819e+01             
       H -5.25774e+01 -1.61797e+01  3.42173e+01             
       O -6.86017e+01 -2.34423e+01  3.80954e+01             
       H -6.90310e+01 -2.42792e+01  3.79191e+01             
       H -6.92861e+01 -2.28016e+01  5.07722e+01             
       O -5.45065e+01 -1.57600e+01  3.75398e+01             
       H -6.60201e+01 -1.07119e+01  4.45448e+01             
       H -5.54084e+01 -1.59313e+01  3.71722e+01             
       O -6.49288e+01 -2.56202e+01  5.64975e+01             
       H -6.53667e+01 -2.57784e+01  5.56457e+01             
       H -6.56104e+01 -2.55659e+01  5.71541e+01             
       O -5.50536e+01 -1.67831e+01  4.30270e+01             
       H -5.53669e+01 -1.65573e+01  4.38835e+01             
       H -5.55027e+01 -1.61783e+01  4.23666e+01             
       O -5.83587e+01 -2.66407e+01  5.21560e+01             
       H -5.86223e+01 -2.57447e+01  5.23584e+01             
       H -5.90955e+01 -2.72442e+01  5.20872e+01             
       O -6.40937e+01 -6.87096e+00  6.13798e+01             
       H -6.47711e+01 -6.93166e+00  6.06896e+01             
       H -6.41874e+01 -7.58377e+00  6.20217e+01             
       O -5.58563e+01  4.08284e+00  7.17476e+01             
       H -5.66165e+01  4.47812e+00  7.22124e+01             
       H -5.52297e+01  4.85356e+00  7.17297e+01             
       O -6.01120e+01 -2.67602e+01  6.18631e+01             
       H -7.33090e+01 -2.13873e+01  4.12051e+01             
       H -5.91835e+01 -2.67496e+01  6.18586e+01             
       O -6.43598e+01 -1.97562e+01  5.73117e+01             
       H -5.42642e+01 -1.49106e+01  3.70979e+01             
       H -6.44744e+01 -2.06383e+01  5.70207e+01             
       O -5.74230e+01 -1.36155e+01  4.68930e+01             
       H -6.42151e+01 -5.28624e+00  4.98487e+01             
       H -5.65159e+01 -1.35478e+01  4.65132e+01             
       O -6.30699e+01 -2.63397e+01  5.81677e+01             
       H -7.60646e+01 -2.64205e+01  6.98371e+01             
       H -6.20157e+01 -1.15401e+01  6.14142e+01             
       O -8.77598e+01 -1.49653e+01  6.19867e+01             
       H -8.82645e+01 -1.55992e+01  6.25723e+01             
       H -8.69640e+01 -1.47519e+01  6.24502e+01             
       O -6.45579e+01 -3.60485e+01  4.90904e+01             
       H -6.53916e+01 -3.55854e+01  4.90806e+01             
       H -6.90141e+01 -1.98956e+01  6.31431e+01             
       O -6.54071e+01 -1.00026e+01  4.47152e+01             
       H -6.49756e+01 -1.04007e+01  4.54725e+01             
       H -8.48977e+01 -2.26185e+01  2.14794e+01             
       O -7.59661e+01 -2.37096e+01  4.65506e+01             
       H -7.50436e+01 -2.34499e+01  4.65372e+01             
       H -7.59437e+01 -2.46356e+01  4.62373e+01             
       O -6.76118e+01 -2.35131e+01  4.08845e+01             
       H -6.80361e+01 -2.36664e+01  4.00095e+01             
       H -6.69409e+01 -2.41836e+01  4.09764e+01             
       O -4.85240e+01 -2.84448e+01  5.30828e+01             
       H -4.91099e+01 -1.59059e+01  5.38771e+01             
       H -4.76196e+01 -2.87245e+01  5.33289e+01             
       O -5.85456e+01 -4.92618e+00  5.61686e+01             
       H -4.63986e+01 -4.24369e+00  5.68248e+01             
       H -5.92797e+01 -4.92980e+00  5.55289e+01             
       O -6.42103e+01  2.54999e+00  5.23124e+01             
       H -6.21995e+01 -3.13345e+01  4.55305e+01             
       H -6.74912e+01  2.54587e+00  4.74169e+01             
       O -6.93708e+01 -1.68090e+01  4.84300e+01             
       H -6.91918e+01 -1.75990e+01  4.89116e+01             
       H -7.02760e+01 -1.66908e+01  4.86685e+01             
       O -6.93571e+01 -8.99319e+00  4.45178e+01             
       H -6.90977e+01 -2.07887e+01  4.38105e+01             
       H -6.89306e+01 -8.79465e+00  4.53969e+01             
       O -7.51283e+01 -1.53138e+01  5.49316e+01             
       H -7.47095e+01 -1.52099e+01  5.57751e+01             
       H -7.49269e+01 -1.44644e+01  5.44922e+01             
       O -6.63467e+01 -2.07460e+01  5.37140e+01             
       H -6.67771e+01 -2.15096e+01  5.32902e+01             
       H -6.61301e+01 -2.09620e+01  5.45994e+01             
       O -7.52792e+01 -2.89066e+01  4.70812e+01             
       H -7.47686e+01 -2.97144e+01  5.92638e+01             
       H -7.53184e+01 -3.96589e+01  4.60697e+01             
       O -6.04272e+01 -2.15742e+01  6.27009e+01             
       H -6.06488e+01 -2.16372e+01  6.36710e+01             
       H -6.08369e+01 -2.07895e+01  6.23740e+01             
       O -6.63067e+01 -2.13383e+01  5.07634e+01             
       H -6.67056e+01 -2.04453e+01  5.07143e+01             
       H -6.70721e+01 -2.18204e+01  5.05203e+01             
       O -8.23075e+01 -1.43209e+01  5.54232e+01             
       H -8.18657e+01 -1.45432e+01  5.62168e+01             
       H -8.28975e+01 -1.50892e+01  5.52210e+01             
       O -5.86691e+01 -2.35106e+01  4.59852e+01             
       H -5.79011e+01 -2.29354e+01  4.61750e+01             
       H -5.85089e+01 -2.43056e+01  4.64563e+01             
       O -7.87944e+01 -1.85525e+01  2.73825e+01             
       H -7.83872e+01 -1.92391e+01  2.79340e+01             
       H -7.82046e+01 -1.78632e+01  2.73028e+01             
       O -7.33665e+01 -2.21636e+01  2.14849e+01             
       H -5.26273e+01 -9.55142e+00  3.95944e+01             
       H -7.32762e+01 -2.16735e+01  2.23142e+01             
       O -7.24030e+01 -1.68444e+01  4.84703e+01             
       H -7.28724e+01 -1.76837e+01  4.85888e+01             
       H -7.27742e+01 -1.62408e+01  4.91424e+01             
       O -6.78843e+01 -1.51103e+01  7.77813e+01             
       H -6.73944e+01 -1.52195e+01  7.69829e+01             
       H -6.87987e+01 -1.49086e+01  7.76281e+01             
192                                                         
# CELL(abcABC):   12.41850    12.41850    12.41850    90.00000    90.00000    90.00000  Step:      200000  Bead:       0 x_centroid{angstrom}  cell{angstrom}   
       O -9.22908e+01 -1.72445e+01  7.60745e+01             
       H -9.29442e+01 -1.69025e+01  7.54682e+01             
       H -9.16506e+01 -1.65324e+01  7.60897e+01             
       O -9.06133e+01 -1.77996e+01  7.15158e+01             
       H -7.97228e+01 -2.69278e+01  6.43392e+01             
       H -9.09203e+01 -1.81025e+01  7.24142e+01             
       O -8.78652e+01 -3.10657e+01  6.40211e+01             
       H -8.85267e+01 -1.92917e+01  6.37670e+01             
       H -8.81234e+01 -3.07894e+01  6.49262e+01             
       O -7.22407e+01 -2.56750e+01  6.31103e+01             
       H -7.29995e+01 -2.56167e+01  6.38171e+01             
       H -7.15079e+01 -2.61683e+01  6.35170e+01             
       O -7.22028e+01 -2.37498e+01  5.88889e+01             
       H -7.13664e+01 -2.38842e+01  5.94230e+01             
       H -7.29169e+01 -2.43277e+01  5.93246e+01             
       O -7.67433e+01 -2.51183e+01  7.60755e+01             
       H -7.73405e+01 -2.43361e+01  7.59855e+01             
       H -7.59014e+01 -2.48249e+01  7.64120e+01             
       O -9.14070e+01 -2.42749e+01  4.55849e+01             
       H -9.10382e+01 -2.46242e+01  4.64139e+01             
       H -7.60657e+01 -8.98887e-01  5.66291e+01             
       O -7.26692e+01 -1.50641e+01  8.10292e+01             
       H -7.27790e+01 -1.50855e+01  8.19868e+01             
       H -7.21500e+01 -2.83157e+01  8.08358e+01             
       O -9.11698e+01 -1.08333e+01  5.04691e+01             
       H -9.07691e+01 -9.92938e+00  5.03242e+01             
       H -9.18638e+01 -1.06907e+01  5.10886e+01             
       O -7.74916e+01 -2.46010e+01  6.03758e+01             
       H -7.80089e+01 -2.42446e+01  6.10983e+01             
       H -7.71039e+01 -2.54499e+01  6.07022e+01             
       O -8.44415e+01 -8.60276e+00  7.06684e+01             
       H -8.48061e+01 -8.12562e+00  7.14271e+01             
       H -8.45533e+01 -9.60116e+00  7.08955e+01             
       O -8.34586e+01 -1.69341e+01  5.46484e+01             
       H -8.42480e+01 -1.73797e+01  5.43002e+01             
       H -7.35076e+01 -1.84726e+01  5.11471e+01             
       O -7.64582e+01 -3.57294e+01  5.46663e+01             
       H -7.67334e+01 -3.65733e+01  5.52398e+01             
       H -7.61160e+01 -2.61704e+01  7.47102e+01             
       O -8.66216e+01 -2.51492e+01  5.25848e+01             
       H -8.62234e+01 -2.44619e+01  5.31546e+01             
       H -8.67678e+01 -2.58965e+01  5.31920e+01             
       O -7.03788e+01 -3.04574e+01  7.24656e+01             
       H -7.12735e+01 -3.06763e+01  7.25762e+01             
       H -6.98507e+01 -3.12740e+01  7.24831e+01             
       O -8.43131e+01 -1.51133e+01  7.17119e+01             
       H -8.49022e+01 -1.43758e+01  7.20463e+01             
       H -8.45780e+01 -1.59488e+01  7.22050e+01             
       O -8.85298e+01 -1.78968e+01  5.40732e+01             
       H -8.91994e+01 -2.96234e+01  5.41189e+01             
       H -8.89821e+01 -1.86407e+01  5.45427e+01             
       O -8.53660e+01 -3.02956e+01  4.56595e+01             
       H -8.57103e+01 -3.08671e+01  4.49153e+01             
       H -8.44745e+01 -3.05156e+01  4.54996e+01             
       O -8.88661e+01 -1.65502e+01  6.23612e+01             
       H -8.83133e+01 -1.73715e+01  6.27090e+01             
       H -8.93071e+01 -1.63252e+01  6.31977e+01             
       O -7.60978e+01  3.22461e+00  5.68705e+01             
       H -6.85993e+01 -2.88276e+01  5.89194e+01             
       H -7.62414e+01  2.40934e+00  5.63212e+01             
       O -8.27915e+01 -1.87511e+01  6.95123e+01             
       H -7.89971e+01 -3.22617e+01  6.79542e+01             
       H -9.52869e+01 -1.84411e+01  6.85915e+01             
       O -8.00629e+01 -3.67579e+01  6.57189e+01             
       H -8.09283e+01 -3.65642e+01  6.61222e+01             
       H -7.93943e+01 -3.67110e+01  6.64019e+01             
       O -8.30689e+01 -1.95476e+01  6.50114e+01             
       H -8.34231e+01 -2.02069e+01  6.55976e+01             
       H -8.23678e+01 -1.90269e+01  6.54674e+01             
       O -7.46121e+01 -4.66672e+01  6.08751e+01             
       H -7.40879e+01 -4.58051e+01  6.08030e+01             
       H -7.44120e+01 -4.69167e+01  7.41984e+01             
       O -8.39038e+01 -1.06074e+01  6.39629e+01             
       H -8.38755e+01 -1.15696e+01  6.37817e+01             
       H -8.35869e+01 -1.05579e+01  6.48859e+01             
       O -7.90722e+01 -2.79562e+01  6.09793e+01             
       H -7.96659e+01 -2.87183e+01  6.10512e+01             
       H -7.82041e+01 -2.82858e+01  6.07711e+01             
       O -8.29897e+01 -2.67269e+01  7.81472e+01             
       H -8.21784e+01 -2.69775e+01  7.75809e+01             
       H -8.29562e+01 -2.73638e+01  7.88368e+01             
       O -9.81863e+01 -2.04221e+01  5.61558e+01             
       H -9.91439e+01 -2.08069e+01  5.61926e+01             
       H -9.77495e+01 -2.06349e+01  5.70041e+01             
       O -7.54267e+01 -1.11570e+01  7.14639e+01             
       H -7.47872e+01 -1.06665e+01  7.21020e+01             
       H -7.62377e+01 -1.12614e+01  7.19925e+01             
       O -7.58189e+01 -1.63258e+01  5.87622e+01             
       H -7.53946e+01 -1.67337e+01  5.80254e+01             
       H -7.65926e+01 -1.68975e+01  4.65697e+01             
       O -7.48705e+01 -1.38468e+01  3.31960e+01             
       H -7.49696e+01 -1.30561e+01  3.37309e+01             
       H -8.77256e+01 -1.46200e+01  3.36433e+01             
       O -6.93290e+01 -2.14878e+01  4.31683e+01             
       H -6.90538e+01 -2.16564e+01  4.40678e+01             
       H -6.85667e+01 -2.09846e+01  4.28176e+01             
       O -8.15539e+01 -2.71078e+01  4.71842e+01             
       H -8.25596e+01 -2.71271e+01  4.70804e+01             
       H -8.11313e+01 -2.64713e+01  5.89596e+01             
       O -7.32981e+01 -1.80239e+01  4.20888e+01             
       H -8.54509e+01 -1.31104e+01  4.90385e+01             
       H -7.41408e+01 -1.76050e+01  4.19138e+01             
       O -7.70205e+01 -3.30431e+01  6.24325e+01             
       H -7.77282e+01 -3.24692e+01  6.19303e+01             
       H -7.64024e+01 -3.34027e+01  6.17709e+01             
       O -7.03855e+01 -2.09721e+01  5.00356e+01             
       H -7.06695e+01 -2.17748e+01  5.05935e+01             
       H -7.03313e+01 -2.04021e+01  5.08293e+01             
       O -7.37436e+01 -2.93872e+01  6.08566e+01             
       H -7.35855e+01 -2.89393e+01  6.17105e+01             
       H -7.45294e+01 -2.89436e+01  6.04616e+01             
       O -8.03427e+01 -1.57678e+01  6.83509e+01             
       H -8.01675e+01 -1.61465e+01  6.91553e+01             
       H -8.04964e+01 -1.64155e+01  6.76791e+01             
       O -7.35536e+01  1.19324e+00  7.95085e+01             
       H -7.29539e+01  6.72538e-01  8.00929e+01             
       H -7.30091e+01  1.93943e+00  7.91548e+01             
       O -7.59938e+01 -2.64718e+01  7.38142e+01             
       H -9.21498e+01 -2.47746e+01  4.52197e+01             
       H -7.59300e+01 -2.74694e+01  7.38859e+01             
       O -8.05877e+01 -2.65653e+01  6.42695e+01             
       H -7.35053e+01 -1.88821e+01  4.24725e+01             
       H -8.05982e+01 -2.57467e+01  6.48193e+01             
       O -7.26167e+01 -1.83510e+01  5.08396e+01             
       H -7.58785e+01 -9.61806e+00  5.76871e+01             
       H -7.21242e+01 -1.88193e+01  5.15603e+01             
       O -8.08693e+01 -3.01812e+01  6.61404e+01             
       H -9.28033e+01 -2.98970e+01  7.76769e+01             
       H -7.90013e+01 -1.75035e+01  7.10664e+01             
       O -1.03827e+02 -1.88380e+01  7.39732e+01             
       H -1.04018e+02 -1.84453e+01  7.48669e+01             
       H -1.04641e+02 -1.94124e+01  7.37188e+01             
       O -8.05358e+01 -4.18197e+01  5.82851e+01             
       H -8.11943e+01 -4.24594e+01  5.79621e+01             
       H -8.24851e+01 -1.97071e+01  6.94090e+01             
       O -8.58314e+01 -1.31330e+01  4.81100e+01             
       H -8.68068e+01 -1.33034e+01  4.83930e+01             
       H -1.02292e+02 -2.71595e+01  3.05359e+01             
       O -9.02696e+01 -2.75670e+01  5.21003e+01             
       H -8.98930e+01 -2.66842e+01  5.17636e+01             
       H -9.02121e+01 -2.74174e+01  5.30741e+01             
       O -8.18189e+01 -2.90243e+01  4.95787e+01             
       H -8.21107e+01 -2.81008e+01  4.93953e+01             
       H -8.21007e+01 -2.96216e+01  4.89432e+01             
       O -6.05973e+01 -3.19610e+01  6.08239e+01             
       H -6.10544e+01 -1.86950e+01  6.07365e+01             
       H -6.00915e+01 -3.18445e+01  6.16157e+01             
       O -7.39395e+01 -9.47872e+00  6.36165e+01             
       H -6.06507e+01 -9.72248e+00  6.40091e+01             
       H -7.40237e+01 -8.46765e+00  6.36653e+01             
       O -7.68962e+01 -7.03075e-01  5.60956e+01             
       H -7.55090e+01 -3.60140e+01  5.46077e+01             
       H -8.27138e+01 -4.82071e+00  5.41250e+01             
       O -8.41766e+01 -2.13747e+01  5.43819e+01             
       H -8.33203e+01 -2.15187e+01  5.48294e+01             
       H -8.47500e+01 -2.09918e+01  5.50697e+01             
       O -8.25387e+01 -1.18268e+01  5.40997e+01             
       H -8.29031e+01 -2.50998e+01  5.40134e+01             
       H -8.27590e+01 -1.15702e+01  5.49839e+01             
       O -9.02133e+01 -2.10391e+01  6.55073e+01             
       H -8.98822e+01 -2.10964e+01  6.45523e+01             
       H -8.98313e+01 -2.17606e+01  6.59781e+01             
       O -8.17749e+01 -2.57324e+01  6.19674e+01             
       H -8.11083e+01 -2.57980e+01  6.26322e+01             
       H -8.14016e+01 -2.63061e+01  6.11873e+01             
       O -9.19956e+01 -3.24375e+01  5.47817e+01             
       H -9.14350e+01 -3.28718e+01  6.65166e+01             
       H -9.27963e+01 -4.33754e+01  5.41370e+01             
       O -7.13732e+01 -2.50869e+01  6.88883e+01             
       H -7.17162e+01 -2.47621e+01  6.97647e+01             
       H -7.16655e+01 -2.60416e+01  6.87430e+01             
       O -8.11629e+01 -2.55599e+01  5.70229e+01             
       H -8.10278e+01 -2.63812e+01  5.65244e+01             
       H -8.21257e+01 -2.53147e+01  5.67671e+01             
       O -9.48046e+01 -1.11240e+01  6.06003e+01             
       H -9.51754e+01 -1.04162e+01  6.10811e+01             
       H -9.46472e+01 -1.19305e+01  6.11047e+01             
       O -7.44135e+01 -2.74514e+01  5.41327e+01             
       H -7.53924e+01 -2.73614e+01  5.42010e+01             
       H -7.41065e+01 -2.71835e+01  5.50375e+01             
       O -9.35010e+01 -2.21344e+01  3.35735e+01             
       H -9.26961e+01 -2.26513e+01  3.34337e+01             
       H -9.41213e+01 -2.27494e+01  3.39670e+01             
       O -9.01028e+01 -2.79207e+01  2.99917e+01             
       H -6.50531e+01 -1.28039e+01  4.43974e+01             
       H -9.10602e+01 -2.80237e+01  3.01940e+01             
       O -8.98757e+01 -1.93681e+01  5.67517e+01             
       H -9.01491e+01 -1.89479e+01  5.75451e+01             
       H -8.94472e+01 -2.01915e+01  5.69768e+01             
       O -8.10605e+01 -2.02906e+01  8.53945e+01             
       H -8.16534e+01 -2.06077e+01  8.61348e+01             
       H -8.08470e+01 -2.10989e+01  8.48467e+01             
