192                                                         
# CELL(abcABC):   12.41850    12.41850    12.41850    90.00000    90.00000    90.00000  Step:           0  Bead:       0 x_centroid{angstrom}  cell{angstrom}   
       O -8.12420e+01 -1.09254e+01  6.66751e+01             
       H -8.15400e+01 -1.17240e+01  6.62130e+01             
       H -8.03983e+01 -1.12500e+01  6.70443e+01             
       O -7.77783e+01 -1.30353e+01  6.19472e+01             
       H -6.76772e+01 -2.03513e+01  6.10932e+01             
       H -7.71758e+01 -1.25004e+01  6.13792e+01             
       O -7.85013e+01 -2.31832e+01  5.54897e+01             
       H -7.78340e+01 -1.14005e+01  5.51342e+01             
       H -7.80827e+01 -2.30947e+01  5.63486e+01             
       O -6.34667e+01 -2.07967e+01  5.57732e+01             
       H -6.32290e+01 -2.12987e+01  5.65558e+01             
       H -6.44061e+01 -2.05551e+01  5.58408e+01             
       O -6.21841e+01 -2.24183e+01  5.35718e+01             
       H -6.28151e+01 -2.26734e+01  5.28853e+01             
       H -6.25796e+01 -2.17873e+01  5.41528e+01             
       O -6.45039e+01 -1.67567e+01  6.70625e+01             
       H -6.42116e+01 -1.61607e+01  6.63829e+01             
       H -6.37434e+01 -1.72918e+01  6.73039e+01             
       O -7.88951e+01 -2.43241e+01  3.95470e+01             
       H -7.92712e+01 -2.34889e+01  3.97523e+01             
       H -6.80578e+01  2.79389e+00  5.30175e+01             
       O -5.74819e+01 -1.63716e+01  7.33073e+01             
       H -5.68869e+01 -1.71448e+01  7.34496e+01             
       H -5.83298e+01 -2.92427e+01  7.35501e+01             
       O -7.84667e+01 -7.69192e+00  4.27746e+01             
       H -7.91064e+01 -7.71770e+00  4.34989e+01             
       H -7.86566e+01 -8.55825e+00  4.23786e+01             
       O -6.94329e+01 -2.35048e+01  5.79089e+01             
       H -7.01234e+01 -2.32045e+01  5.85354e+01             
       H -6.90986e+01 -2.43452e+01  5.82932e+01             
       O -7.25588e+01 -8.40455e+00  6.17133e+01             
       H -7.31126e+01 -8.76082e+00  6.24288e+01             
       H -7.32416e+01 -8.15959e+00  6.10347e+01             
       O -6.89602e+01 -1.12375e+01  4.98836e+01             
       H -6.93969e+01 -1.13565e+01  5.07616e+01             
       H -6.17838e+01 -1.45730e+01  4.90521e+01             
       O -6.44665e+01 -3.37108e+01  4.96362e+01             
       H -6.38533e+01 -3.32502e+01  4.90470e+01             
       H -6.39142e+01 -2.67285e+01  6.21606e+01             
       O -7.47680e+01 -2.03778e+01  4.77395e+01             
       H -7.50876e+01 -1.95821e+01  4.72734e+01             
       H -7.48360e+01 -2.11122e+01  4.71277e+01             
       O -5.60041e+01 -2.77310e+01  6.35062e+01             
       H -5.60029e+01 -2.69950e+01  6.29057e+01             
       H -5.51613e+01 -2.78743e+01  6.38130e+01             
       O -7.19541e+01 -1.35810e+01  6.35805e+01             
       H -7.24441e+01 -1.36826e+01  6.27536e+01             
       H -7.14459e+01 -1.44143e+01  6.38497e+01             
       O -7.57742e+01 -1.79605e+01  4.65728e+01             
       H -7.63688e+01 -2.99397e+01  4.59190e+01             
       H -7.60757e+01 -1.77478e+01  4.74534e+01             
       O -7.34784e+01 -2.43939e+01  4.44204e+01             
       H -7.34389e+01 -2.45992e+01  4.53636e+01             
       H -7.26091e+01 -2.44117e+01  4.40270e+01             
       O -7.64395e+01 -1.23275e+01  5.45099e+01             
       H -7.56945e+01 -1.17247e+01  5.43704e+01             
       H -7.60792e+01 -1.30624e+01  5.49634e+01             
       O -6.74486e+01  8.95780e+00  5.53742e+01             
       H -5.58078e+01 -2.50105e+01  4.93982e+01             
       H -6.66968e+01  8.51639e+00  5.48966e+01             
       O -7.24456e+01 -2.13429e+01  6.49031e+01             
       H -6.58701e+01 -2.87719e+01  6.17429e+01             
       H -8.55566e+01 -2.18002e+01  6.54289e+01             
       O -6.71140e+01 -2.97450e+01  5.83875e+01             
       H -6.63417e+01 -2.93843e+01  5.79000e+01             
       H -6.78499e+01 -2.91347e+01  5.81434e+01             
       O -6.97427e+01 -1.62314e+01  5.79767e+01             
       H -7.01411e+01 -1.64634e+01  5.87547e+01             
       H -7.01984e+01 -1.66827e+01  5.72827e+01             
       O -6.15801e+01 -4.37788e+01  5.25221e+01             
       H -6.09551e+01 -4.44365e+01  5.22506e+01             
       H -6.23810e+01 -4.40685e+01  6.44103e+01             
       O -7.43289e+01 -9.63686e+00  5.78078e+01             
       H -7.37114e+01 -9.04263e+00  5.73248e+01             
       H -7.42268e+01 -1.05337e+01  5.74030e+01             
       O -6.80313e+01 -2.00401e+01  5.72411e+01             
       H -6.78101e+01 -1.91075e+01  5.75054e+01             
       H -6.75626e+01 -2.06826e+01  5.77643e+01             
       O -7.00460e+01 -2.04978e+01  7.57814e+01             
       H -7.07745e+01 -2.07386e+01  7.52549e+01             
       H -7.04919e+01 -2.00834e+01  7.65539e+01             
       O -8.56386e+01 -1.62632e+01  4.65178e+01             
       H -8.54362e+01 -1.61602e+01  4.55927e+01             
       H -8.64653e+01 -1.68072e+01  4.66178e+01             
       O -6.38128e+01 -7.16845e+00  6.40075e+01             
       H -6.46024e+01 -6.90747e+00  6.45189e+01             
       H -6.41336e+01 -7.87721e+00  6.34114e+01             
       O -6.79411e+01 -1.35672e+01  5.36527e+01             
       H -6.83483e+01 -1.43127e+01  5.31433e+01             
       H -6.77249e+01 -1.39779e+01  4.20667e+01             
       O -6.21109e+01 -1.40697e+01  3.07359e+01             
       H -6.15843e+01 -1.37441e+01  2.99734e+01             
       H -7.43167e+01 -1.33970e+01  3.14081e+01             
       O -5.59493e+01 -1.88743e+01  3.56383e+01             
       H -5.68122e+01 -1.89691e+01  3.51473e+01             
       H -5.53095e+01 -1.85551e+01  3.49089e+01             
       O -7.33243e+01 -2.53351e+01  4.09649e+01             
       H -7.31248e+01 -2.55408e+01  4.00278e+01             
       H -7.33162e+01 -2.43628e+01  5.35297e+01             
       O -5.85584e+01 -1.61127e+01  3.92898e+01             
       H -6.77353e+01 -1.04329e+01  4.60278e+01             
       H -5.91114e+01 -1.65709e+01  3.86421e+01             
       O -6.86549e+01 -2.59512e+01  5.90410e+01             
       H -6.91991e+01 -2.67049e+01  5.87170e+01             
       H -6.86524e+01 -2.61045e+01  6.00223e+01             
       O -5.98426e+01 -1.99464e+01  4.41951e+01             
       H -6.03570e+01 -1.92908e+01  4.36466e+01             
       H -5.92221e+01 -2.04124e+01  4.36223e+01             
       O -6.13779e+01 -2.85122e+01  5.26876e+01             
       H -6.13605e+01 -2.94887e+01  5.27124e+01             
       H -6.04911e+01 -2.82104e+01  5.27809e+01             
       O -6.62629e+01 -6.49909e+00  6.50437e+01             
       H -6.69146e+01 -7.14066e+00  6.46636e+01             
       H -6.62334e+01 -6.68084e+00  6.59953e+01             
       O -5.85861e+01  5.84617e+00  7.17428e+01             
       H -5.89454e+01  5.69116e+00  7.08467e+01             
       H -5.93376e+01  6.31611e+00  7.21718e+01             
       O -6.30989e+01 -2.72302e+01  6.23263e+01             
       H -7.94094e+01 -2.49436e+01  4.00992e+01             
       H -6.30869e+01 -2.71386e+01  6.32773e+01             
       O -6.71718e+01 -2.10896e+01  6.13189e+01             
       H -5.76342e+01 -1.61038e+01  3.90303e+01             
       H -6.71841e+01 -2.14547e+01  6.04171e+01             
       O -6.08860e+01 -1.43206e+01  4.86413e+01             
       H -6.81841e+01 -4.10302e+00  5.51871e+01             
       H -6.07502e+01 -1.49058e+01  4.79179e+01             
       O -6.58485e+01 -2.63378e+01  5.91981e+01             
       H -7.92194e+01 -2.63165e+01  7.15860e+01             
       H -6.54935e+01 -1.25105e+01  6.27653e+01             
       O -9.06800e+01 -1.63443e+01  6.36308e+01             
       H -9.08796e+01 -1.72246e+01  6.40683e+01             
       H -9.02342e+01 -1.58368e+01  6.43149e+01             
       O -6.79481e+01 -3.83168e+01  4.91518e+01             
       H -6.69880e+01 -3.82467e+01  4.90113e+01             
       H -7.17093e+01 -2.09714e+01  6.54867e+01             
       O -6.70440e+01 -9.79250e+00  4.63272e+01             
       H -6.61673e+01 -1.02498e+01  4.62771e+01             
       H -8.72007e+01 -2.37755e+01  2.29472e+01             
       O -7.70395e+01 -2.38061e+01  4.57524e+01             
       H -7.64300e+01 -2.36010e+01  4.65049e+01             
       H -7.71502e+01 -2.47633e+01  4.57511e+01             
       O -7.12108e+01 -2.47129e+01  4.31652e+01             
       H -7.10654e+01 -2.42005e+01  4.23288e+01             
       H -7.04663e+01 -2.43579e+01  4.37580e+01             
       O -5.12931e+01 -2.72604e+01  5.27212e+01             
       H -5.03525e+01 -1.52488e+01  5.28127e+01             
       H -5.13017e+01 -2.64294e+01  5.31353e+01             
       O -6.19191e+01 -6.10280e+00  5.55161e+01             
       H -4.93593e+01 -6.26169e+00  5.45818e+01             
       H -6.24671e+01 -6.83684e+00  5.58483e+01             
       O -6.77290e+01  3.41856e+00  5.23440e+01             
       H -6.54403e+01 -3.35465e+01  4.94431e+01             
       H -6.82200e+01  1.79703e+00  5.00527e+01             
       O -7.23534e+01 -1.77338e+01  4.97246e+01             
       H -7.22456e+01 -1.87067e+01  4.96754e+01             
       H -7.32907e+01 -1.74912e+01  4.95645e+01             
       O -7.10275e+01 -1.06570e+01  4.78089e+01             
       H -7.15186e+01 -2.24129e+01  4.83080e+01             
       H -7.02977e+01 -1.08399e+01  4.84381e+01             
       O -7.72661e+01 -1.60095e+01  5.75253e+01             
       H -7.75798e+01 -1.51655e+01  5.78699e+01             
       H -7.71118e+01 -1.58506e+01  5.65972e+01             
       O -6.98671e+01 -2.11941e+01  5.53808e+01             
       H -6.95562e+01 -2.20482e+01  5.50518e+01             
       H -6.92004e+01 -2.08286e+01  5.59650e+01             
       O -7.80596e+01 -2.88227e+01  4.83888e+01             
       H -7.88161e+01 -2.91545e+01  6.02766e+01             
       H -7.80513e+01 -3.95151e+01  4.72976e+01             
       O -6.38370e+01 -2.38215e+01  6.42051e+01             
       H -6.47122e+01 -2.39683e+01  6.46483e+01             
       H -6.40668e+01 -2.34525e+01  6.33354e+01             
       O -7.07772e+01 -2.36414e+01  5.19689e+01             
       H -7.13388e+01 -2.28034e+01  5.21720e+01             
       H -7.12966e+01 -2.44223e+01  5.18724e+01             
       O -8.54688e+01 -1.63748e+01  5.59914e+01             
       H -8.60556e+01 -1.56087e+01  5.58756e+01             
       H -8.60134e+01 -1.71835e+01  5.58074e+01             
       O -6.09502e+01 -2.43724e+01  4.74005e+01             
       H -6.00109e+01 -2.41456e+01  4.76008e+01             
       H -6.09987e+01 -2.51778e+01  4.79013e+01             
       O -8.33154e+01 -1.93249e+01  2.86857e+01             
       H -8.33463e+01 -1.84602e+01  2.91397e+01             
       H -8.26237e+01 -1.97750e+01  2.91884e+01             
       O -7.57523e+01 -2.36102e+01  2.31749e+01             
       H -5.60566e+01 -8.77312e+00  3.93903e+01             
       H -7.57475e+01 -2.28956e+01  2.38119e+01             
       O -7.52088e+01 -1.77750e+01  4.94571e+01             
       H -7.56674e+01 -1.85785e+01  4.99283e+01             
       H -7.58349e+01 -1.70247e+01  4.95046e+01             
       O -7.04092e+01 -1.67325e+01  7.98307e+01             
       H -7.05295e+01 -1.61399e+01  7.90699e+01             
       H -7.12252e+01 -1.65865e+01  8.03202e+01             
192                                                         
# CELL(abcABC):   12.41850    12.41850    12.41850    90.00000    90.00000    90.00000  Step:      200000  Bead:       0 x_centroid{angstrom}  cell{angstrom}   
       O -1.04047e+02 -1.99751e+01  8.00696e+01             
       H -1.04097e+02 -1.90784e+01  7.96789e+01             
       H -1.03835e+02 -1.97444e+01  8.10097e+01             
       O -9.88610e+01 -1.60896e+01  6.98478e+01             
       H -8.23612e+01 -2.62408e+01  7.24364e+01             
       H -9.82223e+01 -1.64192e+01  6.92174e+01             
       O -8.92697e+01 -2.78572e+01  6.35054e+01             
       H -8.98140e+01 -1.46136e+01  6.35475e+01             
       H -8.89966e+01 -2.80642e+01  6.25830e+01             
       O -8.08091e+01 -2.64938e+01  6.52635e+01             
       H -7.98461e+01 -2.64156e+01  6.51718e+01             
       H -8.10329e+01 -2.55714e+01  6.55483e+01             
       O -8.14967e+01 -2.67014e+01  6.25554e+01             
       H -8.24037e+01 -2.66977e+01  6.28531e+01             
       H -8.10712e+01 -2.65848e+01  6.34766e+01             
       O -7.75521e+01 -2.09406e+01  7.74672e+01             
       H -7.70778e+01 -2.02534e+01  7.69771e+01             
       H -7.83060e+01 -2.04459e+01  7.77889e+01             
       O -9.96451e+01 -2.73608e+01  4.88360e+01             
       H -9.88379e+01 -2.73890e+01  4.84011e+01             
       H -8.35037e+01 -6.20185e+00  6.09140e+01             
       O -7.19435e+01 -2.30155e+01  8.59442e+01             
       H -7.21512e+01 -2.30136e+01  8.68859e+01             
       H -7.10230e+01 -3.58915e+01  8.58622e+01             
       O -9.68941e+01 -1.63977e+01  5.52144e+01             
       H -9.68435e+01 -1.72040e+01  5.46389e+01             
       H -9.59383e+01 -1.60880e+01  5.52322e+01             
       O -8.97583e+01 -3.25525e+01  7.03580e+01             
       H -8.94128e+01 -3.16987e+01  7.02226e+01             
       H -8.90656e+01 -3.31215e+01  7.00065e+01             
       O -9.19776e+01 -1.44818e+01  7.14316e+01             
       H -9.24761e+01 -1.38511e+01  7.08954e+01             
       H -9.26141e+01 -1.50013e+01  7.20332e+01             
       O -9.33506e+01 -1.64179e+01  6.10910e+01             
       H -9.41851e+01 -1.69553e+01  6.11941e+01             
       H -8.04434e+01 -1.85295e+01  5.75925e+01             
       O -8.87156e+01 -4.28982e+01  5.44011e+01             
       H -8.95696e+01 -4.30849e+01  5.39768e+01             
       H -8.52877e+01 -2.84499e+01  7.12971e+01             
       O -9.09570e+01 -3.01250e+01  5.20807e+01             
       H -9.14727e+01 -3.07368e+01  5.16216e+01             
       H -9.05977e+01 -2.94540e+01  5.15062e+01             
       O -7.62542e+01 -2.90586e+01  7.22383e+01             
       H -7.70036e+01 -2.95262e+01  7.26320e+01             
       H -7.58079e+01 -2.95956e+01  7.16317e+01             
       O -9.11201e+01 -2.29290e+01  7.58981e+01             
       H -9.08388e+01 -2.30937e+01  7.49723e+01             
       H -9.04962e+01 -2.22600e+01  7.62657e+01             
       O -9.63145e+01 -1.80792e+01  5.78305e+01             
       H -9.62501e+01 -3.06387e+01  5.69086e+01             
       H -9.55844e+01 -1.85149e+01  5.82949e+01             
       O -9.68412e+01 -2.03025e+01  6.03034e+01             
       H -9.66955e+01 -2.12646e+01  6.03646e+01             
       H -9.76457e+01 -2.03312e+01  5.97886e+01             
       O -9.95207e+01 -2.04760e+01  6.67084e+01             
       H -9.86189e+01 -2.03182e+01  6.64366e+01             
       H -1.00026e+02 -1.96353e+01  6.65470e+01             
       O -8.56877e+01  5.00662e+00  6.27734e+01             
       H -7.77255e+01 -2.65988e+01  6.00684e+01             
       H -8.54883e+01  4.73749e+00  6.18549e+01             
       O -9.07599e+01 -2.53953e+01  7.71950e+01             
       H -8.65380e+01 -3.19041e+01  7.02964e+01             
       H -1.03092e+02 -2.44668e+01  7.68949e+01             
       O -8.54159e+01 -3.67989e+01  6.74102e+01             
       H -8.50788e+01 -3.60813e+01  6.79754e+01             
       H -8.62908e+01 -3.64838e+01  6.71914e+01             
       O -8.78317e+01 -2.36149e+01  6.37241e+01             
       H -8.75961e+01 -2.45564e+01  6.38308e+01             
       H -8.80097e+01 -2.35230e+01  6.27800e+01             
       O -7.81297e+01 -5.30425e+01  5.69329e+01             
       H -7.78428e+01 -5.21195e+01  5.66764e+01             
       H -7.85636e+01 -5.28134e+01  7.02374e+01             
       O -9.38829e+01 -1.16189e+01  6.77390e+01             
       H -9.29640e+01 -1.14024e+01  6.74431e+01             
       H -9.37809e+01 -1.25190e+01  6.81230e+01             
       O -8.62288e+01 -2.70933e+01  6.59867e+01             
       H -8.56557e+01 -2.78992e+01  6.62195e+01             
       H -8.57182e+01 -2.64533e+01  6.64249e+01             
       O -8.46574e+01 -2.88920e+01  8.82462e+01             
       H -8.43762e+01 -2.80268e+01  8.85803e+01             
       H -8.54965e+01 -2.91183e+01  8.86713e+01             
       O -1.01847e+02 -2.55520e+01  5.74339e+01             
       H -1.01971e+02 -2.53211e+01  5.83501e+01             
       H -1.00862e+02 -2.55660e+01  5.73193e+01             
       O -8.19722e+01 -1.16011e+01  7.40466e+01             
       H -8.18024e+01 -1.10262e+01  7.48401e+01             
       H -8.17820e+01 -1.25009e+01  7.43159e+01             
       O -8.70782e+01 -1.71617e+01  6.45480e+01             
       H -8.76331e+01 -1.63907e+01  6.44705e+01             
       H -8.75401e+01 -1.78865e+01  5.17045e+01             
       O -8.23524e+01 -1.96319e+01  4.35735e+01             
       H -8.20566e+01 -2.04160e+01  4.40766e+01             
       H -9.40361e+01 -1.94346e+01  4.29628e+01             
       O -7.54369e+01 -2.27822e+01  4.83433e+01             
       H -7.53423e+01 -2.18208e+01  4.81990e+01             
       H -7.50738e+01 -2.32245e+01  4.75357e+01             
       O -8.92798e+01 -2.62149e+01  5.46527e+01             
       H -8.91177e+01 -2.56222e+01  5.53878e+01             
       H -8.83993e+01 -2.65002e+01  6.68168e+01             
       O -8.02731e+01 -2.27242e+01  4.74450e+01             
       H -8.61208e+01 -1.29443e+01  5.63104e+01             
       H -8.09363e+01 -2.32110e+01  4.79825e+01             
       O -8.80670e+01 -3.55102e+01  6.66378e+01             
       H -8.77154e+01 -3.46106e+01  6.67322e+01             
       H -8.83862e+01 -3.54794e+01  6.57298e+01             
       O -8.19345e+01 -2.82633e+01  5.49070e+01             
       H -8.12211e+01 -2.88967e+01  5.49642e+01             
       H -8.15967e+01 -2.76495e+01  5.42409e+01             
       O -8.33063e+01 -3.14548e+01  6.42189e+01             
       H -8.39389e+01 -3.16601e+01  6.35200e+01             
       H -8.32472e+01 -3.04685e+01  6.42288e+01             
       O -8.12646e+01 -9.96262e+00  7.60783e+01             
       H -8.02814e+01 -1.00457e+01  7.61761e+01             
       H -8.13696e+01 -8.97940e+00  7.59998e+01             
       O -7.94176e+01 -4.65320e+00  7.96968e+01             
       H -7.91138e+01 -4.61481e+00  7.87418e+01             
       H -7.87906e+01 -4.15601e+00  8.02609e+01             
       O -8.49411e+01 -2.80937e+01  7.21344e+01             
       H -1.00132e+02 -2.81816e+01  4.86300e+01             
       H -8.46051e+01 -2.89006e+01  7.25753e+01             
       O -8.28376e+01 -2.63117e+01  7.16498e+01             
       H -7.94627e+01 -2.32743e+01  4.77029e+01             
       H -8.35730e+01 -2.69497e+01  7.18027e+01             
       O -8.07801e+01 -1.82081e+01  5.84444e+01             
       H -8.54506e+01 -8.22626e+00  6.32208e+01             
       H -8.00322e+01 -1.76605e+01  5.87230e+01             
       O -8.70264e+01 -3.32844e+01  6.93652e+01             
       H -9.86115e+01 -3.38127e+01  8.17053e+01             
       H -8.72611e+01 -1.66040e+01  6.97411e+01             
       O -1.10076e+02 -2.24487e+01  7.61506e+01             
       H -1.10995e+02 -2.28417e+01  7.62325e+01             
       H -1.09433e+02 -2.28130e+01  7.67902e+01             
       O -8.95757e+01 -3.84240e+01  6.05673e+01             
       H -8.86921e+01 -3.88794e+01  6.06780e+01             
       H -9.02428e+01 -2.54881e+01  7.80364e+01             
       O -8.67040e+01 -1.33462e+01  5.69717e+01             
       H -8.64548e+01 -1.42663e+01  5.71778e+01             
       H -1.06327e+02 -2.71235e+01  3.16487e+01             
       O -1.01096e+02 -3.02090e+01  5.69170e+01             
       H -1.01055e+02 -3.05258e+01  5.60018e+01             
       H -1.01678e+02 -2.94006e+01  5.68967e+01             
       O -9.68982e+01 -3.15217e+01  5.41854e+01             
       H -9.65651e+01 -3.15275e+01  5.32728e+01             
       H -9.61334e+01 -3.18149e+01  5.47524e+01             
       O -6.82330e+01 -3.19536e+01  6.31081e+01             
       H -6.91273e+01 -1.91127e+01  6.31181e+01             
       H -6.78753e+01 -3.21151e+01  6.21918e+01             
       O -7.88312e+01 -1.04731e+01  6.72008e+01             
       H -6.54819e+01 -1.06644e+01  6.70602e+01             
       H -7.89967e+01 -9.49321e+00  6.71980e+01             
       O -8.34712e+01 -5.22882e+00  6.12420e+01             
       H -8.80550e+01 -4.25083e+01  5.37400e+01             
       H -9.35061e+01 -3.32439e+00  6.18387e+01             
       O -8.58547e+01 -2.38455e+01  5.88601e+01             
       H -8.54182e+01 -2.39694e+01  5.96799e+01             
       H -8.59331e+01 -2.47425e+01  5.83706e+01             
       O -9.21126e+01 -2.00315e+01  6.05618e+01             
       H -9.22934e+01 -3.33654e+01  6.02539e+01             
       H -9.26592e+01 -1.94578e+01  5.99306e+01             
       O -9.56831e+01 -2.36950e+01  6.51257e+01             
       H -9.49958e+01 -2.30404e+01  6.48753e+01             
       H -9.55949e+01 -2.39232e+01  6.60365e+01             
       O -8.38181e+01 -2.59750e+01  6.35124e+01             
       H -8.37318e+01 -2.51335e+01  6.39650e+01             
       H -8.47114e+01 -2.59330e+01  6.30510e+01             
       O -9.87615e+01 -3.12301e+01  5.85628e+01             
       H -9.79242e+01 -3.08142e+01  7.07689e+01             
       H -9.97351e+01 -4.55185e+01  5.60578e+01             
       O -8.46122e+01 -2.24757e+01  6.93714e+01             
       H -8.49562e+01 -2.28405e+01  7.02719e+01             
       H -8.37001e+01 -2.21285e+01  6.96788e+01             
       O -8.63659e+01 -2.60830e+01  6.34689e+01             
       H -8.62951e+01 -2.65718e+01  6.43082e+01             
       H -8.67750e+01 -2.66845e+01  6.28096e+01             
       O -1.03287e+02 -1.75494e+01  6.14036e+01             
       H -1.04164e+02 -1.71105e+01  6.13530e+01             
       H -1.03526e+02 -1.84867e+01  6.14588e+01             
       O -8.81342e+01 -3.24395e+01  6.01727e+01             
       H -8.74001e+01 -3.19034e+01  5.97885e+01             
       H -8.87930e+01 -3.27003e+01  5.94826e+01             
       O -1.02937e+02 -2.36906e+01  3.61825e+01             
       H -1.02715e+02 -2.46355e+01  3.64108e+01             
       H -1.02142e+02 -2.31959e+01  3.59570e+01             
       O -9.39649e+01 -2.62231e+01  3.19618e+01             
       H -7.15665e+01 -1.75761e+01  4.96399e+01             
       H -9.46671e+01 -2.62424e+01  3.26754e+01             
       O -9.41714e+01 -2.20722e+01  5.72146e+01             
       H -9.40920e+01 -2.27158e+01  5.65084e+01             
       H -9.35441e+01 -2.23524e+01  5.78817e+01             
       O -8.84284e+01 -1.93466e+01  8.81715e+01             
       H -8.76130e+01 -1.97275e+01  8.77659e+01             
       H -8.90633e+01 -1.91161e+01  8.74389e+01             
