192                                                         
# CELL(abcABC):   12.41850    12.41850    12.41850    90.00000    90.00000    90.00000  Step:           0  Bead:       0 x_centroid{angstrom}  cell{angstrom}   
       O -8.02447e+01 -1.16531e+01  6.68224e+01             
       H -8.01782e+01 -1.26045e+01  6.68264e+01             
       H -7.93844e+01 -1.14911e+01  6.72997e+01             
       O -7.52053e+01 -1.35087e+01  6.19377e+01             
       H -6.70153e+01 -1.90132e+01  5.85851e+01             
       H -7.48710e+01 -1.29285e+01  6.12037e+01             
       O -7.75202e+01 -2.27665e+01  5.53007e+01             
       H -7.71179e+01 -1.10508e+01  5.47487e+01             
       H -7.68888e+01 -2.26972e+01  5.60051e+01             
       O -6.25307e+01 -2.09792e+01  5.38409e+01             
       H -6.23422e+01 -2.12129e+01  5.47678e+01             
       H -6.34606e+01 -2.10377e+01  5.38213e+01             
       O -6.08460e+01 -2.22677e+01  5.21553e+01             
       H -6.12590e+01 -2.25646e+01  5.13535e+01             
       H -6.15036e+01 -2.18176e+01  5.26917e+01             
       O -6.26113e+01 -1.72767e+01  6.80756e+01             
       H -6.28688e+01 -1.67642e+01  6.72958e+01             
       H -6.33030e+01 -1.71207e+01  6.87467e+01             
       O -7.64628e+01 -2.41054e+01  3.88022e+01             
       H -7.73702e+01 -2.39692e+01  3.86774e+01             
       H -6.70100e+01  9.35354e-01  5.26639e+01             
       O -5.63942e+01 -1.51408e+01  7.29327e+01             
       H -5.60014e+01 -1.43294e+01  7.26517e+01             
       H -5.66994e+01 -2.72984e+01  7.38473e+01             
       O -7.76388e+01 -8.19017e+00  4.06254e+01             
       H -7.81365e+01 -8.04074e+00  4.14434e+01             
       H -7.79939e+01 -9.03037e+00  4.02876e+01             
       O -6.79139e+01 -2.45783e+01  5.83436e+01             
       H -6.88308e+01 -2.44059e+01  5.85480e+01             
       H -6.79957e+01 -2.52542e+01  5.76203e+01             
       O -7.24207e+01 -8.02267e+00  6.05310e+01             
       H -7.24708e+01 -7.90775e+00  6.15057e+01             
       H -7.31705e+01 -7.59134e+00  6.01032e+01             
       O -6.78746e+01 -9.24592e+00  4.82945e+01             
       H -6.82706e+01 -9.19572e+00  4.91676e+01             
       H -5.98634e+01 -1.45751e+01  4.94932e+01             
       O -6.42701e+01 -3.08415e+01  4.75615e+01             
       H -6.37211e+01 -3.10151e+01  4.68035e+01             
       H -6.16554e+01 -2.67300e+01  6.27929e+01             
       O -7.46152e+01 -1.91798e+01  4.57747e+01             
       H -7.41978e+01 -1.83129e+01  4.58109e+01             
       H -7.43561e+01 -1.96532e+01  4.49409e+01             
       O -5.35525e+01 -2.67783e+01  6.29716e+01             
       H -5.36151e+01 -2.59277e+01  6.24921e+01             
       H -5.26428e+01 -2.70503e+01  6.28951e+01             
       O -7.00015e+01 -1.28866e+01  6.32377e+01             
       H -7.06072e+01 -1.32574e+01  6.25718e+01             
       H -6.94461e+01 -1.35987e+01  6.35864e+01             
       O -7.37333e+01 -1.50460e+01  4.57522e+01             
       H -7.39581e+01 -2.74893e+01  4.48222e+01             
       H -7.45205e+01 -1.51579e+01  4.62605e+01             
       O -7.21068e+01 -2.54901e+01  4.42326e+01             
       H -7.24047e+01 -2.52779e+01  4.51602e+01             
       H -7.14363e+01 -2.48139e+01  4.38769e+01             
       O -7.64762e+01 -1.25527e+01  5.38203e+01             
       H -7.56197e+01 -1.30345e+01  5.38677e+01             
       H -7.71804e+01 -1.31861e+01  5.37493e+01             
       O -6.65307e+01  7.82703e+00  5.39918e+01             
       H -5.42055e+01 -2.35233e+01  4.91194e+01             
       H -6.63276e+01  7.19320e+00  5.32258e+01             
       O -7.21094e+01 -2.00101e+01  6.31639e+01             
       H -6.33717e+01 -2.78178e+01  6.09683e+01             
       H -8.48305e+01 -2.08632e+01  6.35449e+01             
       O -6.72973e+01 -3.05406e+01  5.71418e+01             
       H -6.65475e+01 -2.99728e+01  5.68870e+01             
       H -6.79342e+01 -2.98398e+01  5.74914e+01             
       O -6.92403e+01 -1.63835e+01  5.80617e+01             
       H -6.98633e+01 -1.62804e+01  5.87816e+01             
       H -6.98915e+01 -1.62019e+01  5.72934e+01             
       O -6.22477e+01 -4.34921e+01  5.23847e+01             
       H -6.27598e+01 -4.26923e+01  5.25430e+01             
       H -6.22176e+01 -4.40769e+01  6.56237e+01             
       O -7.35239e+01 -8.68667e+00  5.67008e+01             
       H -7.25659e+01 -8.42846e+00  5.67872e+01             
       H -7.35683e+01 -9.35097e+00  5.73301e+01             
       O -6.70088e+01 -2.02885e+01  5.53533e+01             
       H -6.72443e+01 -1.94096e+01  5.57436e+01             
       H -6.65605e+01 -2.08693e+01  5.60704e+01             
       O -6.77556e+01 -1.86488e+01  7.49104e+01             
       H -6.76256e+01 -1.79670e+01  7.42184e+01             
       H -6.76179e+01 -1.94652e+01  7.44239e+01             
       O -8.39357e+01 -1.62461e+01  4.73201e+01             
       H -8.45051e+01 -1.59272e+01  4.65924e+01             
       H -8.44180e+01 -1.69160e+01  4.78740e+01             
       O -6.27611e+01 -7.04141e+00  6.20028e+01             
       H -6.28551e+01 -6.52179e+00  6.28218e+01             
       H -6.34738e+01 -6.77786e+00  6.14073e+01             
       O -6.57327e+01 -1.44704e+01  5.32708e+01             
       H -6.59644e+01 -1.42711e+01  5.23402e+01             
       H -6.59731e+01 -1.54246e+01  4.09930e+01             
       O -6.16302e+01 -1.35537e+01  2.94826e+01             
       H -6.09670e+01 -1.33244e+01  2.88124e+01             
       H -7.36645e+01 -1.32240e+01  3.03168e+01             
       O -5.43368e+01 -1.68214e+01  3.57946e+01             
       H -5.49181e+01 -1.61995e+01  3.54872e+01             
       H -5.35025e+01 -1.63580e+01  3.59534e+01             
       O -7.19562e+01 -2.47768e+01  4.04856e+01             
       H -7.12780e+01 -2.49076e+01  3.97800e+01             
       H -7.24356e+01 -2.39985e+01  5.27959e+01             
       O -5.61608e+01 -1.54189e+01  3.91544e+01             
       H -6.68209e+01 -1.02398e+01  4.56282e+01             
       H -5.66734e+01 -1.61841e+01  3.89900e+01             
       O -6.74153e+01 -2.69599e+01  5.68337e+01             
       H -6.76702e+01 -2.70021e+01  5.59377e+01             
       H -6.78526e+01 -2.76873e+01  5.73054e+01             
       O -5.85689e+01 -1.97290e+01  4.42220e+01             
       H -5.79946e+01 -1.97930e+01  4.50153e+01             
       H -5.80365e+01 -2.01491e+01  4.35107e+01             
       O -5.96859e+01 -2.82387e+01  5.30927e+01             
       H -5.98772e+01 -2.88686e+01  5.37872e+01             
       H -5.92938e+01 -2.87892e+01  5.24127e+01             
       O -6.54888e+01 -5.86648e+00  6.42582e+01             
       H -6.61289e+01 -6.16975e+00  6.36049e+01             
       H -6.50896e+01 -6.68945e+00  6.46133e+01             
       O -5.75716e+01  5.25932e+00  7.17968e+01             
       H -5.84321e+01  5.18230e+00  7.22459e+01             
       H -5.70523e+01  5.90736e+00  7.22457e+01             
       O -6.10710e+01 -2.74314e+01  6.32364e+01             
       H -7.64586e+01 -2.44893e+01  3.97779e+01             
       H -6.06674e+01 -2.72994e+01  6.40589e+01             
       O -6.66258e+01 -1.95468e+01  5.93097e+01             
       H -5.52896e+01 -1.55054e+01  3.88068e+01             
       H -6.64404e+01 -2.03956e+01  5.88889e+01             
       O -5.90359e+01 -1.41996e+01  4.90534e+01             
       H -6.74645e+01 -4.45450e+00  5.42250e+01             
       H -5.88522e+01 -1.47928e+01  4.82869e+01             
       O -6.49053e+01 -2.64398e+01  5.81179e+01             
       H -7.82946e+01 -2.63090e+01  7.07489e+01             
       H -6.33145e+01 -1.30025e+01  6.25402e+01             
       O -8.83257e+01 -1.63450e+01  6.28058e+01             
       H -8.89975e+01 -1.68109e+01  6.33517e+01             
       H -8.77076e+01 -1.59469e+01  6.34419e+01             
       O -6.61577e+01 -3.67458e+01  4.88684e+01             
       H -6.63827e+01 -3.68389e+01  4.79391e+01             
       H -7.28579e+01 -1.93999e+01  6.34191e+01             
       O -6.62496e+01 -9.52013e+00  4.53356e+01             
       H -6.53794e+01 -9.95685e+00  4.54003e+01             
       H -8.61301e+01 -2.40963e+01  2.25679e+01             
       O -7.63410e+01 -2.34269e+01  4.53698e+01             
       H -7.55298e+01 -2.34030e+01  4.59578e+01             
       H -7.66259e+01 -2.43359e+01  4.54724e+01             
       O -7.06775e+01 -2.36721e+01  4.28396e+01             
       H -7.10012e+01 -2.42052e+01  4.21167e+01             
       H -6.96948e+01 -2.37603e+01  4.28046e+01             
       O -5.03968e+01 -2.83403e+01  5.32013e+01             
       H -4.96547e+01 -1.53872e+01  5.35048e+01             
       H -5.11453e+01 -2.76901e+01  5.33244e+01             
       O -5.99838e+01 -5.19998e+00  5.52964e+01             
       H -4.84891e+01 -5.34206e+00  5.54842e+01             
       H -5.95481e+01 -6.02106e+00  5.56087e+01             
       O -6.66960e+01  1.28938e+00  5.18566e+01             
       H -6.51596e+01 -3.12241e+01  4.72388e+01             
       H -6.78701e+01  4.05941e+00  4.79469e+01             
       O -7.05216e+01 -1.75007e+01  5.11669e+01             
       H -7.03084e+01 -1.84295e+01  5.11385e+01             
       H -7.11784e+01 -1.74627e+01  5.04780e+01             
       O -7.02910e+01 -1.00830e+01  4.70340e+01             
       H -7.07987e+01 -2.16922e+01  4.72081e+01             
       H -6.94872e+01 -9.86599e+00  4.75298e+01             
       O -7.76625e+01 -1.65275e+01  5.65265e+01             
       H -7.74690e+01 -1.56780e+01  5.70197e+01             
       H -7.79288e+01 -1.62218e+01  5.56890e+01             
       O -6.96433e+01 -2.10026e+01  5.47190e+01             
       H -6.99018e+01 -2.19012e+01  5.47734e+01             
       H -6.87286e+01 -2.09117e+01  5.51021e+01             
       O -7.58946e+01 -2.80702e+01  4.76422e+01             
       H -7.62041e+01 -2.90081e+01  6.02179e+01             
       H -7.69405e+01 -3.89707e+01  4.65916e+01             
       O -6.23843e+01 -2.21771e+01  6.22287e+01             
       H -6.31875e+01 -2.25061e+01  6.25181e+01             
       H -6.25056e+01 -2.12132e+01  6.21631e+01             
       O -6.90007e+01 -2.24925e+01  5.06338e+01             
       H -6.92513e+01 -2.19595e+01  5.13885e+01             
       H -6.95785e+01 -2.32957e+01  5.06087e+01             
       O -8.32197e+01 -1.53931e+01  5.60291e+01             
       H -8.37137e+01 -1.46943e+01  5.64355e+01             
       H -8.38963e+01 -1.59932e+01  5.56314e+01             
       O -5.97230e+01 -2.44853e+01  4.73370e+01             
       H -5.90311e+01 -2.38303e+01  4.72324e+01             
       H -5.94599e+01 -2.50171e+01  4.81340e+01             
       O -8.13333e+01 -2.05426e+01  2.73823e+01             
       H -8.16136e+01 -2.05260e+01  2.82925e+01             
       H -8.04785e+01 -2.01081e+01  2.72660e+01             
       O -7.47292e+01 -2.39729e+01  2.26602e+01             
       H -5.50350e+01 -1.07811e+01  3.89499e+01             
       H -7.48576e+01 -2.31975e+01  2.32403e+01             
       O -7.31311e+01 -1.72615e+01  4.92472e+01             
       H -7.38570e+01 -1.78311e+01  4.90289e+01             
       H -7.34213e+01 -1.65537e+01  4.98556e+01             
       O -6.88978e+01 -1.45109e+01  7.91462e+01             
       H -6.90105e+01 -1.46996e+01  7.81833e+01             
       H -6.96399e+01 -1.49133e+01  7.97199e+01             
192                                                         
# CELL(abcABC):   12.41850    12.41850    12.41850    90.00000    90.00000    90.00000  Step:      200000  Bead:       0 x_centroid{angstrom}  cell{angstrom}   
       O -9.57537e+01 -1.64847e+01  7.42725e+01             
       H -9.66709e+01 -1.66054e+01  7.41896e+01             
       H -9.53737e+01 -1.71639e+01  7.37053e+01             
       O -9.53265e+01 -1.43472e+01  6.60307e+01             
       H -7.88946e+01 -2.23467e+01  6.64834e+01             
       H -9.49604e+01 -1.37023e+01  6.54183e+01             
       O -9.48863e+01 -2.57672e+01  6.29798e+01             
       H -9.48457e+01 -1.24383e+01  6.25487e+01             
       H -9.40200e+01 -2.61264e+01  6.26674e+01             
       O -7.69245e+01 -2.89407e+01  5.93014e+01             
       H -7.62313e+01 -2.86028e+01  5.98718e+01             
       H -7.67689e+01 -2.98912e+01  5.91438e+01             
       O -7.83573e+01 -2.29626e+01  5.76652e+01             
       H -7.93720e+01 -2.30110e+01  5.76442e+01             
       H -7.79927e+01 -2.38065e+01  5.80080e+01             
       O -7.91517e+01 -2.55992e+01  7.98014e+01             
       H -7.87941e+01 -2.61183e+01  7.90669e+01             
       H -8.00357e+01 -2.59031e+01  8.00606e+01             
       O -9.96679e+01 -2.77202e+01  4.79404e+01             
       H -9.91294e+01 -2.81895e+01  4.86055e+01             
       H -8.65781e+01 -9.69529e-01  6.23836e+01             
       O -7.33566e+01 -1.93847e+01  8.39697e+01             
       H -7.29237e+01 -2.00951e+01  8.45199e+01             
       H -7.41458e+01 -3.22736e+01  8.36361e+01             
       O -9.40701e+01 -1.17559e+01  4.71189e+01             
       H -9.31273e+01 -1.19952e+01  4.73995e+01             
       H -9.46364e+01 -1.25225e+01  4.73908e+01             
       O -8.58954e+01 -2.84465e+01  6.55665e+01             
       H -8.67151e+01 -2.80893e+01  6.59460e+01             
       H -8.53475e+01 -2.82950e+01  6.63491e+01             
       O -8.75120e+01 -9.06664e+00  7.10113e+01             
       H -8.75109e+01 -9.60574e+00  7.02140e+01             
       H -8.85015e+01 -8.95199e+00  7.12089e+01             
       O -8.42506e+01 -1.64239e+01  5.58453e+01             
       H -8.41718e+01 -1.72009e+01  5.64785e+01             
       H -7.56760e+01 -1.97128e+01  5.30342e+01             
       O -7.91102e+01 -3.70319e+01  6.03653e+01             
       H -7.88413e+01 -3.60468e+01  6.03306e+01             
       H -7.84428e+01 -3.18111e+01  7.05846e+01             
       O -9.00056e+01 -2.58224e+01  5.82203e+01             
       H -8.90586e+01 -2.59071e+01  5.81002e+01             
       H -9.03677e+01 -2.67209e+01  5.82465e+01             
       O -6.94707e+01 -2.86136e+01  7.08393e+01             
       H -6.99075e+01 -2.94629e+01  7.07131e+01             
       H -6.92419e+01 -2.81400e+01  6.99649e+01             
       O -8.82702e+01 -1.93204e+01  6.84723e+01             
       H -8.88105e+01 -1.85587e+01  6.80945e+01             
       H -8.73452e+01 -1.90977e+01  6.83001e+01             
       O -9.18641e+01 -1.93910e+01  5.49013e+01             
       H -9.26217e+01 -3.24353e+01  5.47644e+01             
       H -9.22582e+01 -1.86437e+01  5.44509e+01             
       O -8.96410e+01 -2.91951e+01  5.54091e+01             
       H -8.89417e+01 -2.85416e+01  5.55745e+01             
       H -9.02439e+01 -2.90640e+01  5.61116e+01             
       O -9.22515e+01 -1.42125e+01  6.23931e+01             
       H -9.23272e+01 -1.50357e+01  6.18464e+01             
       H -9.18386e+01 -1.35423e+01  6.18885e+01             
       O -8.15636e+01  4.62403e+00  5.84905e+01             
       H -7.21394e+01 -3.14121e+01  5.79261e+01             
       H -8.07721e+01  5.22473e+00  5.84358e+01             
       O -8.20288e+01 -2.28877e+01  7.43285e+01             
       H -8.16733e+01 -3.23758e+01  6.47434e+01             
       H -9.43643e+01 -2.31885e+01  7.33956e+01             
       O -8.25263e+01 -3.52257e+01  6.67831e+01             
       H -8.20456e+01 -3.56935e+01  6.75009e+01             
       H -8.19024e+01 -3.46451e+01  6.63051e+01             
       O -8.72342e+01 -2.72555e+01  6.78924e+01             
       H -8.78560e+01 -2.64608e+01  6.77677e+01             
       H -8.69652e+01 -2.72862e+01  6.88475e+01             
       O -7.73426e+01 -4.62720e+01  6.32760e+01             
       H -7.82302e+01 -4.67116e+01  6.31216e+01             
       H -7.67072e+01 -4.68730e+01  7.60619e+01             
       O -9.26701e+01 -1.69269e+01  6.63391e+01             
       H -9.19833e+01 -1.63123e+01  6.60376e+01             
       H -9.34485e+01 -1.69202e+01  6.56678e+01             
       O -8.44753e+01 -2.16258e+01  6.06762e+01             
       H -8.42262e+01 -2.20998e+01  5.98439e+01             
       H -8.51378e+01 -2.22487e+01  6.10388e+01             
       O -8.13300e+01 -2.77867e+01  8.06032e+01             
       H -8.16993e+01 -2.68937e+01  8.04294e+01             
       H -8.09561e+01 -2.82783e+01  7.98271e+01             
       O -9.93571e+01 -2.28560e+01  5.33668e+01             
       H -9.86325e+01 -2.32221e+01  5.27576e+01             
       H -1.00145e+02 -2.32224e+01  5.28956e+01             
       O -7.93169e+01 -9.30400e+00  7.27769e+01             
       H -7.99222e+01 -9.20785e+00  7.19847e+01             
       H -7.96792e+01 -8.79997e+00  7.35141e+01             
       O -7.59815e+01 -2.01848e+01  6.10642e+01             
       H -7.64594e+01 -2.02339e+01  6.19202e+01             
       H -7.56455e+01 -2.10746e+01  4.86397e+01             
       O -7.87817e+01 -1.49518e+01  4.01343e+01             
       H -7.92531e+01 -1.47537e+01  3.93436e+01             
       H -9.06761e+01 -1.57681e+01  3.99613e+01             
       O -6.85735e+01 -2.25965e+01  4.49564e+01             
       H -6.90450e+01 -2.29966e+01  4.56796e+01             
       H -6.87595e+01 -2.16129e+01  4.50612e+01             
       O -8.93014e+01 -3.15617e+01  4.64103e+01             
       H -8.87762e+01 -3.15578e+01  4.56282e+01             
       H -8.89662e+01 -3.20484e+01  5.95989e+01             
       O -7.41151e+01 -1.82207e+01  5.15638e+01             
       H -8.47043e+01 -1.22592e+01  5.20485e+01             
       H -7.36107e+01 -1.75925e+01  5.21761e+01             
       O -8.98641e+01 -3.18426e+01  6.51066e+01             
       H -8.98510e+01 -3.26317e+01  6.44334e+01             
       H -9.04996e+01 -3.19393e+01  6.58135e+01             
       O -7.65365e+01 -2.49311e+01  5.52950e+01             
       H -7.66062e+01 -2.39424e+01  5.51375e+01             
       H -7.73905e+01 -2.52407e+01  5.56280e+01             
       O -7.65605e+01 -3.66056e+01  6.38658e+01             
       H -7.62846e+01 -3.73216e+01  6.33492e+01             
       H -7.70694e+01 -3.69558e+01  6.45787e+01             
       O -8.42172e+01 -9.26918e+00  6.85156e+01             
       H -8.43175e+01 -8.32319e+00  6.82481e+01             
       H -8.35780e+01 -9.56187e+00  6.78797e+01             
       O -6.96990e+01 -2.23050e-01  8.12056e+01             
       H -7.06473e+01 -4.19552e-01  8.11457e+01             
       H -6.96332e+01  3.65209e-01  8.19714e+01             
       O -7.92761e+01 -3.15468e+01  7.01808e+01             
       H -9.91465e+01 -2.78114e+01  4.71043e+01             
       H -7.91878e+01 -3.17208e+01  6.92069e+01             
       O -7.96915e+01 -2.27021e+01  6.61864e+01             
       H -7.42165e+01 -1.90107e+01  5.21238e+01             
       H -7.97936e+01 -2.35861e+01  6.65890e+01             
       O -7.47335e+01 -1.99992e+01  5.32051e+01             
       H -8.19071e+01 -7.70915e+00  5.94591e+01             
       H -7.47087e+01 -2.10543e+01  5.32898e+01             
       O -8.47923e+01 -3.15662e+01  6.66215e+01             
       H -9.81404e+01 -3.18388e+01  7.88123e+01             
       H -8.37390e+01 -1.39965e+01  6.63130e+01             
       O -9.92558e+01 -2.48394e+01  7.05494e+01             
       H -9.91417e+01 -2.43891e+01  6.96848e+01             
       H -9.86577e+01 -2.55530e+01  7.05009e+01             
       O -8.37695e+01 -4.35609e+01  5.74492e+01             
       H -8.29503e+01 -4.40432e+01  5.77434e+01             
       H -8.28241e+01 -2.23499e+01  7.42533e+01             
       O -8.45287e+01 -1.12889e+01  5.20713e+01             
       H -8.38266e+01 -1.11572e+01  5.27927e+01             
       H -9.67046e+01 -2.27719e+01  3.26746e+01             
       O -9.50232e+01 -2.90924e+01  5.24289e+01             
       H -9.51715e+01 -2.91680e+01  5.14721e+01             
       H -9.50723e+01 -2.81013e+01  5.26110e+01             
       O -8.94008e+01 -2.95224e+01  5.13059e+01             
       H -8.95165e+01 -3.02466e+01  5.19465e+01             
       H -8.84378e+01 -2.93864e+01  5.11998e+01             
       O -6.70627e+01 -2.74793e+01  5.96685e+01             
       H -6.78730e+01 -1.55222e+01  5.93760e+01             
       H -6.64300e+01 -2.82318e+01  5.97140e+01             
       O -7.71123e+01 -9.78870e+00  6.76518e+01             
       H -6.43769e+01 -8.86258e+00  6.76252e+01             
       H -7.74501e+01 -9.97313e+00  6.85687e+01             
       O -8.74913e+01 -6.75544e-01  6.20570e+01             
       H -7.86470e+01 -3.76768e+01  5.97736e+01             
       H -8.33851e+01 -3.87919e+00  5.55108e+01             
       O -8.50139e+01 -2.54974e+01  5.48114e+01             
       H -8.51370e+01 -2.45661e+01  5.44865e+01             
       H -8.58582e+01 -2.58530e+01  5.51113e+01             
       O -8.53529e+01 -1.49860e+01  5.78271e+01             
       H -8.49534e+01 -2.79060e+01  5.70269e+01             
       H -8.46755e+01 -1.47369e+01  5.84551e+01             
       O -9.29411e+01 -1.92179e+01  6.27607e+01             
       H -9.24762e+01 -1.83692e+01  6.25588e+01             
       H -9.23409e+01 -1.97536e+01  6.32250e+01             
       O -8.49257e+01 -2.61457e+01  6.37741e+01             
       H -8.52403e+01 -2.69071e+01  6.42232e+01             
       H -8.40154e+01 -2.62028e+01  6.34205e+01             
       O -9.44030e+01 -3.27616e+01  5.31310e+01             
       H -9.52308e+01 -3.23636e+01  6.58303e+01             
       H -9.70238e+01 -4.31554e+01  5.37272e+01             
       O -7.47369e+01 -2.27429e+01  7.34191e+01             
       H -7.49360e+01 -2.36503e+01  7.36749e+01             
       H -7.47422e+01 -2.27020e+01  7.24027e+01             
       O -8.34532e+01 -2.64613e+01  6.00376e+01             
       H -8.34625e+01 -2.65159e+01  6.09742e+01             
       H -8.28641e+01 -2.72259e+01  5.97549e+01             
       O -1.03763e+02 -1.71021e+01  6.19008e+01             
       H -1.02874e+02 -1.72398e+01  6.24297e+01             
       H -1.03718e+02 -1.74744e+01  6.09815e+01             
       O -7.44964e+01 -3.51893e+01  5.61226e+01             
       H -7.47635e+01 -3.52333e+01  5.51677e+01             
       H -7.35373e+01 -3.50636e+01  5.60199e+01             
       O -9.23352e+01 -2.16731e+01  3.89042e+01             
       H -9.23188e+01 -2.22323e+01  3.97150e+01             
       H -9.30211e+01 -2.20742e+01  3.83037e+01             
       O -8.41055e+01 -2.33186e+01  3.34925e+01             
       H -7.51654e+01 -1.38066e+01  4.89373e+01             
       H -8.48835e+01 -2.38369e+01  3.37303e+01             
       O -8.61018e+01 -1.74141e+01  6.12740e+01             
       H -8.64781e+01 -1.77922e+01  6.20679e+01             
       H -8.61837e+01 -1.80713e+01  6.05073e+01             
       O -8.25197e+01 -1.95094e+01  8.57165e+01             
       H -8.19547e+01 -1.95005e+01  8.65632e+01             
       H -8.32592e+01 -2.00499e+01  8.60585e+01             
