192                                                         
# CELL(abcABC):   12.41850    12.41850    12.41850    90.00000    90.00000    90.00000  Step:           0  Bead:       0 x_centroid{angstrom}  cell{angstrom}   
       O -8.03697e+01 -1.14372e+01  6.70975e+01             
       H -8.05065e+01 -1.23732e+01  6.68012e+01             
       H -7.95507e+01 -1.13839e+01  6.76655e+01             
       O -7.74748e+01 -1.28897e+01  6.12060e+01             
       H -6.72090e+01 -2.00773e+01  6.11170e+01             
       H -7.71492e+01 -1.24635e+01  6.03761e+01             
       O -7.81065e+01 -2.34341e+01  5.60193e+01             
       H -7.74100e+01 -1.12791e+01  5.54668e+01             
       H -7.77358e+01 -2.35994e+01  5.69414e+01             
       O -6.29927e+01 -2.13760e+01  5.48412e+01             
       H -6.27774e+01 -2.17498e+01  5.57177e+01             
       H -6.38515e+01 -2.09304e+01  5.47460e+01             
       O -6.15935e+01 -2.24735e+01  5.27982e+01             
       H -6.21407e+01 -2.28555e+01  5.20884e+01             
       H -6.21835e+01 -2.21129e+01  5.34816e+01             
       O -6.39638e+01 -1.78933e+01  6.60585e+01             
       H -6.41599e+01 -1.69409e+01  6.61046e+01             
       H -6.41916e+01 -1.83618e+01  6.68643e+01             
       O -7.77861e+01 -2.43791e+01  3.97606e+01             
       H -7.84804e+01 -2.37685e+01  3.99960e+01             
       H -6.78344e+01  2.11380e+00  5.32199e+01             
       O -5.80331e+01 -1.63454e+01  7.26869e+01             
       H -5.73600e+01 -1.67454e+01  7.31811e+01             
       H -5.87352e+01 -2.86292e+01  7.33228e+01             
       O -7.81791e+01 -7.97630e+00  4.16282e+01             
       H -7.86488e+01 -7.62089e+00  4.23976e+01             
       H -7.88170e+01 -8.66185e+00  4.12804e+01             
       O -6.88309e+01 -2.26625e+01  5.79830e+01             
       H -6.94483e+01 -2.30250e+01  5.86675e+01             
       H -6.86891e+01 -2.34479e+01  5.74503e+01             
       O -7.19978e+01 -8.58244e+00  6.17760e+01             
       H -7.17741e+01 -8.82534e+00  6.27141e+01             
       H -7.29432e+01 -8.47586e+00  6.17629e+01             
       O -6.83255e+01 -1.05416e+01  4.96635e+01             
       H -6.87891e+01 -1.05403e+01  5.04845e+01             
       H -6.11355e+01 -1.43603e+01  4.91846e+01             
       O -6.41364e+01 -3.34941e+01  4.97663e+01             
       H -6.37082e+01 -3.32349e+01  4.89419e+01             
       H -6.31964e+01 -2.58416e+01  6.18701e+01             
       O -7.53571e+01 -2.05444e+01  4.74605e+01             
       H -7.56478e+01 -1.98614e+01  4.68720e+01             
       H -7.49651e+01 -2.11113e+01  4.67547e+01             
       O -5.57485e+01 -2.74530e+01  6.28628e+01             
       H -5.59744e+01 -2.68274e+01  6.21405e+01             
       H -5.48319e+01 -2.77970e+01  6.28028e+01             
       O -7.15107e+01 -1.26379e+01  6.31120e+01             
       H -7.24693e+01 -1.27969e+01  6.31087e+01             
       H -7.10835e+01 -1.34352e+01  6.28386e+01             
       O -7.61050e+01 -1.74745e+01  4.64597e+01             
       H -7.63820e+01 -2.95582e+01  4.56156e+01             
       H -7.67819e+01 -1.73510e+01  4.70819e+01             
       O -7.27403e+01 -2.41318e+01  4.49135e+01             
       H -7.24160e+01 -2.45085e+01  4.57618e+01             
       H -7.19860e+01 -2.39756e+01  4.43612e+01             
       O -7.62261e+01 -1.28200e+01  5.46208e+01             
       H -7.60355e+01 -1.23941e+01  5.38144e+01             
       H -7.53529e+01 -1.30700e+01  5.50129e+01             
       O -6.71905e+01  8.44106e+00  5.40195e+01             
       H -5.56827e+01 -2.48124e+01  4.85474e+01             
       H -6.67552e+01  7.88058e+00  5.33775e+01             
       O -7.17709e+01 -2.13882e+01  6.44861e+01             
       H -6.56879e+01 -2.84657e+01  6.10287e+01             
       H -8.50857e+01 -2.16552e+01  6.48346e+01             
       O -6.76678e+01 -3.00048e+01  5.76110e+01             
       H -6.68612e+01 -2.95764e+01  5.72204e+01             
       H -6.83545e+01 -2.93749e+01  5.74784e+01             
       O -6.98117e+01 -1.58180e+01  5.77625e+01             
       H -7.01447e+01 -1.58763e+01  5.87002e+01             
       H -7.06093e+01 -1.55474e+01  5.72709e+01             
       O -6.07379e+01 -4.30628e+01  5.35940e+01             
       H -5.99895e+01 -4.36457e+01  5.36650e+01             
       H -6.14432e+01 -4.35580e+01  6.55652e+01             
       O -7.44797e+01 -9.28634e+00  5.74461e+01             
       H -7.38772e+01 -8.56005e+00  5.72409e+01             
       H -7.40081e+01 -1.00886e+01  5.74527e+01             
       O -6.77118e+01 -2.04650e+01  5.62971e+01             
       H -6.77942e+01 -1.96179e+01  5.68110e+01             
       H -6.71031e+01 -2.10838e+01  5.67351e+01             
       O -6.86698e+01 -2.01414e+01  7.64935e+01             
       H -6.92090e+01 -2.02869e+01  7.57560e+01             
       H -6.92755e+01 -1.96593e+01  7.71196e+01             
       O -8.54948e+01 -1.67602e+01  4.65391e+01             
       H -8.53053e+01 -1.61125e+01  4.58938e+01             
       H -8.64174e+01 -1.70246e+01  4.63827e+01             
       O -6.28612e+01 -6.90401e+00  6.39575e+01             
       H -6.35063e+01 -6.48531e+00  6.45148e+01             
       H -6.33047e+01 -7.59853e+00  6.34359e+01             
       O -6.80047e+01 -1.38931e+01  5.32415e+01             
       H -6.83062e+01 -1.39226e+01  5.23069e+01             
       H -6.77513e+01 -1.48144e+01  4.09512e+01             
       O -6.12989e+01 -1.35464e+01  3.05609e+01             
       H -6.09849e+01 -1.32645e+01  2.96768e+01             
       H -7.34239e+01 -1.27432e+01  3.10757e+01             
       O -5.57416e+01 -1.86885e+01  3.54249e+01             
       H -5.66388e+01 -1.91379e+01  3.54032e+01             
       H -5.54939e+01 -1.84725e+01  3.45075e+01             
       O -7.23570e+01 -2.43465e+01  4.11887e+01             
       H -7.17122e+01 -2.45575e+01  4.05028e+01             
       H -7.29824e+01 -2.37082e+01  5.33012e+01             
       O -5.82483e+01 -1.55139e+01  3.92287e+01             
       H -6.73281e+01 -1.00264e+01  4.63304e+01             
       H -5.86254e+01 -1.62173e+01  3.87483e+01             
       O -6.81387e+01 -2.60129e+01  5.77901e+01             
       H -6.87027e+01 -2.67260e+01  5.74217e+01             
       H -6.84198e+01 -2.61363e+01  5.87602e+01             
       O -6.02076e+01 -1.97905e+01  4.47754e+01             
       H -5.98274e+01 -1.94525e+01  4.55750e+01             
       H -5.94389e+01 -2.00977e+01  4.42564e+01             
       O -6.09806e+01 -2.81583e+01  5.26218e+01             
       H -6.05301e+01 -2.89623e+01  5.30013e+01             
       H -6.02613e+01 -2.76052e+01  5.23660e+01             
       O -6.61115e+01 -6.31375e+00  6.42060e+01             
       H -6.69973e+01 -6.71093e+00  6.41686e+01             
       H -6.57433e+01 -6.67618e+00  6.50215e+01             
       O -5.87046e+01  5.67215e+00  7.20723e+01             
       H -5.92218e+01  5.29436e+00  7.28448e+01             
       H -5.88621e+01  6.65161e+00  7.21210e+01             
       O -6.25390e+01 -2.60817e+01  6.25563e+01             
       H -7.81058e+01 -2.51762e+01  4.01791e+01             
       H -6.28733e+01 -2.65684e+01  6.33107e+01             
       O -6.66229e+01 -2.08200e+01  6.13438e+01             
       H -5.73089e+01 -1.55184e+01  3.89759e+01             
       H -6.64389e+01 -2.12096e+01  6.04719e+01             
       O -6.03465e+01 -1.47674e+01  4.87083e+01             
       H -6.80943e+01 -4.30410e+00  5.40183e+01             
       H -6.07341e+01 -1.54612e+01  4.82130e+01             
       O -6.55540e+01 -2.67769e+01  5.81017e+01             
       H -7.89112e+01 -2.66251e+01  7.03325e+01             
       H -6.53150e+01 -1.21438e+01  6.17606e+01             
       O -9.04199e+01 -1.63051e+01  6.31334e+01             
       H -9.06015e+01 -1.72210e+01  6.34114e+01             
       H -8.98624e+01 -1.58330e+01  6.37639e+01             
       O -6.80554e+01 -3.81492e+01  4.83584e+01             
       H -6.70913e+01 -3.82945e+01  4.83391e+01             
       H -7.16012e+01 -2.05282e+01  6.47984e+01             
       O -6.64726e+01 -9.66044e+00  4.66488e+01             
       H -6.58485e+01 -1.03663e+01  4.67639e+01             
       H -8.61512e+01 -2.42810e+01  2.29561e+01             
       O -7.71470e+01 -2.44256e+01  4.63635e+01             
       H -7.62208e+01 -2.45054e+01  4.62560e+01             
       H -7.74046e+01 -2.52957e+01  4.59523e+01             
       O -7.05956e+01 -2.34516e+01  4.29410e+01             
       H -7.08904e+01 -2.37858e+01  4.21037e+01             
       H -6.96257e+01 -2.34539e+01  4.28644e+01             
       O -5.12360e+01 -2.76630e+01  5.27074e+01             
       H -5.03075e+01 -1.55164e+01  5.27578e+01             
       H -5.13938e+01 -2.69906e+01  5.33805e+01             
       O -6.16321e+01 -5.26502e+00  5.61973e+01             
       H -4.95473e+01 -5.20412e+00  5.53256e+01             
       H -6.11422e+01 -6.08831e+00  5.63784e+01             
       O -6.71331e+01  2.67689e+00  5.27622e+01             
       H -6.50855e+01 -3.33749e+01  4.96871e+01             
       H -6.77265e+01  2.62029e+00  4.96584e+01             
       O -7.20395e+01 -1.75738e+01  4.99864e+01             
       H -7.18456e+01 -1.85326e+01  4.98483e+01             
       H -7.30697e+01 -1.73562e+01  4.98325e+01             
       O -7.02522e+01 -1.02378e+01  4.79101e+01             
       H -7.10220e+01 -2.21256e+01  4.81341e+01             
       H -6.96421e+01 -1.01830e+01  4.86825e+01             
       O -7.77684e+01 -1.65280e+01  5.61452e+01             
       H -7.77984e+01 -1.56113e+01  5.66025e+01             
       H -7.83377e+01 -1.64322e+01  5.53737e+01             
       O -7.05373e+01 -2.07329e+01  5.57866e+01             
       H -7.05902e+01 -2.16772e+01  5.56218e+01             
       H -6.96153e+01 -2.07449e+01  5.61757e+01             
       O -7.84349e+01 -2.85766e+01  4.77301e+01             
       H -7.90586e+01 -2.92736e+01  6.02335e+01             
       H -7.79770e+01 -3.97432e+01  4.65001e+01             
       O -6.32168e+01 -2.33243e+01  6.33454e+01             
       H -6.40680e+01 -2.35272e+01  6.37379e+01             
       H -6.33576e+01 -2.24483e+01  6.29992e+01             
       O -6.98693e+01 -2.33921e+01  5.20969e+01             
       H -7.03922e+01 -2.26221e+01  5.22817e+01             
       H -7.04635e+01 -2.39816e+01  5.15448e+01             
       O -8.43332e+01 -1.57790e+01  5.59337e+01             
       H -8.48798e+01 -1.49801e+01  5.58406e+01             
       H -8.49589e+01 -1.65290e+01  5.60775e+01             
       O -5.94231e+01 -2.49689e+01  4.73044e+01             
       H -5.87093e+01 -2.44351e+01  4.76727e+01             
       H -5.94490e+01 -2.58530e+01  4.75955e+01             
       O -8.31125e+01 -1.92866e+01  2.87502e+01             
       H -8.28691e+01 -1.83458e+01  2.89718e+01             
       H -8.30895e+01 -1.98612e+01  2.95236e+01             
       O -7.45724e+01 -2.39311e+01  2.28422e+01             
       H -5.52786e+01 -9.11115e+00  3.98345e+01             
       H -7.49512e+01 -2.40581e+01  2.37115e+01             
       O -7.47134e+01 -1.69706e+01  4.99547e+01             
       H -7.49885e+01 -1.78772e+01  5.01095e+01             
       H -7.44066e+01 -1.66906e+01  5.08189e+01             
       O -7.01359e+01 -1.66845e+01  7.88586e+01             
       H -7.03741e+01 -1.61498e+01  7.80733e+01             
       H -7.06654e+01 -1.62530e+01  7.94858e+01             
192                                                         
# CELL(abcABC):   12.41850    12.41850    12.41850    90.00000    90.00000    90.00000  Step:      200000  Bead:       0 x_centroid{angstrom}  cell{angstrom}   
       O -8.96750e+01 -1.44386e+01  7.25739e+01             
       H -9.00422e+01 -1.51612e+01  7.20414e+01             
       H -8.99662e+01 -1.36546e+01  7.20927e+01             
       O -9.65626e+01 -1.51465e+01  6.52034e+01             
       H -7.98417e+01 -2.46169e+01  7.05859e+01             
       H -9.70331e+01 -1.58456e+01  6.56978e+01             
       O -9.27922e+01 -2.94384e+01  6.29922e+01             
       H -9.36927e+01 -1.66057e+01  6.27925e+01             
       H -9.28279e+01 -3.01635e+01  6.23523e+01             
       O -7.68394e+01 -2.52585e+01  6.32742e+01             
       H -7.78201e+01 -2.53814e+01  6.33377e+01             
       H -7.67380e+01 -2.47841e+01  6.24119e+01             
       O -7.94172e+01 -2.57945e+01  6.37576e+01             
       H -7.98851e+01 -2.51861e+01  6.42649e+01             
       H -7.90670e+01 -2.66112e+01  6.41957e+01             
       O -7.61508e+01 -1.73546e+01  8.17408e+01             
       H -7.57530e+01 -1.81693e+01  8.14495e+01             
       H -7.56676e+01 -1.66599e+01  8.12303e+01             
       O -8.97562e+01 -2.40812e+01  5.49836e+01             
       H -8.89854e+01 -2.38465e+01  5.54616e+01             
       H -7.95593e+01 -1.17520e+00  6.19066e+01             
       O -7.57991e+01 -2.08626e+01  7.73936e+01             
       H -7.66519e+01 -2.03991e+01  7.72246e+01             
       H -7.58642e+01 -3.42226e+01  7.77211e+01             
       O -9.51616e+01 -1.37167e+01  4.91545e+01             
       H -9.42416e+01 -1.34105e+01  4.90193e+01             
       H -9.53769e+01 -1.30858e+01  4.98561e+01             
       O -8.45136e+01 -2.00645e+01  6.90873e+01             
       H -8.44987e+01 -2.05016e+01  6.81867e+01             
       H -8.36931e+01 -1.99911e+01  6.95903e+01             
       O -8.98063e+01 -1.70246e+01  6.51673e+01             
       H -8.90283e+01 -1.66708e+01  6.56143e+01             
       H -8.97490e+01 -1.65122e+01  6.42542e+01             
       O -7.79460e+01 -1.39717e+01  5.63836e+01             
       H -7.70829e+01 -1.43881e+01  5.67208e+01             
       H -7.37262e+01 -2.07725e+01  5.79819e+01             
       O -7.84042e+01 -3.27647e+01  5.63534e+01             
       H -7.74537e+01 -3.26505e+01  5.60580e+01             
       H -7.32346e+01 -3.27693e+01  7.41997e+01             
       O -8.73649e+01 -2.88245e+01  5.95847e+01             
       H -8.81424e+01 -2.93271e+01  5.98752e+01             
       H -8.70975e+01 -2.93366e+01  5.88159e+01             
       O -7.00243e+01 -3.25062e+01  6.51695e+01             
       H -6.91533e+01 -3.28999e+01  6.50278e+01             
       H -6.97198e+01 -3.15952e+01  6.53465e+01             
       O -8.41871e+01 -2.23212e+01  7.29702e+01             
       H -8.44740e+01 -2.32002e+01  7.32290e+01             
       H -8.36226e+01 -2.19709e+01  7.37093e+01             
       O -9.39935e+01 -1.75847e+01  5.31598e+01             
       H -9.34098e+01 -2.97964e+01  5.24247e+01             
       H -9.34873e+01 -1.76767e+01  5.39773e+01             
       O -8.69007e+01 -2.92380e+01  5.07489e+01             
       H -8.74904e+01 -2.90120e+01  5.00321e+01             
       H -8.72602e+01 -2.99440e+01  5.12134e+01             
       O -8.90225e+01 -1.92254e+01  6.16849e+01             
       H -8.95604e+01 -1.86414e+01  6.10631e+01             
       H -8.87914e+01 -2.00991e+01  6.13264e+01             
       O -8.43017e+01 -1.46354e+00  5.93598e+01             
       H -6.93737e+01 -3.61330e+01  5.71571e+01             
       H -8.37807e+01 -1.22588e+00  6.01708e+01             
       O -8.88473e+01 -2.43679e+01  7.10825e+01             
       H -8.04669e+01 -2.33803e+01  6.57391e+01             
       H -1.01338e+02 -2.38786e+01  7.19500e+01             
       O -8.53240e+01 -3.63893e+01  6.59586e+01             
       H -8.46868e+01 -3.63954e+01  6.52349e+01             
       H -8.61615e+01 -3.62627e+01  6.55281e+01             
       O -8.22904e+01 -2.18199e+01  6.26981e+01             
       H -8.13560e+01 -2.18197e+01  6.28529e+01             
       H -8.26883e+01 -2.10692e+01  6.31833e+01             
       O -7.42802e+01 -5.13638e+01  6.45263e+01             
       H -7.41162e+01 -5.22232e+01  6.41545e+01             
       H -7.51506e+01 -5.11517e+01  7.66754e+01             
       O -9.18466e+01 -1.00020e+01  6.70327e+01             
       H -9.24352e+01 -1.02500e+01  6.77604e+01             
       H -9.10255e+01 -1.05029e+01  6.71388e+01             
       O -8.33052e+01 -2.44265e+01  6.38979e+01             
       H -8.33388e+01 -2.35136e+01  6.34775e+01             
       H -8.25599e+01 -2.42788e+01  6.44948e+01             
       O -8.32896e+01 -2.49080e+01  8.18960e+01             
       H -8.33658e+01 -2.55870e+01  8.26467e+01             
       H -8.29562e+01 -2.53719e+01  8.11362e+01             
       O -1.04165e+02 -1.56105e+01  5.47982e+01             
       H -1.03613e+02 -1.61174e+01  5.42262e+01             
       H -1.04739e+02 -1.61566e+01  5.52981e+01             
       O -7.69080e+01 -1.08772e+01  7.35273e+01             
       H -7.62057e+01 -1.02599e+01  7.38380e+01             
       H -7.77607e+01 -1.04941e+01  7.32853e+01             
       O -8.74029e+01 -2.18255e+01  6.23037e+01             
       H -8.76013e+01 -2.15419e+01  6.32292e+01             
       H -8.66733e+01 -2.25012e+01  4.99097e+01             
       O -7.46066e+01 -1.35196e+01  3.53529e+01             
       H -7.50997e+01 -1.42693e+01  3.56943e+01             
       H -8.75934e+01 -1.30031e+01  3.47637e+01             
       O -6.74192e+01 -2.26241e+01  3.60773e+01             
       H -6.75790e+01 -2.33748e+01  3.66849e+01             
       H -6.74149e+01 -2.17843e+01  3.65938e+01             
       O -8.37084e+01 -2.87103e+01  4.60063e+01             
       H -8.36272e+01 -2.93804e+01  4.66679e+01             
       H -8.38394e+01 -2.78528e+01  5.89249e+01             
       O -7.30785e+01 -2.44935e+01  4.96882e+01             
       H -7.99249e+01 -9.36868e+00  5.30067e+01             
       H -7.37269e+01 -2.48242e+01  4.89683e+01             
       O -8.24089e+01 -2.63048e+01  6.70165e+01             
       H -8.30388e+01 -2.67178e+01  6.62750e+01             
       H -8.16942e+01 -2.69094e+01  6.71315e+01             
       O -7.05724e+01 -2.88563e+01  5.01642e+01             
       H -7.08812e+01 -2.86673e+01  5.10908e+01             
       H -7.05851e+01 -2.79791e+01  4.97478e+01             
       O -7.58241e+01 -3.59755e+01  6.51412e+01             
       H -7.63483e+01 -3.63553e+01  6.43763e+01             
       H -7.62756e+01 -3.64561e+01  6.58670e+01             
       O -8.05613e+01 -5.66774e+00  6.81679e+01             
       H -8.10439e+01 -5.78311e+00  6.89984e+01             
       H -7.97879e+01 -6.20531e+00  6.83430e+01             
       O -7.22189e+01  3.57507e+00  7.90665e+01             
       H -7.23169e+01  2.57855e+00  7.90920e+01             
       H -7.13274e+01  3.84778e+00  7.88231e+01             
       O -7.24341e+01 -3.23360e+01  7.44512e+01             
       H -9.00949e+01 -2.49138e+01  5.54920e+01             
       H -7.25665e+01 -3.20605e+01  7.53992e+01             
       O -7.91673e+01 -2.51402e+01  7.10220e+01             
       H -7.27403e+01 -2.53325e+01  4.99601e+01             
       H -7.89096e+01 -2.58091e+01  7.02820e+01             
       O -7.40722e+01 -2.09425e+01  5.88570e+01             
       H -8.52802e+01 -1.39036e+01  5.94404e+01             
       H -7.34424e+01 -2.15059e+01  5.93514e+01             
       O -7.55238e+01 -2.85792e+01  6.67027e+01             
       H -8.81803e+01 -2.76568e+01  7.90786e+01             
       H -8.47768e+01 -1.44844e+01  6.49842e+01             
       O -1.03513e+02 -1.64956e+01  7.05749e+01             
       H -1.02831e+02 -1.65051e+01  6.98878e+01             
       H -1.04298e+02 -1.62131e+01  7.00935e+01             
       O -8.09949e+01 -4.80217e+01  5.72434e+01             
       H -8.12428e+01 -4.73663e+01  5.79473e+01             
       H -8.97394e+01 -2.43939e+01  7.06777e+01             
       O -8.00343e+01 -9.02157e+00  5.20693e+01             
       H -7.93532e+01 -8.28289e+00  5.20494e+01             
       H -1.00146e+02 -2.73310e+01  3.31922e+01             
       O -9.03199e+01 -2.84687e+01  5.01964e+01             
       H -9.02399e+01 -2.77576e+01  4.95086e+01             
       H -9.12679e+01 -2.88079e+01  5.01792e+01             
       O -8.31289e+01 -3.09004e+01  4.80352e+01             
       H -8.37728e+01 -3.14836e+01  4.85108e+01             
       H -8.32289e+01 -3.00794e+01  4.86040e+01             
       O -6.94961e+01 -3.41274e+01  5.93396e+01             
       H -7.03928e+01 -2.19041e+01  5.96396e+01             
       H -6.89313e+01 -3.43517e+01  6.01180e+01             
       O -7.56644e+01 -7.94779e+00  6.80361e+01             
       H -6.28356e+01 -8.82486e+00  6.82947e+01             
       H -7.54380e+01 -7.76259e+00  6.71239e+01             
       O -8.00695e+01 -7.83016e-01  6.11704e+01             
       H -7.86771e+01 -3.34683e+01  5.57334e+01             
       H -7.84900e+01 -2.16302e+00  5.58271e+01             
       O -8.21671e+01 -1.93141e+01  5.78904e+01             
       H -8.25599e+01 -1.89365e+01  5.87275e+01             
       H -8.16612e+01 -2.00882e+01  5.80896e+01             
       O -8.54193e+01 -1.70463e+01  5.40793e+01             
       H -8.55252e+01 -3.03255e+01  5.36588e+01             
       H -8.53717e+01 -1.72415e+01  5.50292e+01             
       O -9.24997e+01 -1.96924e+01  6.14078e+01             
       H -9.31243e+01 -1.95877e+01  6.06867e+01             
       H -9.16702e+01 -1.93188e+01  6.10342e+01             
       O -8.10252e+01 -2.77404e+01  5.76299e+01             
       H -8.05985e+01 -2.72210e+01  5.83698e+01             
       H -8.18326e+01 -2.80770e+01  5.80362e+01             
       O -9.33549e+01 -2.41035e+01  5.28535e+01             
       H -9.37157e+01 -2.46201e+01  6.60102e+01             
       H -8.69768e+01 -4.10223e+01  5.39939e+01             
       O -7.70291e+01 -2.10436e+01  7.14735e+01             
       H -7.74384e+01 -2.11227e+01  7.06011e+01             
       H -7.60518e+01 -2.09431e+01  7.13688e+01             
       O -8.59441e+01 -2.55510e+01  5.58617e+01             
       H -8.51491e+01 -2.55343e+01  5.63661e+01             
       H -8.57812e+01 -2.53309e+01  5.49144e+01             
       O -9.82892e+01 -1.94466e+01  6.51310e+01             
       H -9.92026e+01 -1.97457e+01  6.49822e+01             
       H -9.78293e+01 -2.02089e+01  6.55677e+01             
       O -6.55875e+01 -3.19176e+01  5.20587e+01             
       H -6.56289e+01 -3.16684e+01  5.11065e+01             
       H -6.51924e+01 -3.11186e+01  5.24854e+01             
       O -9.98821e+01 -2.30365e+01  3.17783e+01             
       H -1.00439e+02 -2.32193e+01  3.25665e+01             
       H -9.93609e+01 -2.38405e+01  3.15533e+01             
       O -8.78839e+01 -2.69236e+01  3.23392e+01             
       H -6.73487e+01 -1.30767e+01  4.78568e+01             
       H -8.70560e+01 -2.65197e+01  3.19900e+01             
       O -9.06508e+01 -1.82905e+01  5.98088e+01             
       H -9.09283e+01 -1.75813e+01  5.92082e+01             
       H -9.02967e+01 -1.90410e+01  5.92882e+01             
       O -8.55235e+01 -1.75833e+01  8.15986e+01             
       H -8.50752e+01 -1.84615e+01  8.15736e+01             
       H -8.48690e+01 -1.69762e+01  8.20922e+01             
