192                                                         
# CELL(abcABC):   12.41850    12.41850    12.41850    90.00000    90.00000    90.00000  Step:           0  Bead:       0 x_centroid{angstrom}  cell{angstrom}   
       O -7.98539e+01 -1.26523e+01  6.72439e+01             
       H -7.97032e+01 -1.32137e+01  6.64863e+01             
       H -7.90427e+01 -1.21152e+01  6.73920e+01             
       O -7.60440e+01 -1.35810e+01  6.17747e+01             
       H -6.67047e+01 -1.98634e+01  5.96758e+01             
       H -7.56391e+01 -1.30269e+01  6.10714e+01             
       O -7.75753e+01 -2.33331e+01  5.55458e+01             
       H -7.71369e+01 -1.11271e+01  5.47076e+01             
       H -7.70792e+01 -2.38856e+01  5.61820e+01             
       O -6.27787e+01 -2.12341e+01  5.37252e+01             
       H -6.26616e+01 -2.12774e+01  5.46834e+01             
       H -6.37079e+01 -2.11147e+01  5.35212e+01             
       O -6.15838e+01 -2.29492e+01  5.17740e+01             
       H -6.19100e+01 -2.24669e+01  5.09805e+01             
       H -6.19908e+01 -2.25179e+01  5.25352e+01             
       O -6.27416e+01 -1.69318e+01  6.73661e+01             
       H -6.25525e+01 -1.62710e+01  6.66887e+01             
       H -6.31470e+01 -1.63966e+01  6.80603e+01             
       O -7.71143e+01 -2.36020e+01  3.81410e+01             
       H -7.80263e+01 -2.35337e+01  3.80098e+01             
       H -6.73504e+01  1.43411e+00  5.33153e+01             
       O -5.59041e+01 -1.47063e+01  7.29301e+01             
       H -5.54703e+01 -1.39116e+01  7.31661e+01             
       H -5.68401e+01 -2.69379e+01  7.28573e+01             
       O -7.80889e+01 -8.21336e+00  4.11478e+01             
       H -7.84204e+01 -8.28313e+00  4.20876e+01             
       H -7.85996e+01 -8.92534e+00  4.07111e+01             
       O -6.85595e+01 -2.34748e+01  5.77665e+01             
       H -6.93766e+01 -2.30119e+01  5.80147e+01             
       H -6.86568e+01 -2.43917e+01  5.80388e+01             
       O -7.23780e+01 -8.06374e+00  6.09485e+01             
       H -7.23924e+01 -8.14874e+00  6.19124e+01             
       H -7.32585e+01 -8.07125e+00  6.06305e+01             
       O -6.82457e+01 -1.01344e+01  4.89034e+01             
       H -6.86528e+01 -9.99473e+00  4.97938e+01             
       H -5.99820e+01 -1.45634e+01  4.93921e+01             
       O -6.43600e+01 -3.13340e+01  4.83148e+01             
       H -6.36804e+01 -3.17094e+01  4.76437e+01             
       H -6.19601e+01 -2.70186e+01  6.27115e+01             
       O -7.47235e+01 -1.93795e+01  4.63535e+01             
       H -7.45050e+01 -1.85345e+01  4.60108e+01             
       H -7.47681e+01 -2.00690e+01  4.57243e+01             
       O -5.39886e+01 -2.67087e+01  6.29708e+01             
       H -5.39759e+01 -2.62427e+01  6.21168e+01             
       H -5.35956e+01 -2.76021e+01  6.29303e+01             
       O -7.04857e+01 -1.25072e+01  6.31121e+01             
       H -7.07441e+01 -1.26924e+01  6.22149e+01             
       H -6.97521e+01 -1.32320e+01  6.33221e+01             
       O -7.46829e+01 -1.66451e+01  4.62101e+01             
       H -7.52024e+01 -2.91266e+01  4.54275e+01             
       H -7.53711e+01 -1.65528e+01  4.68757e+01             
       O -7.20229e+01 -2.55913e+01  4.41867e+01             
       H -7.23221e+01 -2.52642e+01  4.50347e+01             
       H -7.13059e+01 -2.49943e+01  4.38577e+01             
       O -7.64810e+01 -1.15344e+01  5.31456e+01             
       H -7.55434e+01 -1.16323e+01  5.30566e+01             
       H -7.67546e+01 -1.24266e+01  5.32346e+01             
       O -6.60122e+01  8.65157e+00  5.40398e+01             
       H -5.48287e+01 -2.42687e+01  4.85984e+01             
       H -6.58730e+01  7.78005e+00  5.34734e+01             
       O -7.19213e+01 -2.08577e+01  6.36368e+01             
       H -6.41548e+01 -2.77091e+01  6.09156e+01             
       H -8.48246e+01 -2.16750e+01  6.37863e+01             
       O -6.67589e+01 -3.07460e+01  5.71798e+01             
       H -6.60540e+01 -3.00898e+01  5.70246e+01             
       H -6.76313e+01 -3.02891e+01  5.69922e+01             
       O -6.91405e+01 -1.70439e+01  5.71632e+01             
       H -6.95261e+01 -1.77255e+01  5.77018e+01             
       H -6.98168e+01 -1.66449e+01  5.66578e+01             
       O -6.07701e+01 -4.40628e+01  5.28062e+01             
       H -6.04724e+01 -4.33051e+01  5.32978e+01             
       H -6.15779e+01 -4.44482e+01  6.56116e+01             
       O -7.42482e+01 -9.04048e+00  5.63826e+01             
       H -7.33524e+01 -8.77481e+00  5.63957e+01             
       H -7.42926e+01 -9.76748e+00  5.70332e+01             
       O -6.68533e+01 -2.07003e+01  5.60494e+01             
       H -6.68304e+01 -1.98408e+01  5.64636e+01             
       H -6.62226e+01 -2.12442e+01  5.66012e+01             
       O -6.76661e+01 -1.87508e+01  7.50162e+01             
       H -6.71182e+01 -1.87170e+01  7.42050e+01             
       H -6.83582e+01 -1.81216e+01  7.48805e+01             
       O -8.44499e+01 -1.69687e+01  4.72154e+01             
       H -8.52981e+01 -1.69759e+01  4.68326e+01             
       H -8.45441e+01 -1.74219e+01  4.80506e+01             
       O -6.25344e+01 -6.93637e+00  6.27894e+01             
       H -6.24452e+01 -6.47950e+00  6.36083e+01             
       H -6.32859e+01 -6.62339e+00  6.22834e+01             
       O -6.54263e+01 -1.37834e+01  5.29231e+01             
       H -6.57888e+01 -1.37701e+01  5.20210e+01             
       H -6.56943e+01 -1.47135e+01  4.09119e+01             
       O -6.13221e+01 -1.29267e+01  2.92376e+01             
       H -6.04359e+01 -1.26777e+01  2.87729e+01             
       H -7.35785e+01 -1.29822e+01  3.02263e+01             
       O -5.49618e+01 -1.75634e+01  3.50252e+01             
       H -5.53713e+01 -1.67178e+01  3.52330e+01             
       H -5.47958e+01 -1.75974e+01  3.40889e+01             
       O -7.17544e+01 -2.41364e+01  4.04380e+01             
       H -7.14524e+01 -2.46114e+01  3.97046e+01             
       H -7.25066e+01 -2.36013e+01  5.25943e+01             
       O -5.65048e+01 -1.45144e+01  3.88545e+01             
       H -6.71482e+01 -1.03947e+01  4.60976e+01             
       H -5.70557e+01 -1.53386e+01  3.87264e+01             
       O -6.83323e+01 -2.63543e+01  5.74114e+01             
       H -6.81047e+01 -2.60865e+01  5.64963e+01             
       H -6.87891e+01 -2.71646e+01  5.73880e+01             
       O -5.94716e+01 -1.99499e+01  4.37734e+01             
       H -5.90577e+01 -1.97227e+01  4.46157e+01             
       H -5.87198e+01 -2.04188e+01  4.33892e+01             
       O -5.97127e+01 -2.80125e+01  5.27098e+01             
       H -5.97173e+01 -2.85033e+01  5.35212e+01             
       H -5.87852e+01 -2.80681e+01  5.24205e+01             
       O -6.58252e+01 -5.80182e+00  6.50079e+01             
       H -6.63045e+01 -5.94030e+00  6.41261e+01             
       H -6.57828e+01 -6.68798e+00  6.54871e+01             
       O -5.82930e+01  5.70320e+00  7.10918e+01             
       H -5.85169e+01  5.04526e+00  7.17297e+01             
       H -5.87610e+01  6.50984e+00  7.14021e+01             
       O -6.13145e+01 -2.76147e+01  6.29377e+01             
       H -7.68990e+01 -2.35423e+01  3.91025e+01             
       H -6.12360e+01 -2.76944e+01  6.39100e+01             
       O -6.65643e+01 -2.05786e+01  6.04038e+01             
       H -5.56391e+01 -1.46625e+01  3.84486e+01             
       H -6.63612e+01 -2.13535e+01  5.98084e+01             
       O -5.92527e+01 -1.45188e+01  4.87812e+01             
       H -6.69234e+01 -3.58574e+00  5.42171e+01             
       H -5.92248e+01 -1.52825e+01  4.82278e+01             
       O -6.56702e+01 -2.66024e+01  5.85210e+01             
       H -7.90306e+01 -2.67857e+01  7.06609e+01             
       H -6.39535e+01 -1.29588e+01  6.24402e+01             
       O -8.94459e+01 -1.63229e+01  6.32827e+01             
       H -8.93532e+01 -1.70496e+01  6.38890e+01             
       H -8.86565e+01 -1.57840e+01  6.34341e+01             
       O -6.66260e+01 -3.73838e+01  4.84555e+01             
       H -6.62973e+01 -3.74599e+01  4.75831e+01             
       H -7.24008e+01 -2.02838e+01  6.42926e+01             
       O -6.62275e+01 -1.01384e+01  4.64201e+01             
       H -6.56675e+01 -1.06117e+01  4.58530e+01             
       H -8.63748e+01 -2.44053e+01  2.26579e+01             
       O -7.65971e+01 -2.42945e+01  4.58320e+01             
       H -7.60110e+01 -2.41787e+01  4.65869e+01             
       H -7.70449e+01 -2.51225e+01  4.60022e+01             
       O -6.99115e+01 -2.37043e+01  4.24439e+01             
       H -7.03591e+01 -2.37133e+01  4.15454e+01             
       H -6.91343e+01 -2.43148e+01  4.24787e+01             
       O -5.03811e+01 -2.74185e+01  5.29459e+01             
       H -4.99344e+01 -1.42151e+01  5.33159e+01             
       H -5.12677e+01 -2.72614e+01  5.29877e+01             
       O -6.03110e+01 -5.01621e+00  5.49919e+01             
       H -4.88082e+01 -5.04324e+00  5.51850e+01             
       H -5.98962e+01 -5.89182e+00  5.52782e+01             
       O -6.71886e+01  2.27216e+00  5.28486e+01             
       H -6.49396e+01 -3.21192e+01  4.84027e+01             
       H -6.77628e+01  3.10837e+00  4.87616e+01             
       O -7.01291e+01 -1.72079e+01  5.12959e+01             
       H -6.99481e+01 -1.77686e+01  5.20567e+01             
       H -7.09550e+01 -1.75022e+01  5.09186e+01             
       O -7.08669e+01 -1.01366e+01  4.73785e+01             
       H -7.13613e+01 -2.17790e+01  4.76686e+01             
       H -7.01095e+01 -1.02835e+01  4.79915e+01             
       O -7.72732e+01 -1.62048e+01  5.64611e+01             
       H -7.75117e+01 -1.53907e+01  5.69696e+01             
       H -7.76803e+01 -1.61279e+01  5.55770e+01             
       O -6.94721e+01 -2.09900e+01  5.50632e+01             
       H -6.96594e+01 -2.19269e+01  5.47926e+01             
       H -6.87260e+01 -2.10434e+01  5.56605e+01             
       O -7.68390e+01 -2.83623e+01  4.77628e+01             
       H -7.73473e+01 -2.90779e+01  6.06345e+01             
       H -7.78492e+01 -3.96444e+01  4.67791e+01             
       O -6.27140e+01 -2.20797e+01  6.21560e+01             
       H -6.35835e+01 -2.25659e+01  6.22400e+01             
       H -6.28081e+01 -2.11035e+01  6.20488e+01             
       O -6.96422e+01 -2.22535e+01  5.14921e+01             
       H -7.02842e+01 -2.15794e+01  5.14393e+01             
       H -6.99982e+01 -2.30916e+01  5.11386e+01             
       O -8.34630e+01 -1.57430e+01  5.59830e+01             
       H -8.38008e+01 -1.48304e+01  5.61573e+01             
       H -8.42903e+01 -1.62205e+01  5.57139e+01             
       O -5.98635e+01 -2.49633e+01  4.69241e+01             
       H -5.92346e+01 -2.41978e+01  4.71744e+01             
       H -5.96439e+01 -2.56831e+01  4.76204e+01             
       O -8.26314e+01 -1.84398e+01  2.90415e+01             
       H -8.20165e+01 -1.77665e+01  2.93261e+01             
       H -8.21987e+01 -1.92951e+01  2.93632e+01             
       O -7.47702e+01 -2.40462e+01  2.30307e+01             
       H -5.56333e+01 -9.95152e+00  4.00185e+01             
       H -7.45443e+01 -2.32018e+01  2.34606e+01             
       O -7.26754e+01 -1.77754e+01  4.98560e+01             
       H -7.34371e+01 -1.83327e+01  4.98466e+01             
       H -7.29081e+01 -1.68713e+01  5.00502e+01             
       O -6.88368e+01 -1.55130e+01  7.92295e+01             
       H -6.88150e+01 -1.52445e+01  7.83255e+01             
       H -6.97753e+01 -1.54824e+01  7.95370e+01             
192                                                         
# CELL(abcABC):   12.41850    12.41850    12.41850    90.00000    90.00000    90.00000  Step:      200000  Bead:       0 x_centroid{angstrom}  cell{angstrom}   
       O -9.68911e+01 -1.37756e+01  7.21113e+01             
       H -9.76066e+01 -1.33028e+01  7.25836e+01             
       H -9.63742e+01 -1.43497e+01  7.27703e+01             
       O -9.20555e+01 -1.62497e+01  6.90695e+01             
       H -7.87470e+01 -2.72656e+01  6.99043e+01             
       H -9.17261e+01 -1.66333e+01  6.82018e+01             
       O -8.85763e+01 -2.92865e+01  6.72938e+01             
       H -8.95344e+01 -1.70636e+01  6.72602e+01             
       H -8.83110e+01 -2.96658e+01  6.81619e+01             
       O -7.97055e+01 -2.19075e+01  6.62325e+01             
       H -7.98552e+01 -2.24371e+01  6.54440e+01             
       H -8.05698e+01 -2.15409e+01  6.65348e+01             
       O -7.32521e+01 -3.32757e+01  5.96588e+01             
       H -7.35884e+01 -3.37048e+01  5.88936e+01             
       H -7.36612e+01 -3.24059e+01  5.96514e+01             
       O -7.89537e+01 -1.65403e+01  7.36017e+01             
       H -7.81791e+01 -1.66712e+01  7.40986e+01             
       H -7.96843e+01 -1.65729e+01  7.42508e+01             
       O -9.29635e+01 -2.51556e+01  4.94842e+01             
       H -9.34392e+01 -2.58498e+01  4.90538e+01             
       H -8.28208e+01  1.62764e+00  6.29869e+01             
       O -7.18518e+01 -1.86513e+01  7.53945e+01             
       H -7.26814e+01 -1.90641e+01  7.56409e+01             
       H -7.20494e+01 -3.00804e+01  7.52819e+01             
       O -9.17912e+01 -1.12472e+01  5.16980e+01             
       H -9.22162e+01 -1.18626e+01  5.10599e+01             
       H -9.08676e+01 -1.12587e+01  5.13923e+01             
       O -8.51976e+01 -2.80527e+01  6.39728e+01             
       H -8.47128e+01 -2.80281e+01  6.48212e+01             
       H -8.58752e+01 -2.87585e+01  6.42150e+01             
       O -8.84618e+01 -1.40444e+01  6.71530e+01             
       H -8.77375e+01 -1.40287e+01  6.64978e+01             
       H -8.86217e+01 -1.49805e+01  6.73782e+01             
       O -8.35314e+01 -1.26628e+01  5.47057e+01             
       H -8.41354e+01 -1.19891e+01  5.41829e+01             
       H -7.29972e+01 -1.96640e+01  5.28636e+01             
       O -7.89978e+01 -3.35483e+01  6.13724e+01             
       H -7.97675e+01 -3.40428e+01  6.18322e+01             
       H -7.26731e+01 -2.84180e+01  7.04263e+01             
       O -8.96343e+01 -2.19530e+01  5.51692e+01             
       H -9.05244e+01 -2.19880e+01  5.48003e+01             
       H -8.94646e+01 -2.28364e+01  5.55018e+01             
       O -7.13025e+01 -2.78414e+01  7.90320e+01             
       H -7.08752e+01 -2.80795e+01  7.98674e+01             
       H -7.12807e+01 -2.69091e+01  7.92419e+01             
       O -8.30033e+01 -2.19332e+01  7.02996e+01             
       H -8.39571e+01 -2.21264e+01  7.01313e+01             
       H -8.28941e+01 -2.09250e+01  7.02896e+01             
       O -8.93796e+01 -1.98974e+01  5.05255e+01             
       H -8.91383e+01 -3.15075e+01  5.00145e+01             
       H -9.02178e+01 -2.02468e+01  5.00766e+01             
       O -9.10956e+01 -3.04253e+01  4.64556e+01             
       H -9.16311e+01 -3.12718e+01  4.65410e+01             
       H -9.13382e+01 -2.99767e+01  4.72766e+01             
       O -9.16447e+01 -1.51847e+01  6.55202e+01             
       H -9.09954e+01 -1.46462e+01  6.50598e+01             
       H -9.21029e+01 -1.44804e+01  6.60035e+01             
       O -8.31177e+01  4.45024e+00  6.09087e+01             
       H -6.75951e+01 -2.71943e+01  6.00978e+01             
       H -8.37265e+01  3.96730e+00  6.02625e+01             
       O -8.68526e+01 -2.62738e+01  7.00697e+01             
       H -7.91198e+01 -2.90569e+01  6.60088e+01             
       H -9.98911e+01 -2.60700e+01  6.93541e+01             
       O -7.75334e+01 -3.69708e+01  6.83986e+01             
       H -7.83270e+01 -3.71262e+01  6.79304e+01             
       H -7.69170e+01 -3.74322e+01  6.78602e+01             
       O -8.57161e+01 -2.48497e+01  6.19859e+01             
       H -8.63046e+01 -2.52465e+01  6.26295e+01             
       H -8.63133e+01 -2.42162e+01  6.16137e+01             
       O -7.86702e+01 -4.85878e+01  6.04651e+01             
       H -7.86780e+01 -4.85570e+01  5.95099e+01             
       H -7.92772e+01 -4.93623e+01  7.31616e+01             
       O -8.51789e+01 -1.11770e+01  6.56395e+01             
       H -8.46327e+01 -1.10264e+01  6.48421e+01             
       H -8.58889e+01 -1.04327e+01  6.57976e+01             
       O -8.24852e+01 -2.85746e+01  6.91948e+01             
       H -8.15478e+01 -2.83172e+01  6.91492e+01             
       H -8.30176e+01 -2.78423e+01  6.95768e+01             
       O -8.58809e+01 -1.95688e+01  8.13081e+01             
       H -8.56548e+01 -1.89011e+01  8.19951e+01             
       H -8.54705e+01 -1.93476e+01  8.04523e+01             
       O -9.99475e+01 -2.19594e+01  5.33399e+01             
       H -1.00612e+02 -2.20160e+01  5.40817e+01             
       H -1.00542e+02 -2.22933e+01  5.26283e+01             
       O -8.42520e+01 -1.39640e+01  6.95612e+01             
       H -8.40181e+01 -1.33518e+01  6.87880e+01             
       H -8.39325e+01 -1.36093e+01  7.03819e+01             
       O -7.95860e+01 -1.25952e+01  6.65296e+01             
       H -8.04685e+01 -1.24616e+01  6.68065e+01             
       H -7.94771e+01 -1.20248e+01  5.33001e+01             
       O -8.03727e+01 -2.01994e+01  3.44612e+01             
       H -7.99563e+01 -2.08248e+01  3.38311e+01             
       H -9.24564e+01 -2.04470e+01  3.53235e+01             
       O -6.90021e+01 -1.96673e+01  4.23546e+01             
       H -6.92066e+01 -1.96388e+01  4.33195e+01             
       H -6.83815e+01 -1.89060e+01  4.21683e+01             
       O -8.20143e+01 -2.97858e+01  4.78109e+01             
       H -8.27853e+01 -2.94102e+01  4.82789e+01             
       H -8.21657e+01 -3.07552e+01  6.02475e+01             
       O -6.99174e+01 -2.00176e+01  3.94944e+01             
       H -8.31384e+01 -1.90250e+01  5.47425e+01             
       H -7.05939e+01 -1.94546e+01  3.91310e+01             
       O -8.14694e+01 -3.45455e+01  6.25647e+01             
       H -8.20512e+01 -3.40173e+01  6.18496e+01             
       H -8.17137e+01 -3.40274e+01  6.33188e+01             
       O -7.43485e+01 -2.58425e+01  5.20429e+01             
       H -7.38413e+01 -2.51239e+01  5.25106e+01             
       H -7.37165e+01 -2.64265e+01  5.16765e+01             
       O -7.60921e+01 -3.41201e+01  6.00726e+01             
       H -7.52027e+01 -3.39362e+01  6.04540e+01             
       H -7.63298e+01 -3.34174e+01  5.94807e+01             
       O -7.93541e+01 -9.82676e+00  7.03739e+01             
       H -7.99392e+01 -1.06068e+01  7.04171e+01             
       H -7.87382e+01 -9.88011e+00  6.96112e+01             
       O -7.28794e+01  1.95432e+00  8.20216e+01             
       H -7.34132e+01  2.44204e+00  8.13985e+01             
       H -7.34523e+01  1.52533e+00  8.26919e+01             
       O -7.33426e+01 -2.90408e+01  7.02254e+01             
       H -9.36172e+01 -2.44529e+01  4.92459e+01             
       H -7.39911e+01 -2.85370e+01  6.97178e+01             
       O -7.83220e+01 -2.65900e+01  7.04714e+01             
       H -6.99615e+01 -1.99107e+01  4.04183e+01             
       H -7.80001e+01 -2.59630e+01  6.98111e+01             
       O -7.37993e+01 -1.98427e+01  5.23130e+01             
       H -8.37199e+01 -7.56003e+00  6.15054e+01             
       H -7.43321e+01 -2.05846e+01  5.27919e+01             
       O -8.35958e+01 -2.78338e+01  6.17435e+01             
       H -9.68325e+01 -2.79235e+01  7.47013e+01             
       H -7.95372e+01 -1.69798e+01  6.97362e+01             
       O -1.07084e+02 -1.93019e+01  6.98268e+01             
       H -1.07406e+02 -1.83638e+01  6.98704e+01             
       H -1.06432e+02 -1.93615e+01  7.05305e+01             
       O -8.09284e+01 -3.94670e+01  6.00394e+01             
       H -8.13225e+01 -4.03566e+01  6.00833e+01             
       H -8.59080e+01 -2.61612e+01  6.98109e+01             
       O -8.40578e+01 -1.87494e+01  5.44615e+01             
       H -8.39200e+01 -1.78931e+01  5.41724e+01             
       H -1.00333e+02 -2.75719e+01  3.46188e+01             
       O -8.85361e+01 -3.01563e+01  5.74854e+01             
       H -8.85609e+01 -3.11519e+01  5.73895e+01             
       H -8.93571e+01 -2.99966e+01  5.80678e+01             
       O -8.83848e+01 -2.96583e+01  4.96744e+01             
       H -8.84315e+01 -2.87120e+01  4.94258e+01             
       H -8.78613e+01 -2.96532e+01  5.05365e+01             
       O -6.35923e+01 -3.27490e+01  5.73298e+01             
       H -6.39908e+01 -2.07822e+01  5.65805e+01             
       H -6.26583e+01 -3.26429e+01  5.70147e+01             
       O -7.62700e+01 -1.24395e+01  6.14547e+01             
       H -6.38775e+01 -1.33501e+01  6.10840e+01             
       H -7.70609e+01 -1.19525e+01  6.11263e+01             
       O -8.35870e+01  1.11803e+00  6.33953e+01             
       H -7.84759e+01 -3.42490e+01  6.09208e+01             
       H -8.28910e+01  3.53285e-01  5.51478e+01             
       O -8.69010e+01 -2.40241e+01  5.92891e+01             
       H -8.70604e+01 -2.48504e+01  5.87854e+01             
       H -8.77655e+01 -2.35507e+01  5.94784e+01             
       O -8.16508e+01 -1.10857e+01  5.59828e+01             
       H -8.13836e+01 -2.41970e+01  5.67081e+01             
       H -8.20755e+01 -1.03294e+01  5.64198e+01             
       O -9.47061e+01 -1.39696e+01  6.40268e+01             
       H -9.47337e+01 -1.42524e+01  6.49253e+01             
       H -9.51497e+01 -1.31320e+01  6.39027e+01             
       O -8.11944e+01 -1.66185e+01  6.35004e+01             
       H -8.08923e+01 -1.57485e+01  6.39258e+01             
       H -8.13746e+01 -1.72482e+01  6.41901e+01             
       O -9.16042e+01 -2.98935e+01  5.41928e+01             
       H -9.10774e+01 -3.05627e+01  6.61226e+01             
       H -9.54563e+01 -3.97884e+01  4.99668e+01             
       O -7.73038e+01 -2.58315e+01  7.65340e+01             
       H -7.63696e+01 -2.58233e+01  7.68621e+01             
       H -7.71132e+01 -2.55797e+01  7.55684e+01             
       O -8.65652e+01 -3.07775e+01  5.98798e+01             
       H -8.65906e+01 -3.03184e+01  5.90514e+01             
       H -8.72525e+01 -3.02882e+01  6.04005e+01             
       O -1.01418e+02 -2.26791e+01  6.33349e+01             
       H -1.01481e+02 -2.17770e+01  6.29627e+01             
       H -1.00717e+02 -2.31567e+01  6.28743e+01             
       O -7.79131e+01 -3.20324e+01  5.30381e+01             
       H -7.86182e+01 -3.26968e+01  5.32174e+01             
       H -7.76053e+01 -3.20649e+01  5.20690e+01             
       O -9.49742e+01 -2.36354e+01  3.53749e+01             
       H -9.50179e+01 -2.29542e+01  3.46444e+01             
       H -9.56312e+01 -2.43449e+01  3.53126e+01             
       O -8.86439e+01 -2.77033e+01  3.52219e+01             
       H -7.17367e+01 -1.15896e+01  5.02930e+01             
       H -8.94127e+01 -2.75911e+01  3.46012e+01             
       O -9.33463e+01 -2.50216e+01  5.80781e+01             
       H -9.24641e+01 -2.53971e+01  5.79402e+01             
       H -9.37208e+01 -2.56424e+01  5.87314e+01             
       O -8.71595e+01 -1.74295e+01  8.95211e+01             
       H -8.76760e+01 -1.71975e+01  9.02937e+01             
       H -8.68862e+01 -1.83359e+01  8.95217e+01             
