192                                                         
# CELL(abcABC):   12.41850    12.41850    12.41850    90.00000    90.00000    90.00000  Step:           0  Bead:       0 x_centroid{angstrom}  cell{angstrom}   
       O -7.66545e+01 -1.33312e+01  6.43191e+01             
       H -7.74192e+01 -1.37562e+01  6.39060e+01             
       H -7.59355e+01 -1.33871e+01  6.36548e+01             
       O -7.19151e+01 -1.13626e+01  6.09379e+01             
       H -6.48714e+01 -1.85946e+01  5.66163e+01             
       H -7.24109e+01 -1.13826e+01  6.17274e+01             
       O -7.10252e+01 -2.30367e+01  5.30860e+01             
       H -7.06442e+01 -9.90070e+00  5.25722e+01             
       H -7.08738e+01 -2.27495e+01  5.40078e+01             
       O -5.67257e+01 -2.00436e+01  5.48755e+01             
       H -5.72511e+01 -2.07692e+01  5.53334e+01             
       H -5.58099e+01 -2.03746e+01  5.48224e+01             
       O -5.68145e+01 -2.06431e+01  5.20282e+01             
       H -5.76131e+01 -2.03843e+01  5.15887e+01             
       H -5.69275e+01 -2.03217e+01  5.29335e+01             
       O -5.93669e+01 -1.97817e+01  6.37308e+01             
       H -5.99495e+01 -2.02385e+01  6.30989e+01             
       H -5.99067e+01 -1.97993e+01  6.45306e+01             
       O -7.07691e+01 -2.18731e+01  4.39654e+01             
       H -7.11005e+01 -2.10537e+01  4.44433e+01             
       H -6.02144e+01  1.56002e+00  5.24688e+01             
       O -5.30151e+01 -1.31067e+01  6.87048e+01             
       H -5.35241e+01 -1.25110e+01  6.81356e+01             
       H -5.31081e+01 -2.50725e+01  6.95906e+01             
       O -7.49464e+01 -6.88258e+00  4.05885e+01             
       H -7.46561e+01 -6.51355e+00  4.13766e+01             
       H -7.50304e+01 -7.82762e+00  4.08773e+01             
       O -6.62238e+01 -2.42505e+01  5.37061e+01             
       H -6.67741e+01 -2.35573e+01  5.32883e+01             
       H -6.54457e+01 -2.44395e+01  5.31753e+01             
       O -7.12764e+01 -6.85647e+00  6.04580e+01             
       H -7.21226e+01 -6.41827e+00  6.07858e+01             
       H -7.05345e+01 -6.34388e+00  6.09138e+01             
       O -6.61553e+01 -1.05673e+01  4.94612e+01             
       H -6.67965e+01 -1.07602e+01  5.01608e+01             
       H -5.60840e+01 -1.24337e+01  4.84104e+01             
       O -6.23623e+01 -2.90025e+01  4.60285e+01             
       H -6.15194e+01 -2.85481e+01  4.60238e+01             
       H -6.03206e+01 -2.66559e+01  6.17143e+01             
       O -7.17018e+01 -1.95738e+01  4.51275e+01             
       H -7.12693e+01 -1.88834e+01  4.46284e+01             
       H -7.14882e+01 -1.95020e+01  4.60609e+01             
       O -5.08838e+01 -2.29246e+01  6.16749e+01             
       H -5.18332e+01 -2.31701e+01  6.16753e+01             
       H -5.07527e+01 -2.24976e+01  6.07914e+01             
       O -6.94397e+01 -1.29350e+01  6.21908e+01             
       H -7.03521e+01 -1.29937e+01  6.20383e+01             
       H -6.92154e+01 -1.36759e+01  6.28087e+01             
       O -7.16184e+01 -1.27276e+01  4.56875e+01             
       H -7.14867e+01 -2.47841e+01  4.65834e+01             
       H -7.24647e+01 -1.24254e+01  4.53844e+01             
       O -6.84907e+01 -2.58968e+01  4.17947e+01             
       H -6.76042e+01 -2.55255e+01  4.15989e+01             
       H -6.83391e+01 -2.66824e+01  4.23270e+01             
       O -7.31417e+01 -1.33736e+01  5.35671e+01             
       H -7.22541e+01 -1.31707e+01  5.39405e+01             
       H -7.34741e+01 -1.27169e+01  5.29012e+01             
       O -6.64055e+01  7.53875e+00  4.68460e+01             
       H -4.92305e+01 -2.22166e+01  4.61907e+01             
       H -6.59078e+01  8.10409e+00  4.62924e+01             
       O -6.74127e+01 -1.93393e+01  6.24860e+01             
       H -6.49435e+01 -2.30508e+01  5.90618e+01             
       H -7.92165e+01 -1.88204e+01  6.30087e+01             
       O -6.26710e+01 -2.98962e+01  5.50534e+01             
       H -6.24610e+01 -2.96252e+01  5.59630e+01             
       H -6.33098e+01 -2.91683e+01  5.48387e+01             
       O -6.91154e+01 -1.64869e+01  5.86971e+01             
       H -6.89651e+01 -1.68008e+01  5.95931e+01             
       H -7.00079e+01 -1.60950e+01  5.87589e+01             
       O -6.24649e+01 -4.18644e+01  5.10575e+01             
       H -6.17896e+01 -4.12187e+01  5.12563e+01             
       H -6.21132e+01 -4.26202e+01  6.39332e+01             
       O -6.53712e+01 -6.24710e+00  5.25856e+01             
       H -6.55290e+01 -5.32980e+00  5.29326e+01             
       H -6.44153e+01 -6.50252e+00  5.26550e+01             
       O -6.16377e+01 -2.00521e+01  5.59256e+01             
       H -6.08976e+01 -1.99886e+01  5.65124e+01             
       H -6.16318e+01 -2.10613e+01  5.58591e+01             
       O -6.77774e+01 -1.98402e+01  7.02487e+01             
       H -6.82463e+01 -1.93906e+01  6.95007e+01             
       H -6.74016e+01 -1.90403e+01  7.06722e+01             
       O -8.46870e+01 -1.53036e+01  4.65192e+01             
       H -8.45953e+01 -1.44384e+01  4.60735e+01             
       H -8.44415e+01 -1.50622e+01  4.74161e+01             
       O -6.11006e+01 -5.06710e+00  6.10100e+01             
       H -6.08377e+01 -4.10396e+00  6.09379e+01             
       H -6.17401e+01 -5.11272e+00  6.17730e+01             
       O -6.25265e+01 -1.33599e+01  4.96747e+01             
       H -6.26572e+01 -1.23858e+01  4.97214e+01             
       H -6.30453e+01 -1.36384e+01  3.64613e+01             
       O -5.86344e+01 -1.26016e+01  3.03165e+01             
       H -5.76815e+01 -1.26507e+01  3.00798e+01             
       H -7.11210e+01 -1.24571e+01  3.12864e+01             
       O -5.27430e+01 -1.60736e+01  3.21900e+01             
       H -5.30011e+01 -1.51095e+01  3.22249e+01             
       H -5.18547e+01 -1.61708e+01  3.25593e+01             
       O -6.80481e+01 -2.29099e+01  3.89438e+01             
       H -6.86002e+01 -2.34862e+01  3.84682e+01             
       H -6.85722e+01 -2.21471e+01  5.14479e+01             
       O -5.41507e+01 -1.42727e+01  3.43676e+01             
       H -6.41087e+01 -9.29022e+00  4.44100e+01             
       H -5.47432e+01 -1.50321e+01  3.44816e+01             
       O -6.41059e+01 -2.74889e+01  5.41999e+01             
       H -6.36220e+01 -2.68951e+01  5.35943e+01             
       H -6.43407e+01 -2.68949e+01  5.49356e+01             
       O -5.39639e+01 -1.63661e+01  4.10960e+01             
       H -5.32145e+01 -1.57450e+01  4.12528e+01             
       H -5.45186e+01 -1.59669e+01  4.04458e+01             
       O -5.62166e+01 -2.74891e+01  5.17244e+01             
       H -5.64788e+01 -2.68528e+01  5.24092e+01             
       H -5.70048e+01 -2.81535e+01  5.17539e+01             
       O -6.29004e+01 -6.98514e+00  5.92245e+01             
       H -6.32472e+01 -7.07594e+00  5.83087e+01             
       H -6.22829e+01 -7.68810e+00  5.93291e+01             
       O -5.28515e+01  3.59458e+00  7.16137e+01             
       H -5.21459e+01  4.22576e+00  7.16671e+01             
       H -5.35054e+01  3.98577e+00  7.10929e+01             
       O -5.95472e+01 -2.71987e+01  6.17261e+01             
       H -7.02156e+01 -2.24050e+01  4.46011e+01             
       H -5.96338e+01 -2.77639e+01  6.24934e+01             
       O -6.45757e+01 -1.95088e+01  5.64173e+01             
       H -5.46638e+01 -1.35336e+01  3.47368e+01             
       H -6.36740e+01 -1.93146e+01  5.60993e+01             
       O -5.54863e+01 -1.21226e+01  4.76868e+01             
       H -6.58342e+01 -5.22952e+00  4.75250e+01             
       H -5.46649e+01 -1.17597e+01  4.81126e+01             
       O -6.21897e+01 -2.51408e+01  5.57631e+01             
       H -7.41786e+01 -2.53918e+01  6.73203e+01             
       H -5.88447e+01 -1.06356e+01  6.10908e+01             
       O -8.86619e+01 -1.41597e+01  5.98704e+01             
       H -8.96312e+01 -1.42005e+01  5.97567e+01             
       H -8.83139e+01 -1.49162e+01  5.93593e+01             
       O -6.20903e+01 -3.43420e+01  4.69945e+01             
       H -6.13924e+01 -3.43696e+01  4.77108e+01             
       H -6.77406e+01 -1.99584e+01  6.31424e+01             
       O -6.39123e+01 -1.01042e+01  4.39636e+01             
       H -6.43150e+01 -1.08074e+01  4.44486e+01             
       H -8.23412e+01 -2.17770e+01  2.30694e+01             
       O -7.32932e+01 -2.28818e+01  4.49106e+01             
       H -7.23727e+01 -2.28011e+01  4.45433e+01             
       H -7.37404e+01 -2.35950e+01  4.44305e+01             
       O -6.43694e+01 -2.13694e+01  3.93035e+01             
       H -6.50756e+01 -2.07824e+01  3.91513e+01             
       H -6.41414e+01 -2.16926e+01  3.84117e+01             
       O -4.78994e+01 -2.77469e+01  5.18076e+01             
       H -4.81185e+01 -1.45760e+01  5.23594e+01             
       H -4.74972e+01 -2.84428e+01  5.23306e+01             
       O -5.82437e+01 -5.70042e+00  5.56751e+01             
       H -4.52490e+01 -4.84119e+00  5.57881e+01             
       H -5.76531e+01 -6.37621e+00  5.52566e+01             
       O -6.11995e+01  1.44596e+00  5.21999e+01             
       H -6.21935e+01 -2.98211e+01  4.65020e+01             
       H -6.64177e+01  2.72093e+00  4.91169e+01             
       O -6.89830e+01 -1.73024e+01  4.91649e+01             
       H -6.83783e+01 -1.79402e+01  4.96095e+01             
       H -6.92863e+01 -1.66274e+01  4.97733e+01             
       O -6.64340e+01 -8.20934e+00  4.20574e+01             
       H -6.61331e+01 -1.99226e+01  4.14376e+01             
       H -6.59427e+01 -7.99465e+00  4.28870e+01             
       O -7.26487e+01 -1.75699e+01  5.39842e+01             
       H -7.22000e+01 -1.78095e+01  5.47904e+01             
       H -7.34229e+01 -1.70564e+01  5.43901e+01             
       O -6.29694e+01 -2.19910e+01  5.38348e+01             
       H -6.35839e+01 -2.20320e+01  5.30920e+01             
       H -6.34839e+01 -2.22343e+01  5.46393e+01             
       O -7.73522e+01 -2.39575e+01  4.62492e+01             
       H -7.65477e+01 -2.43739e+01  5.89830e+01             
       H -7.54268e+01 -3.71913e+01  4.30130e+01             
       O -6.10941e+01 -2.14485e+01  6.24139e+01             
       H -6.12035e+01 -2.20658e+01  6.31417e+01             
       H -6.19340e+01 -2.09204e+01  6.24427e+01             
       O -6.31269e+01 -1.96377e+01  4.96428e+01             
       H -6.32978e+01 -1.91503e+01  4.88093e+01             
       H -6.36499e+01 -1.91676e+01  5.02807e+01             
       O -8.08355e+01 -1.62111e+01  5.56596e+01             
       H -8.00859e+01 -1.63430e+01  5.50259e+01             
       H -8.04573e+01 -1.65200e+01  5.65301e+01             
       O -5.68360e+01 -2.28207e+01  4.59197e+01             
       H -5.60982e+01 -2.21750e+01  4.57998e+01             
       H -5.64390e+01 -2.35456e+01  4.64559e+01             
       O -7.72457e+01 -1.67331e+01  2.42525e+01             
       H -7.66786e+01 -1.68446e+01  2.49966e+01             
       H -7.68715e+01 -1.59567e+01  2.38779e+01             
       O -7.01206e+01 -2.16602e+01  2.39609e+01             
       H -4.93550e+01 -1.05305e+01  4.04517e+01             
       H -7.07383e+01 -2.08587e+01  2.39844e+01             
       O -7.03123e+01 -1.71481e+01  5.23265e+01             
       H -7.08102e+01 -1.71874e+01  5.31484e+01             
       H -7.06230e+01 -1.78411e+01  5.17358e+01             
       O -6.65075e+01 -1.40441e+01  7.47716e+01             
       H -6.67486e+01 -1.46173e+01  7.40263e+01             
       H -6.71209e+01 -1.43439e+01  7.54407e+01             
192                                                         
# CELL(abcABC):   12.41850    12.41850    12.41850    90.00000    90.00000    90.00000  Step:      200000  Bead:       0 x_centroid{angstrom}  cell{angstrom}   
       O -9.03678e+01 -1.90865e+01  7.40359e+01             
       H -9.03941e+01 -1.86811e+01  7.31219e+01             
       H -9.09096e+01 -1.84198e+01  7.45662e+01             
       O -8.52783e+01 -1.59294e+01  6.74043e+01             
       H -8.32617e+01 -2.14996e+01  6.44554e+01             
       H -8.46075e+01 -1.66095e+01  6.73801e+01             
       O -8.62044e+01 -2.61002e+01  5.88059e+01             
       H -8.59741e+01 -1.37955e+01  5.78137e+01             
       H -8.71351e+01 -2.58508e+01  5.88278e+01             
       O -6.99838e+01 -2.48861e+01  6.43400e+01             
       H -6.99674e+01 -2.42996e+01  6.50951e+01             
       H -7.04095e+01 -2.43934e+01  6.36597e+01             
       O -6.82067e+01 -2.07818e+01  6.00043e+01             
       H -6.76116e+01 -2.11951e+01  6.06877e+01             
       H -6.87389e+01 -2.14908e+01  5.95928e+01             
       O -7.35446e+01 -2.35122e+01  6.78085e+01             
       H -7.36019e+01 -2.35323e+01  6.68286e+01             
       H -7.43978e+01 -2.32819e+01  6.81805e+01             
       O -8.28102e+01 -2.92518e+01  4.98138e+01             
       H -8.27427e+01 -3.01113e+01  4.93816e+01             
       H -7.84332e+01  1.39068e+00  5.84728e+01             
       O -6.31081e+01 -1.68120e+01  8.00588e+01             
       H -6.21914e+01 -1.64347e+01  8.00399e+01             
       H -6.31449e+01 -2.96308e+01  7.91755e+01             
       O -8.87694e+01 -1.13207e+01  4.47486e+01             
       H -8.95479e+01 -1.07633e+01  4.45302e+01             
       H -8.89006e+01 -1.21384e+01  4.42840e+01             
       O -7.68350e+01 -2.61692e+01  5.93915e+01             
       H -7.67338e+01 -2.62750e+01  6.03823e+01             
       H -7.75249e+01 -2.68195e+01  5.90658e+01             
       O -8.90470e+01 -1.25005e+01  6.61692e+01             
       H -8.94432e+01 -1.17360e+01  6.57130e+01             
       H -8.86309e+01 -1.30037e+01  6.54396e+01             
       O -7.89488e+01 -1.52022e+01  5.17326e+01             
       H -7.89266e+01 -1.52167e+01  5.27477e+01             
       H -7.07481e+01 -1.14239e+01  5.80163e+01             
       O -7.85126e+01 -3.30397e+01  5.44104e+01             
       H -7.90536e+01 -3.35263e+01  5.50679e+01             
       H -7.49781e+01 -3.22201e+01  7.15145e+01             
       O -8.61532e+01 -1.97587e+01  5.49096e+01             
       H -8.67800e+01 -2.05079e+01  5.46679e+01             
       H -8.62358e+01 -1.91750e+01  5.41556e+01             
       O -6.09384e+01 -2.91793e+01  6.08378e+01             
       H -6.02422e+01 -2.97144e+01  6.05033e+01             
       H -6.04428e+01 -2.84725e+01  6.11353e+01             
       O -7.87768e+01 -1.56248e+01  7.12763e+01             
       H -7.81290e+01 -1.60031e+01  7.06683e+01             
       H -7.93520e+01 -1.49591e+01  7.08015e+01             
       O -8.04245e+01 -1.76892e+01  5.77025e+01             
       H -8.10032e+01 -3.05600e+01  5.83142e+01             
       H -7.98863e+01 -1.71168e+01  5.82865e+01             
       O -8.80924e+01 -3.38385e+01  5.43352e+01             
       H -8.89298e+01 -3.37081e+01  5.47693e+01             
       H -8.82729e+01 -3.40151e+01  5.34128e+01             
       O -8.68650e+01 -1.37069e+01  6.43774e+01             
       H -8.61103e+01 -1.44123e+01  6.42192e+01             
       H -8.64432e+01 -1.29420e+01  6.47358e+01             
       O -8.52512e+01  1.93591e+00  6.02592e+01             
       H -6.60633e+01 -2.18633e+01  5.30298e+01             
       H -8.49167e+01  1.02379e+00  6.05650e+01             
       O -8.32841e+01 -2.20105e+01  7.11876e+01             
       H -7.57235e+01 -2.62724e+01  6.30758e+01             
       H -9.65030e+01 -2.22621e+01  7.17530e+01             
       O -7.98904e+01 -3.06813e+01  6.67797e+01             
       H -8.05652e+01 -3.06320e+01  6.74164e+01             
       H -7.94931e+01 -2.97969e+01  6.67348e+01             
       O -8.29167e+01 -1.92772e+01  6.07529e+01             
       H -8.36887e+01 -1.97206e+01  6.10539e+01             
       H -8.23060e+01 -1.99825e+01  6.04793e+01             
       O -7.57589e+01 -4.78353e+01  5.96757e+01             
       H -7.57780e+01 -4.82306e+01  5.87694e+01             
       H -7.56489e+01 -4.68722e+01  7.20746e+01             
       O -7.28270e+01 -8.09532e+00  6.18265e+01             
       H -7.28430e+01 -8.90946e+00  6.13034e+01             
       H -7.25191e+01 -8.37274e+00  6.27754e+01             
       O -7.56497e+01 -2.18156e+01  6.40184e+01             
       H -7.62656e+01 -2.23420e+01  6.34434e+01             
       H -7.56908e+01 -2.09449e+01  6.35421e+01             
       O -7.95999e+01 -2.33983e+01  7.97700e+01             
       H -7.89408e+01 -2.32908e+01  7.89772e+01             
       H -7.93859e+01 -2.42113e+01  8.01530e+01             
       O -1.00434e+02 -1.96588e+01  5.03070e+01             
       H -1.01270e+02 -1.94233e+01  4.97537e+01             
       H -9.97284e+01 -1.97270e+01  4.96924e+01             
       O -7.82024e+01 -7.16603e+00  7.12208e+01             
       H -7.82127e+01 -6.54043e+00  7.04513e+01             
       H -7.90691e+01 -7.60356e+00  7.13413e+01             
       O -7.38474e+01 -1.90122e+01  5.74783e+01             
       H -7.41103e+01 -1.92992e+01  5.65927e+01             
       H -7.41543e+01 -1.81135e+01  4.50732e+01             
       O -6.74968e+01 -1.72300e+01  3.78225e+01             
       H -6.70983e+01 -1.66480e+01  3.84915e+01             
       H -8.06946e+01 -1.68057e+01  3.74644e+01             
       O -6.88312e+01 -1.87925e+01  3.94199e+01             
       H -6.82489e+01 -1.86279e+01  4.02184e+01             
       H -6.84128e+01 -1.82217e+01  3.87121e+01             
       O -8.50397e+01 -2.58085e+01  4.38783e+01             
       H -8.43073e+01 -2.54424e+01  4.44324e+01             
       H -8.55331e+01 -2.50342e+01  5.58439e+01             
       O -6.79495e+01 -1.34612e+01  3.28088e+01             
       H -8.11489e+01 -1.21512e+01  4.86409e+01             
       H -6.88124e+01 -1.30862e+01  3.28206e+01             
       O -7.48256e+01 -2.88778e+01  5.84485e+01             
       H -7.47619e+01 -2.79165e+01  5.82475e+01             
       H -7.47321e+01 -2.88987e+01  5.94013e+01             
       O -6.89516e+01 -2.16591e+01  5.14551e+01             
       H -6.81273e+01 -2.20079e+01  5.10492e+01             
       H -6.87987e+01 -2.07239e+01  5.14245e+01             
       O -6.68024e+01 -3.40418e+01  6.21436e+01             
       H -6.62887e+01 -3.32562e+01  6.23735e+01             
       H -6.61060e+01 -3.47323e+01  6.22140e+01             
       O -7.14242e+01 -5.55620e+00  7.06697e+01             
       H -7.23298e+01 -5.89001e+00  7.04394e+01             
       H -7.12005e+01 -6.01107e+00  7.14931e+01             
       O -6.97530e+01  1.63285e+00  7.40640e+01             
       H -6.94993e+01  2.33044e+00  7.47430e+01             
       H -7.02291e+01  2.04394e+00  7.33059e+01             
       O -7.54234e+01 -3.26622e+01  7.22137e+01             
       H -8.27124e+01 -2.86436e+01  4.89865e+01             
       H -7.63386e+01 -3.25591e+01  7.20242e+01             
       O -8.42193e+01 -2.13522e+01  6.43702e+01             
       H -6.73343e+01 -1.26683e+01  3.28916e+01             
       H -8.43696e+01 -2.06546e+01  6.50486e+01             
       O -7.04475e+01 -1.21903e+01  5.74827e+01             
       H -8.62252e+01 -1.06389e+01  6.01173e+01             
       H -7.03833e+01 -1.18158e+01  5.65562e+01             
       O -7.23838e+01 -2.81491e+01  6.41928e+01             
       H -8.43797e+01 -2.74287e+01  7.71131e+01             
       H -7.25430e+01 -1.51519e+01  6.78975e+01             
       O -1.05541e+02 -2.09875e+01  6.83737e+01             
       H -1.06358e+02 -2.14934e+01  6.81829e+01             
       H -1.05943e+02 -2.01251e+01  6.85860e+01             
       O -7.81629e+01 -3.51635e+01  5.27583e+01             
       H -7.87489e+01 -3.55866e+01  5.21091e+01             
       H -8.35668e+01 -2.16518e+01  7.03087e+01             
       O -8.04235e+01 -1.27844e+01  4.85962e+01             
       H -7.98252e+01 -1.25184e+01  4.78251e+01             
       H -9.45554e+01 -2.72711e+01  3.11449e+01             
       O -8.48226e+01 -2.54041e+01  4.87933e+01             
       H -8.53672e+01 -2.57361e+01  4.80437e+01             
       H -8.40258e+01 -2.59136e+01  4.87644e+01             
       O -8.38964e+01 -3.11643e+01  5.29609e+01             
       H -8.42202e+01 -3.02088e+01  5.28189e+01             
       H -8.30895e+01 -3.12414e+01  5.24194e+01             
       O -5.88401e+01 -3.36842e+01  5.61627e+01             
       H -5.92612e+01 -2.04269e+01  5.63362e+01             
       H -5.93761e+01 -3.40842e+01  5.55157e+01             
       O -7.72796e+01 -1.09849e+01  6.21620e+01             
       H -6.46564e+01 -1.19030e+01  6.25407e+01             
       H -7.69694e+01 -1.10580e+01  6.12207e+01             
       O -7.87056e+01  5.74614e-01  5.89285e+01             
       H -7.90085e+01 -3.21973e+01  5.42010e+01             
       H -7.90835e+01 -1.83920e+00  5.15467e+01             
       O -8.70704e+01 -1.79578e+01  5.23999e+01             
       H -8.73777e+01 -1.83015e+01  5.15470e+01             
       H -8.64273e+01 -1.72062e+01  5.22089e+01             
       O -8.24578e+01 -1.46044e+01  4.79218e+01             
       H -8.24663e+01 -2.71015e+01  4.69145e+01             
       H -8.17168e+01 -1.40360e+01  4.81739e+01             
       O -8.62106e+01 -2.34687e+01  6.50765e+01             
       H -8.54346e+01 -2.30354e+01  6.46639e+01             
       H -8.69494e+01 -2.29788e+01  6.46914e+01             
       O -7.02096e+01 -2.80591e+01  5.76774e+01             
       H -7.08755e+01 -2.86525e+01  5.80405e+01             
       H -6.93415e+01 -2.85511e+01  5.76350e+01             
       O -8.90213e+01 -2.63602e+01  5.02270e+01             
       H -8.95665e+01 -2.68383e+01  6.33282e+01             
       H -8.42561e+01 -4.08142e+01  5.10666e+01             
       O -7.69243e+01 -2.66223e+01  6.81134e+01             
       H -7.63945e+01 -2.73896e+01  6.79289e+01             
       H -7.67991e+01 -2.59389e+01  6.74210e+01             
       O -7.92392e+01 -2.79763e+01  5.47207e+01             
       H -8.00850e+01 -2.75915e+01  5.48041e+01             
       H -7.85739e+01 -2.73910e+01  5.52058e+01             
       O -9.47797e+01 -2.41657e+01  6.72365e+01             
       H -9.40095e+01 -2.35733e+01  6.72352e+01             
       H -9.43528e+01 -2.50510e+01  6.72516e+01             
       O -6.72241e+01 -2.48267e+01  5.14796e+01             
       H -6.81694e+01 -2.48449e+01  5.17221e+01             
       H -6.72624e+01 -2.49261e+01  5.05022e+01             
       O -9.06940e+01 -2.18554e+01  3.24702e+01             
       H -9.15610e+01 -2.17765e+01  3.20309e+01             
       H -9.05743e+01 -2.09552e+01  3.28773e+01             
       O -8.20998e+01 -2.70709e+01  3.01931e+01             
       H -6.54800e+01 -1.23504e+01  4.65228e+01             
       H -8.30333e+01 -2.72274e+01  2.99915e+01             
       O -8.24989e+01 -1.81471e+01  5.57940e+01             
       H -8.29861e+01 -1.79883e+01  5.65881e+01             
       H -8.30343e+01 -1.87154e+01  5.52107e+01             
       O -7.76082e+01 -1.73928e+01  8.16858e+01             
       H -7.67583e+01 -1.70979e+01  8.13139e+01             
       H -7.82438e+01 -1.72242e+01  8.09814e+01             
