192                                                         
# CELL(abcABC):   12.41850    12.41850    12.41850    90.00000    90.00000    90.00000  Step:           0  Bead:       0 x_centroid{angstrom}  cell{angstrom}   
       O -7.47664e+01 -9.90845e+00  6.41017e+01             
       H -7.47331e+01 -1.04156e+01  6.32667e+01             
       H -7.45389e+01 -1.05837e+01  6.47073e+01             
       O -6.56647e+01 -8.83368e+00  5.99985e+01             
       H -6.22563e+01 -1.93895e+01  5.11587e+01             
       H -6.50887e+01 -8.95905e+00  6.07773e+01             
       O -6.62659e+01 -2.38710e+01  4.98008e+01             
       H -6.60337e+01 -1.23790e+01  5.00551e+01             
       H -6.63303e+01 -2.40530e+01  4.88304e+01             
       O -5.60549e+01 -2.22618e+01  5.30012e+01             
       H -5.66382e+01 -2.15750e+01  5.34017e+01             
       H -5.56442e+01 -2.25565e+01  5.37964e+01             
       O -5.31883e+01 -2.06823e+01  5.16247e+01             
       H -5.37510e+01 -1.98501e+01  5.18454e+01             
       H -5.35134e+01 -2.13814e+01  5.21944e+01             
       O -5.71023e+01 -1.80435e+01  6.36090e+01             
       H -5.78017e+01 -1.73925e+01  6.39928e+01             
       H -5.73693e+01 -1.82658e+01  6.27702e+01             
       O -6.53916e+01 -2.11192e+01  4.44871e+01             
       H -6.57633e+01 -2.06907e+01  4.52524e+01             
       H -5.54272e+01  2.68206e+00  4.97364e+01             
       O -4.96962e+01 -1.38408e+01  6.72041e+01             
       H -5.00607e+01 -1.29955e+01  6.75517e+01             
       H -4.94430e+01 -2.67289e+01  6.79828e+01             
       O -7.03714e+01 -7.25090e+00  4.06594e+01             
       H -7.10686e+01 -7.73325e+00  4.01760e+01             
       H -6.99233e+01 -6.77175e+00  3.98677e+01             
       O -6.46371e+01 -2.27043e+01  5.35653e+01             
       H -6.41593e+01 -2.29553e+01  5.43576e+01             
       H -6.40222e+01 -2.24210e+01  5.28812e+01             
       O -7.07369e+01 -5.38180e+00  5.89831e+01             
       H -7.12853e+01 -5.55244e+00  5.97373e+01             
       H -7.05834e+01 -4.44321e+00  5.88326e+01             
       O -6.27499e+01 -9.01854e+00  4.55123e+01             
       H -6.28518e+01 -8.84237e+00  4.64590e+01             
       H -5.68732e+01 -1.23752e+01  4.57590e+01             
       O -5.97797e+01 -2.97581e+01  4.41948e+01             
       H -5.92339e+01 -2.99227e+01  4.49448e+01             
       H -6.01425e+01 -2.59229e+01  5.77749e+01             
       O -6.92477e+01 -1.96310e+01  4.49166e+01             
       H -6.93578e+01 -1.88427e+01  4.54365e+01             
       H -6.87690e+01 -1.93923e+01  4.40938e+01             
       O -4.99566e+01 -2.42113e+01  5.92444e+01             
       H -4.98468e+01 -2.35963e+01  5.85179e+01             
       H -4.91853e+01 -2.41048e+01  5.98102e+01             
       O -6.37097e+01 -1.09416e+01  6.17309e+01             
       H -6.46097e+01 -1.09348e+01  6.20635e+01             
       H -6.37593e+01 -1.15152e+01  6.09453e+01             
       O -6.79167e+01 -9.79420e+00  4.32962e+01             
       H -6.71366e+01 -2.17661e+01  4.36393e+01             
       H -6.87151e+01 -9.54367e+00  4.38041e+01             
       O -6.62389e+01 -2.47588e+01  4.09018e+01             
       H -6.57813e+01 -2.39741e+01  4.05302e+01             
       H -6.56774e+01 -2.55202e+01  4.06407e+01             
       O -7.02017e+01 -1.24420e+01  5.25034e+01             
       H -7.02816e+01 -1.29969e+01  5.33720e+01             
       H -6.95378e+01 -1.17320e+01  5.26622e+01             
       O -6.54661e+01  8.85276e+00  4.37835e+01             
       H -4.51485e+01 -2.09928e+01  4.56573e+01             
       H -6.52770e+01  9.74204e+00  4.40553e+01             
       O -6.25537e+01 -1.77105e+01  5.96918e+01             
       H -6.24425e+01 -1.90433e+01  5.50470e+01             
       H -7.46665e+01 -1.70131e+01  6.02455e+01             
       O -5.87419e+01 -2.81107e+01  5.45683e+01             
       H -5.91809e+01 -2.85058e+01  5.53818e+01             
       H -5.84480e+01 -2.72092e+01  5.48258e+01             
       O -6.98937e+01 -1.48557e+01  5.83005e+01             
       H -6.92364e+01 -1.47306e+01  5.90544e+01             
       H -6.94382e+01 -1.52002e+01  5.75291e+01             
       O -5.87281e+01 -4.11639e+01  5.19113e+01             
       H -5.88520e+01 -4.10342e+01  5.28923e+01             
       H -5.83534e+01 -4.03214e+01  6.40459e+01             
       O -6.45475e+01 -4.81881e+00  4.92723e+01             
       H -6.54673e+01 -4.67708e+00  4.90837e+01             
       H -6.40491e+01 -4.01444e+00  4.96406e+01             
       O -5.86578e+01 -2.11421e+01  5.54952e+01             
       H -5.84393e+01 -2.05225e+01  5.61926e+01             
       H -5.84201e+01 -2.06747e+01  5.46827e+01             
       O -6.52852e+01 -1.97487e+01  6.68365e+01             
       H -6.45483e+01 -1.91763e+01  6.66365e+01             
       H -6.50133e+01 -2.06124e+01  6.64504e+01             
       O -8.07676e+01 -1.45355e+01  4.81071e+01             
       H -8.01828e+01 -1.38034e+01  4.82089e+01             
       H -8.14002e+01 -1.44249e+01  4.88835e+01             
       O -6.02112e+01 -4.53371e+00  6.12587e+01             
       H -5.99251e+01 -4.17311e+00  6.20955e+01             
       H -6.03003e+01 -5.45394e+00  6.14778e+01             
       O -6.00905e+01 -1.16015e+01  4.80843e+01             
       H -5.95609e+01 -1.19489e+01  4.73762e+01             
       H -5.96794e+01 -1.07938e+01  3.60098e+01             
       O -5.50229e+01 -1.25323e+01  3.09674e+01             
       H -5.46306e+01 -1.25911e+01  3.00688e+01             
       H -6.75784e+01 -1.15674e+01  3.10964e+01             
       O -5.11803e+01 -1.57364e+01  2.86466e+01             
       H -5.07196e+01 -1.50229e+01  2.90669e+01             
       H -5.12157e+01 -1.65206e+01  2.92103e+01             
       O -6.26004e+01 -2.09701e+01  3.60946e+01             
       H -6.29427e+01 -2.18327e+01  3.63573e+01             
       H -6.29843e+01 -2.04050e+01  4.92506e+01             
       O -5.02449e+01 -1.43129e+01  3.49476e+01             
       H -6.26935e+01 -1.10437e+01  4.38185e+01             
       H -5.02285e+01 -1.33988e+01  3.46216e+01             
       O -6.09775e+01 -2.47406e+01  5.25196e+01             
       H -6.00816e+01 -2.44520e+01  5.27426e+01             
       H -6.12459e+01 -2.52205e+01  5.33016e+01             
       O -5.08150e+01 -1.52934e+01  3.85008e+01             
       H -5.07923e+01 -1.55160e+01  3.94215e+01             
       H -4.99969e+01 -1.49214e+01  3.81541e+01             
       O -5.35321e+01 -2.66548e+01  4.99672e+01             
       H -5.40951e+01 -2.71610e+01  5.05224e+01             
       H -5.26499e+01 -2.69782e+01  5.01940e+01             
       O -6.12332e+01 -7.28387e+00  5.64660e+01             
       H -6.17430e+01 -7.80513e+00  5.70938e+01             
       H -6.05174e+01 -7.79694e+00  5.60278e+01             
       O -5.17298e+01  6.82243e+00  6.97311e+01             
       H -5.08440e+01  7.04510e+00  6.99737e+01             
       H -5.20856e+01  7.63859e+00  6.92468e+01             
       O -5.93387e+01 -2.54404e+01  5.81582e+01             
       H -6.54001e+01 -2.04306e+01  4.37975e+01             
       H -5.86193e+01 -2.60631e+01  5.79271e+01             
       O -6.15384e+01 -1.91386e+01  5.17942e+01             
       H -4.95602e+01 -1.43289e+01  3.56576e+01             
       H -6.15113e+01 -1.81442e+01  5.18072e+01             
       O -5.63985e+01 -1.16790e+01  4.62014e+01             
       H -6.64461e+01 -3.63126e+00  4.38652e+01             
       H -5.68372e+01 -1.08640e+01  4.60145e+01             
       O -5.76122e+01 -2.57720e+01  5.50339e+01             
       H -6.90551e+01 -2.56597e+01  6.75177e+01             
       H -5.33682e+01 -7.94241e+00  5.99194e+01             
       O -8.61275e+01 -1.50029e+01  5.74234e+01             
       H -8.67093e+01 -1.50410e+01  5.82479e+01             
       H -8.57221e+01 -1.58818e+01  5.74396e+01             
       O -5.78171e+01 -3.42670e+01  4.60043e+01             
       H -5.80971e+01 -3.41283e+01  4.69331e+01             
       H -6.34771e+01 -1.77475e+01  5.99046e+01             
       O -6.31855e+01 -1.16138e+01  4.32457e+01             
       H -6.39667e+01 -1.19136e+01  4.37224e+01             
       H -7.78307e+01 -1.85777e+01  2.11444e+01             
       O -7.16168e+01 -2.37366e+01  4.35148e+01             
       H -7.19140e+01 -2.39182e+01  4.44076e+01             
       H -7.16937e+01 -2.28026e+01  4.33065e+01             
       O -5.85850e+01 -2.16467e+01  3.62673e+01             
       H -5.91800e+01 -2.09380e+01  3.65356e+01             
       H -5.79354e+01 -2.18371e+01  3.69310e+01             
       O -4.55183e+01 -2.64397e+01  5.00448e+01             
       H -4.61629e+01 -1.36485e+01  4.94491e+01             
       H -4.51945e+01 -2.58214e+01  5.06862e+01             
       O -5.54482e+01 -6.73483e+00  5.49386e+01             
       H -4.20972e+01 -6.86194e+00  5.46914e+01             
       H -5.59774e+01 -6.84652e+00  5.40878e+01             
       O -5.60904e+01  3.15372e+00  5.02968e+01             
       H -6.03919e+01 -3.05260e+01  4.41536e+01             
       H -6.36156e+01  3.49197e+00  4.51520e+01             
       O -6.72064e+01 -1.70105e+01  4.85292e+01             
       H -6.78075e+01 -1.76030e+01  4.90078e+01             
       H -6.77371e+01 -1.62164e+01  4.82927e+01             
       O -6.36852e+01 -7.02978e+00  3.80020e+01             
       H -6.41058e+01 -1.86606e+01  3.75376e+01             
       H -6.42724e+01 -7.52426e+00  3.85524e+01             
       O -6.86312e+01 -1.62877e+01  5.55054e+01             
       H -6.84009e+01 -1.72273e+01  5.54515e+01             
       H -6.94140e+01 -1.61873e+01  5.49671e+01             
       O -5.97386e+01 -2.13390e+01  5.15925e+01             
       H -5.95167e+01 -2.22561e+01  5.13700e+01             
       H -6.07330e+01 -2.14166e+01  5.16891e+01             
       O -7.52770e+01 -1.85339e+01  4.18977e+01             
       H -7.49036e+01 -1.89325e+01  5.35582e+01             
       H -7.04715e+01 -3.74197e+01  4.30299e+01             
       O -5.62620e+01 -1.93816e+01  6.14248e+01             
       H -5.61151e+01 -1.95220e+01  6.05026e+01             
       H -5.59495e+01 -2.02093e+01  6.18762e+01             
       O -6.02737e+01 -1.96303e+01  4.91820e+01             
       H -6.10033e+01 -2.01061e+01  4.87319e+01             
       H -6.04831e+01 -1.98331e+01  5.00900e+01             
       O -7.89284e+01 -1.59063e+01  5.32667e+01             
       H -7.80153e+01 -1.57522e+01  5.35482e+01             
       H -7.94686e+01 -1.59524e+01  5.40453e+01             
       O -5.38320e+01 -2.43398e+01  4.67170e+01             
       H -5.35718e+01 -2.33496e+01  4.68023e+01             
       H -5.48302e+01 -2.42534e+01  4.65459e+01             
       O -7.34847e+01 -1.35169e+01  2.51175e+01             
       H -7.32863e+01 -1.28128e+01  2.44456e+01             
       H -7.33901e+01 -1.30962e+01  2.60045e+01             
       O -6.61542e+01 -1.88241e+01  2.17176e+01             
       H -4.34622e+01 -9.59154e+00  3.88110e+01             
       H -6.64401e+01 -1.80502e+01  2.22384e+01             
       O -6.69385e+01 -1.83992e+01  5.16448e+01             
       H -6.67342e+01 -1.76753e+01  5.22381e+01             
       H -6.78796e+01 -1.83297e+01  5.14167e+01             
       O -6.50596e+01 -1.32497e+01  6.93632e+01             
       H -6.59476e+01 -1.30972e+01  6.89775e+01             
       H -6.53774e+01 -1.30535e+01  7.02599e+01             
192                                                         
# CELL(abcABC):   12.41850    12.41850    12.41850    90.00000    90.00000    90.00000  Step:      200000  Bead:       0 x_centroid{angstrom}  cell{angstrom}   
       O -8.87676e+01 -1.23944e+01  6.93048e+01             
       H -8.96399e+01 -1.26196e+01  6.89496e+01             
       H -8.87991e+01 -1.14518e+01  6.95878e+01             
       O -7.89563e+01 -1.72901e+01  6.92950e+01             
       H -7.00690e+01 -1.92578e+01  5.78609e+01             
       H -7.97262e+01 -1.73284e+01  6.85897e+01             
       O -8.16546e+01 -2.63272e+01  5.32887e+01             
       H -8.13110e+01 -1.35435e+01  5.40809e+01             
       H -8.17247e+01 -2.56237e+01  5.26327e+01             
       O -6.93370e+01 -2.22324e+01  5.90032e+01             
       H -6.93238e+01 -2.25906e+01  5.81047e+01             
       H -6.93443e+01 -2.12289e+01  5.89313e+01             
       O -6.21030e+01 -2.21034e+01  5.98105e+01             
       H -6.17901e+01 -2.27705e+01  6.04658e+01             
       H -6.29010e+01 -2.24814e+01  5.93081e+01             
       O -7.06640e+01 -2.53243e+01  7.21832e+01             
       H -7.00414e+01 -2.60162e+01  7.22925e+01             
       H -7.04373e+01 -2.48103e+01  7.29820e+01             
       O -8.10876e+01 -2.40475e+01  5.18265e+01             
       H -8.14955e+01 -2.41870e+01  5.09532e+01             
       H -7.37827e+01 -6.98066e-01  5.98038e+01             
       O -6.44777e+01 -1.70310e+01  7.65582e+01             
       H -6.41780e+01 -1.72799e+01  7.56548e+01             
       H -6.37897e+01 -2.99114e+01  7.71592e+01             
       O -8.48095e+01 -9.00767e+00  4.55391e+01             
       H -8.41354e+01 -8.52895e+00  4.59957e+01             
       H -8.54571e+01 -9.27994e+00  4.62022e+01             
       O -8.02926e+01 -2.60181e+01  5.61183e+01             
       H -7.95573e+01 -2.62172e+01  5.54829e+01             
       H -8.04751e+01 -2.67036e+01  5.68281e+01             
       O -8.50701e+01 -1.25128e+01  7.00216e+01             
       H -8.49908e+01 -1.34856e+01  6.99531e+01             
       H -8.43304e+01 -1.23125e+01  7.06726e+01             
       O -7.62317e+01 -1.39632e+01  5.13196e+01             
       H -7.66102e+01 -1.49077e+01  5.13998e+01             
       H -7.07282e+01 -1.74467e+01  5.21759e+01             
       O -6.91229e+01 -3.39172e+01  5.25608e+01             
       H -6.86772e+01 -3.37966e+01  5.34328e+01             
       H -6.91489e+01 -3.23159e+01  6.82725e+01             
       O -8.26673e+01 -2.79388e+01  5.87247e+01             
       H -8.32329e+01 -2.84935e+01  5.92999e+01             
       H -8.30509e+01 -2.79138e+01  5.78568e+01             
       O -5.85347e+01 -2.82946e+01  6.67858e+01             
       H -5.83852e+01 -2.75352e+01  6.61317e+01             
       H -5.87528e+01 -2.89866e+01  6.61206e+01             
       O -7.82187e+01 -1.43552e+01  6.68421e+01             
       H -7.85600e+01 -1.48164e+01  6.60758e+01             
       H -7.76637e+01 -1.50621e+01  6.72612e+01             
       O -8.58604e+01 -1.42897e+01  5.08353e+01             
       H -8.57545e+01 -2.63330e+01  4.99229e+01             
       H -8.68262e+01 -1.43163e+01  5.10199e+01             
       O -8.35280e+01 -2.80858e+01  5.11373e+01             
       H -8.27683e+01 -2.74608e+01  5.10187e+01             
       H -8.43555e+01 -2.76351e+01  5.12767e+01             
       O -8.40127e+01 -1.70762e+01  6.08857e+01             
       H -8.38460e+01 -1.79910e+01  6.10219e+01             
       H -8.40283e+01 -1.66241e+01  6.17532e+01             
       O -8.04562e+01  3.52150e+00  5.50436e+01             
       H -6.36659e+01 -2.53577e+01  4.99615e+01             
       H -7.95089e+01  3.77751e+00  5.50246e+01             
       O -7.47465e+01 -2.35149e+01  6.47726e+01             
       H -7.50192e+01 -2.00599e+01  6.51849e+01             
       H -8.77681e+01 -2.41338e+01  6.53116e+01             
       O -6.84076e+01 -3.22195e+01  6.28512e+01             
       H -6.75760e+01 -3.25924e+01  6.25933e+01             
       H -6.85929e+01 -3.27069e+01  6.36996e+01             
       O -8.39469e+01 -2.32685e+01  6.76954e+01             
       H -8.45541e+01 -2.35177e+01  6.83983e+01             
       H -8.41820e+01 -2.37589e+01  6.68916e+01             
       O -7.10436e+01 -4.44164e+01  6.15045e+01             
       H -7.02809e+01 -4.42951e+01  6.21181e+01             
       H -7.16867e+01 -4.50304e+01  7.43432e+01             
       O -7.96554e+01 -1.53675e+01  5.21014e+01             
       H -8.03908e+01 -1.50553e+01  5.27048e+01             
       H -7.96184e+01 -1.63633e+01  5.19947e+01             
       O -6.99999e+01 -2.32657e+01  6.14525e+01             
       H -7.07955e+01 -2.29060e+01  6.18394e+01             
       H -6.98960e+01 -2.28302e+01  6.05801e+01             
       O -7.83748e+01 -1.82773e+01  7.21230e+01             
       H -7.90414e+01 -1.76650e+01  7.18068e+01             
       H -7.88321e+01 -1.89530e+01  7.26727e+01             
       O -1.01466e+02 -1.61117e+01  5.60194e+01             
       H -1.01188e+02 -1.58299e+01  5.69111e+01             
       H -1.00809e+02 -1.68392e+01  5.58385e+01             
       O -7.79623e+01 -7.29775e+00  6.71431e+01             
       H -7.73121e+01 -8.04696e+00  6.68642e+01             
       H -7.82666e+01 -6.77879e+00  6.63897e+01             
       O -7.60429e+01 -1.59594e+01  5.87407e+01             
       H -7.65597e+01 -1.66479e+01  5.91143e+01             
       H -7.51189e+01 -1.61990e+01  4.65951e+01             
       O -6.86385e+01 -1.75283e+01  3.57588e+01             
       H -6.85153e+01 -1.76175e+01  3.66971e+01             
       H -8.18439e+01 -1.69833e+01  3.56393e+01             
       O -6.12692e+01 -2.01999e+01  3.09891e+01             
       H -6.09714e+01 -2.06094e+01  3.18241e+01             
       H -6.04922e+01 -2.02753e+01  3.04022e+01             
       O -7.68030e+01 -2.47826e+01  4.09128e+01             
       H -7.73663e+01 -2.52195e+01  4.15870e+01             
       H -7.74718e+01 -2.42622e+01  5.27867e+01             
       O -6.17891e+01 -1.73069e+01  4.33147e+01             
       H -7.61459e+01 -2.22018e+01  5.06607e+01             
       H -6.13791e+01 -1.71635e+01  4.24783e+01             
       O -7.32963e+01 -2.94962e+01  6.53709e+01             
       H -7.39131e+01 -3.03212e+01  6.51130e+01             
       H -7.36722e+01 -2.87252e+01  6.49798e+01             
       O -6.44813e+01 -1.97389e+01  4.49748e+01             
       H -6.46441e+01 -1.95232e+01  4.40159e+01             
       H -6.53455e+01 -1.94752e+01  4.53316e+01             
       O -6.85073e+01 -2.95183e+01  5.48082e+01             
       H -6.83886e+01 -2.99663e+01  5.39609e+01             
       H -6.92720e+01 -2.89310e+01  5.46293e+01             
       O -7.23003e+01 -9.11084e+00  6.30796e+01             
       H -7.29350e+01 -9.83565e+00  6.29761e+01             
       H -7.25155e+01 -8.64346e+00  6.39132e+01             
       O -6.67983e+01  6.61366e+00  7.70428e+01             
       H -6.59104e+01  7.02117e+00  7.67497e+01             
       H -6.72076e+01  6.07611e+00  7.63385e+01             
       O -6.99318e+01 -3.17844e+01  6.83284e+01             
       H -8.12283e+01 -2.30807e+01  5.20615e+01             
       H -6.95643e+01 -3.08841e+01  6.81380e+01             
       O -7.00553e+01 -1.96830e+01  5.87690e+01             
       H -6.14810e+01 -1.81872e+01  4.36154e+01             
       H -7.03326e+01 -1.90031e+01  5.94696e+01             
       O -7.05742e+01 -1.82262e+01  5.27129e+01             
       H -8.07636e+01 -9.72706e+00  5.55589e+01             
       H -7.14197e+01 -1.85815e+01  5.28013e+01             
       O -6.85659e+01 -2.65437e+01  6.25575e+01             
       H -8.03616e+01 -2.70411e+01  7.55911e+01             
       H -6.56828e+01 -1.69841e+01  6.89387e+01             
       O -9.63686e+01 -2.07692e+01  6.65095e+01             
       H -9.58469e+01 -2.00675e+01  6.69417e+01             
       H -9.62445e+01 -2.15577e+01  6.70610e+01             
       O -7.60750e+01 -3.69257e+01  4.94764e+01             
       H -7.61911e+01 -3.71556e+01  4.85418e+01             
       H -7.38719e+01 -2.38834e+01  6.49323e+01             
       O -7.60025e+01 -2.13046e+01  5.03158e+01             
       H -7.56630e+01 -2.15210e+01  4.94267e+01             
       H -9.78727e+01 -2.54154e+01  2.88442e+01             
       O -8.60276e+01 -2.35432e+01  4.96139e+01             
       H -8.56968e+01 -2.43373e+01  4.91381e+01             
       H -8.68754e+01 -2.38352e+01  4.99794e+01             
       O -7.44840e+01 -2.62373e+01  4.24661e+01             
       H -7.51852e+01 -2.55821e+01  4.27650e+01             
       H -7.40785e+01 -2.64312e+01  4.33069e+01             
       O -6.37019e+01 -2.99373e+01  6.16075e+01             
       H -6.44866e+01 -1.77242e+01  6.11100e+01             
       H -6.29650e+01 -3.03341e+01  6.11076e+01             
       O -6.24756e+01 -6.75398e+00  5.92234e+01             
       H -4.98489e+01 -7.71240e+00  5.91208e+01             
       H -6.31761e+01 -6.52610e+00  5.86043e+01             
       O -7.31463e+01 -8.17263e-01  6.05655e+01             
       H -7.00569e+01 -3.37769e+01  5.27597e+01             
       H -7.64440e+01 -9.62584e-01  5.21296e+01             
       O -8.58575e+01 -1.68445e+01  5.88582e+01             
       H -8.60242e+01 -1.78222e+01  5.87000e+01             
       H -8.53113e+01 -1.68502e+01  5.96819e+01             
       O -8.13849e+01 -1.09668e+01  4.40315e+01             
       H -8.23235e+01 -2.34584e+01  4.36595e+01             
       H -8.09424e+01 -1.18917e+01  4.40490e+01             
       O -7.84347e+01 -2.04800e+01  6.18820e+01             
       H -7.75430e+01 -2.05985e+01  6.23022e+01             
       H -7.85223e+01 -2.12443e+01  6.12678e+01             
       O -7.61534e+01 -2.57366e+01  5.93301e+01             
       H -7.61525e+01 -2.53599e+01  5.84432e+01             
       H -7.60183e+01 -2.67107e+01  5.91589e+01             
       O -8.70004e+01 -1.92966e+01  5.22231e+01             
       H -8.71308e+01 -1.96057e+01  6.37229e+01             
       H -8.06020e+01 -3.88207e+01  4.92953e+01             
       O -7.22726e+01 -2.75604e+01  6.92155e+01             
       H -7.26695e+01 -2.83803e+01  6.95119e+01             
       H -7.19888e+01 -2.77904e+01  6.83000e+01             
       O -7.54777e+01 -2.13013e+01  5.38234e+01             
       H -7.50895e+01 -2.20743e+01  5.33426e+01             
       H -7.47673e+01 -2.12610e+01  5.45373e+01             
       O -8.91641e+01 -2.25891e+01  5.82708e+01             
       H -8.98877e+01 -2.25328e+01  5.88606e+01             
       H -8.92320e+01 -2.17239e+01  5.77807e+01             
       O -6.59513e+01 -2.38548e+01  5.14128e+01             
       H -6.55835e+01 -2.44199e+01  5.07062e+01             
       H -6.68954e+01 -2.39898e+01  5.13377e+01             
       O -9.24309e+01 -1.51664e+01  3.33998e+01             
       H -9.17655e+01 -1.58390e+01  3.30407e+01             
       H -9.32418e+01 -1.54831e+01  3.37556e+01             
       O -8.48341e+01 -2.48659e+01  2.83889e+01             
       H -5.98365e+01 -1.32733e+01  4.77022e+01             
       H -8.43423e+01 -2.54357e+01  2.77934e+01             
       O -7.89193e+01 -2.26082e+01  5.99494e+01             
       H -7.97324e+01 -2.22213e+01  5.96212e+01             
       H -7.90109e+01 -2.35310e+01  6.00342e+01             
       O -7.92098e+01 -1.30163e+01  7.23589e+01             
       H -7.82255e+01 -1.31069e+01  7.22924e+01             
       H -7.95775e+01 -1.37366e+01  7.17444e+01             
