192                                                         
# CELL(abcABC):   12.41850    12.41850    12.41850    90.00000    90.00000    90.00000  Step:           0  Bead:       0 x_centroid{angstrom}  cell{angstrom}   
       O -8.10023e+01 -1.15782e+01  6.72542e+01             
       H -8.09344e+01 -1.23957e+01  6.67911e+01             
       H -8.01813e+01 -1.13850e+01  6.77134e+01             
       O -7.71924e+01 -1.29461e+01  6.12825e+01             
       H -6.76538e+01 -2.00268e+01  6.14850e+01             
       H -7.66576e+01 -1.23089e+01  6.07760e+01             
       O -7.85003e+01 -2.40673e+01  5.60730e+01             
       H -7.77725e+01 -1.18400e+01  5.54917e+01             
       H -7.80766e+01 -2.37561e+01  5.69454e+01             
       O -6.33367e+01 -2.10429e+01  5.54231e+01             
       H -6.33356e+01 -2.13622e+01  5.63980e+01             
       H -6.42895e+01 -2.08995e+01  5.52101e+01             
       O -6.22377e+01 -2.27777e+01  5.35343e+01             
       H -6.26401e+01 -2.25266e+01  5.26445e+01             
       H -6.25641e+01 -2.21656e+01  5.42527e+01             
       O -6.45781e+01 -1.72117e+01  6.65228e+01             
       H -6.46957e+01 -1.62808e+01  6.62580e+01             
       H -6.37309e+01 -1.72252e+01  6.70071e+01             
       O -7.80265e+01 -2.43787e+01  3.88481e+01             
       H -7.87134e+01 -2.37386e+01  3.89208e+01             
       H -6.77728e+01  2.18095e+00  5.30542e+01             
       O -5.74652e+01 -1.59828e+01  7.32306e+01             
       H -5.71206e+01 -1.67897e+01  7.34689e+01             
       H -5.83519e+01 -2.82793e+01  7.34777e+01             
       O -7.83952e+01 -7.97732e+00  4.19022e+01             
       H -7.88563e+01 -7.85922e+00  4.27411e+01             
       H -7.88611e+01 -8.69473e+00  4.14371e+01             
       O -6.98717e+01 -2.28371e+01  5.79875e+01             
       H -7.04537e+01 -2.29667e+01  5.87650e+01             
       H -6.95207e+01 -2.36865e+01  5.76903e+01             
       O -7.26525e+01 -8.52909e+00  6.19481e+01             
       H -7.28085e+01 -8.84273e+00  6.28280e+01             
       H -7.35550e+01 -8.38186e+00  6.15582e+01             
       O -6.86692e+01 -1.08724e+01  4.95847e+01             
       H -6.88134e+01 -1.09267e+01  5.05479e+01             
       H -6.12033e+01 -1.49676e+01  4.86762e+01             
       O -6.48034e+01 -3.27298e+01  4.98788e+01             
       H -6.44109e+01 -3.26828e+01  4.90109e+01             
       H -6.33685e+01 -2.67238e+01  6.14092e+01             
       O -7.50769e+01 -2.02666e+01  4.78559e+01             
       H -7.51459e+01 -1.94563e+01  4.73337e+01             
       H -7.48865e+01 -2.10048e+01  4.72864e+01             
       O -5.58463e+01 -2.73823e+01  6.31620e+01             
       H -5.58578e+01 -2.69838e+01  6.22983e+01             
       H -5.49731e+01 -2.78471e+01  6.32699e+01             
       O -7.21485e+01 -1.41597e+01  6.38369e+01             
       H -7.18150e+01 -1.38361e+01  6.30220e+01             
       H -7.15604e+01 -1.49827e+01  6.38147e+01             
       O -7.55863e+01 -1.77529e+01  4.63356e+01             
       H -7.58669e+01 -2.96709e+01  4.55559e+01             
       H -7.58561e+01 -1.72184e+01  4.70893e+01             
       O -7.32615e+01 -2.41392e+01  4.49692e+01             
       H -7.28669e+01 -2.42721e+01  4.58429e+01             
       H -7.24670e+01 -2.40170e+01  4.44316e+01             
       O -7.61900e+01 -1.24252e+01  5.46626e+01             
       H -7.58916e+01 -1.17160e+01  5.40524e+01             
       H -7.54980e+01 -1.27337e+01  5.52797e+01             
       O -6.77304e+01  8.91126e+00  5.49250e+01             
       H -5.55860e+01 -2.47382e+01  4.86624e+01             
       H -6.73660e+01  8.20302e+00  5.44315e+01             
       O -7.21609e+01 -2.18631e+01  6.48724e+01             
       H -6.49691e+01 -2.85462e+01  6.14761e+01             
       H -8.52746e+01 -2.19780e+01  6.55465e+01             
       O -6.74841e+01 -2.96034e+01  5.85816e+01             
       H -6.68337e+01 -2.92568e+01  5.79533e+01             
       H -6.82699e+01 -2.91077e+01  5.82992e+01             
       O -6.97609e+01 -1.55341e+01  5.79145e+01             
       H -7.00051e+01 -1.55233e+01  5.88427e+01             
       H -7.05283e+01 -1.58158e+01  5.74199e+01             
       O -6.12474e+01 -4.35463e+01  5.26659e+01             
       H -6.05303e+01 -4.40674e+01  5.23003e+01             
       H -6.20932e+01 -4.37372e+01  6.46228e+01             
       O -7.46501e+01 -9.32881e+00  5.79803e+01             
       H -7.39094e+01 -8.88000e+00  5.75336e+01             
       H -7.45271e+01 -1.02877e+01  5.78851e+01             
       O -6.72774e+01 -1.96825e+01  5.67956e+01             
       H -6.73292e+01 -1.89412e+01  5.74079e+01             
       H -6.74225e+01 -2.03910e+01  5.74193e+01             
       O -6.86096e+01 -2.00677e+01  7.65238e+01             
       H -6.90619e+01 -1.96633e+01  7.57229e+01             
       H -6.93140e+01 -2.00347e+01  7.71570e+01             
       O -8.52549e+01 -1.75352e+01  4.64454e+01             
       H -8.52136e+01 -1.70361e+01  4.56056e+01             
       H -8.62089e+01 -1.77560e+01  4.64629e+01             
       O -6.36588e+01 -6.34753e+00  6.43986e+01             
       H -6.41440e+01 -5.98137e+00  6.51415e+01             
       H -6.42344e+01 -6.95037e+00  6.39563e+01             
       O -6.71400e+01 -1.34151e+01  5.31133e+01             
       H -6.74918e+01 -1.38445e+01  5.23009e+01             
       H -6.70092e+01 -1.41393e+01  4.13514e+01             
       O -6.14562e+01 -1.41500e+01  3.10212e+01             
       H -6.09896e+01 -1.38109e+01  3.02257e+01             
       H -7.36941e+01 -1.34933e+01  3.17183e+01             
       O -5.61161e+01 -1.85326e+01  3.60021e+01             
       H -5.66916e+01 -1.88283e+01  3.53317e+01             
       H -5.54824e+01 -1.80503e+01  3.55133e+01             
       O -7.27979e+01 -2.53752e+01  4.12700e+01             
       H -7.27064e+01 -2.58678e+01  4.04358e+01             
       H -7.32232e+01 -2.45502e+01  5.35280e+01             
       O -5.80377e+01 -1.63383e+01  3.89831e+01             
       H -6.81710e+01 -9.76522e+00  4.60100e+01             
       H -5.84751e+01 -1.70060e+01  3.85040e+01             
       O -6.81206e+01 -2.55488e+01  5.81110e+01             
       H -6.87794e+01 -2.61972e+01  5.76625e+01             
       H -6.81361e+01 -2.57101e+01  5.90705e+01             
       O -6.02101e+01 -2.00945e+01  4.40976e+01             
       H -6.00614e+01 -1.91783e+01  4.42148e+01             
       H -5.93747e+01 -2.04883e+01  4.38392e+01             
       O -6.18793e+01 -2.85078e+01  5.22823e+01             
       H -6.16023e+01 -2.94313e+01  5.23676e+01             
       H -6.13049e+01 -2.79800e+01  5.17304e+01             
       O -6.68164e+01 -5.67530e+00  6.51320e+01             
       H -6.75426e+01 -6.26429e+00  6.48523e+01             
       H -6.63022e+01 -6.24176e+00  6.57521e+01             
       O -5.82270e+01  5.48826e+00  7.19069e+01             
       H -5.84208e+01  4.58116e+00  7.15620e+01             
       H -5.89493e+01  6.07183e+00  7.16978e+01             
       O -6.25439e+01 -2.72682e+01  6.17640e+01             
       H -7.81307e+01 -2.50091e+01  3.95662e+01             
       H -6.25841e+01 -2.68333e+01  6.26360e+01             
       O -6.72910e+01 -2.08952e+01  6.13121e+01             
       H -5.72833e+01 -1.60429e+01  3.84806e+01             
       H -6.71080e+01 -2.09165e+01  6.03431e+01             
       O -6.03175e+01 -1.52373e+01  4.82752e+01             
       H -6.86083e+01 -3.83161e+00  5.52156e+01             
       H -6.05705e+01 -1.58144e+01  4.75492e+01             
       O -6.55211e+01 -2.64163e+01  5.80822e+01             
       H -7.87350e+01 -2.60086e+01  7.01172e+01             
       H -6.50066e+01 -1.25375e+01  6.21409e+01             
       O -9.03933e+01 -1.59753e+01  6.31477e+01             
       H -9.07714e+01 -1.66846e+01  6.37235e+01             
       H -8.98516e+01 -1.55008e+01  6.38400e+01             
       O -6.78379e+01 -3.81182e+01  4.84555e+01             
       H -6.68920e+01 -3.81787e+01  4.85907e+01             
       H -7.15836e+01 -2.13096e+01  6.53002e+01             
       O -6.72929e+01 -9.44872e+00  4.62670e+01             
       H -6.67518e+01 -1.02363e+01  4.62281e+01             
       H -8.67248e+01 -2.41220e+01  2.31832e+01             
       O -7.72699e+01 -2.36619e+01  4.59084e+01             
       H -7.68159e+01 -2.30912e+01  4.65328e+01             
       H -7.70534e+01 -2.45294e+01  4.62490e+01             
       O -7.11768e+01 -2.38102e+01  4.30760e+01             
       H -7.16727e+01 -2.42892e+01  4.24213e+01             
       H -7.02042e+01 -2.38367e+01  4.26834e+01             
       O -5.17055e+01 -2.71533e+01  5.26501e+01             
       H -5.08426e+01 -1.51600e+01  5.26092e+01             
       H -5.17167e+01 -2.64273e+01  5.32673e+01             
       O -6.20184e+01 -5.66599e+00  5.51535e+01             
       H -4.91414e+01 -5.93895e+00  5.43731e+01             
       H -6.22715e+01 -6.52122e+00  5.54504e+01             
       O -6.71914e+01  2.79798e+00  5.25799e+01             
       H -6.57305e+01 -3.30578e+01  4.97775e+01             
       H -6.82509e+01  2.41056e+00  4.93910e+01             
       O -7.14941e+01 -1.80705e+01  4.97655e+01             
       H -7.14451e+01 -1.86960e+01  4.90534e+01             
       H -7.24538e+01 -1.80840e+01  4.98061e+01             
       O -7.12023e+01 -1.05539e+01  4.83054e+01             
       H -7.16425e+01 -2.21827e+01  4.86723e+01             
       H -7.04937e+01 -1.06063e+01  4.89095e+01             
       O -7.75831e+01 -1.64637e+01  5.69812e+01             
       H -7.74686e+01 -1.54644e+01  5.67995e+01             
       H -7.77573e+01 -1.68458e+01  5.61215e+01             
       O -7.01267e+01 -2.08000e+01  5.58804e+01             
       H -7.02371e+01 -2.16274e+01  5.63687e+01             
       H -6.94376e+01 -2.03023e+01  5.63158e+01             
       O -7.74505e+01 -2.83671e+01  4.80859e+01             
       H -7.81335e+01 -2.88480e+01  6.01161e+01             
       H -7.81136e+01 -3.94517e+01  4.63480e+01             
       O -6.32180e+01 -2.23664e+01  6.31230e+01             
       H -6.38705e+01 -2.30439e+01  6.32843e+01             
       H -6.38642e+01 -2.16886e+01  6.27438e+01             
       O -6.97786e+01 -2.39428e+01  5.19721e+01             
       H -7.05041e+01 -2.33659e+01  5.21879e+01             
       H -7.01132e+01 -2.48103e+01  5.22029e+01             
       O -8.46463e+01 -1.63772e+01  5.63863e+01             
       H -8.51393e+01 -1.55826e+01  5.62133e+01             
       H -8.53099e+01 -1.70555e+01  5.61622e+01             
       O -6.04501e+01 -2.49904e+01  4.77704e+01             
       H -5.97048e+01 -2.44875e+01  4.80896e+01             
       H -6.02354e+01 -2.59562e+01  4.78793e+01             
       O -8.32477e+01 -1.97134e+01  2.86726e+01             
       H -8.34839e+01 -1.87942e+01  2.90477e+01             
       H -8.30375e+01 -2.02441e+01  2.94936e+01             
       O -7.51102e+01 -2.35561e+01  2.33743e+01             
       H -5.54254e+01 -9.09258e+00  3.96179e+01             
       H -7.50731e+01 -2.31053e+01  2.42500e+01             
       O -7.45242e+01 -1.77036e+01  4.92980e+01             
       H -7.50961e+01 -1.80266e+01  5.00372e+01             
       H -7.47270e+01 -1.67839e+01  4.91946e+01             
       O -7.07747e+01 -1.69947e+01  7.91258e+01             
       H -7.09017e+01 -1.66064e+01  7.82452e+01             
       H -7.11709e+01 -1.64242e+01  7.98354e+01             
192                                                         
# CELL(abcABC):   12.41850    12.41850    12.41850    90.00000    90.00000    90.00000  Step:      200000  Bead:       0 x_centroid{angstrom}  cell{angstrom}   
       O -8.97754e+01 -1.64046e+01  7.48473e+01             
       H -8.92087e+01 -1.71516e+01  7.49689e+01             
       H -8.92661e+01 -1.56754e+01  7.52834e+01             
       O -8.46655e+01 -1.46223e+01  7.05274e+01             
       H -8.39371e+01 -2.17013e+01  7.12907e+01             
       H -8.41129e+01 -1.42276e+01  6.98310e+01             
       O -8.71937e+01 -2.62400e+01  6.96665e+01             
       H -8.74652e+01 -1.46221e+01  6.92069e+01             
       H -8.63355e+01 -2.65175e+01  7.00116e+01             
       O -7.43009e+01 -2.41567e+01  5.57573e+01             
       H -7.33467e+01 -2.40302e+01  5.59220e+01             
       H -7.44964e+01 -2.50301e+01  5.62342e+01             
       O -7.90056e+01 -2.41582e+01  5.82333e+01             
       H -7.83220e+01 -2.47635e+01  5.86170e+01             
       H -7.96231e+01 -2.47441e+01  5.77146e+01             
       O -7.51186e+01 -1.76266e+01  7.92601e+01             
       H -7.57232e+01 -1.80782e+01  7.86904e+01             
       H -7.43551e+01 -1.82081e+01  7.93968e+01             
       O -8.81312e+01 -2.86985e+01  4.41321e+01             
       H -8.80341e+01 -2.91343e+01  4.33143e+01             
       H -7.36199e+01 -2.81664e+00  6.13549e+01             
       O -6.98592e+01 -1.60195e+01  7.45240e+01             
       H -6.90118e+01 -1.60059e+01  7.50582e+01             
       H -6.95939e+01 -2.92369e+01  7.39773e+01             
       O -9.26862e+01 -8.95043e+00  4.60550e+01             
       H -9.34290e+01 -8.88383e+00  4.66404e+01             
       H -9.18546e+01 -8.90660e+00  4.66151e+01             
       O -8.35878e+01 -2.58555e+01  6.82147e+01             
       H -8.29337e+01 -2.64949e+01  6.78188e+01             
       H -8.42543e+01 -2.58007e+01  6.75734e+01             
       O -8.35548e+01 -1.05886e+01  6.86498e+01             
       H -8.32762e+01 -1.14814e+01  6.89580e+01             
       H -8.27222e+01 -1.02479e+01  6.82297e+01             
       O -8.01884e+01 -1.47198e+01  5.78729e+01             
       H -7.98514e+01 -1.47023e+01  5.88335e+01             
       H -7.38680e+01 -1.69189e+01  5.96458e+01             
       O -8.14761e+01 -4.02193e+01  5.44519e+01             
       H -8.12898e+01 -3.95211e+01  5.38043e+01             
       H -7.94896e+01 -3.13944e+01  6.82765e+01             
       O -8.69085e+01 -2.29864e+01  5.29419e+01             
       H -8.67522e+01 -2.33205e+01  5.38199e+01             
       H -8.59847e+01 -2.29216e+01  5.25463e+01             
       O -7.08116e+01 -2.96826e+01  6.65979e+01             
       H -7.02414e+01 -2.89128e+01  6.66965e+01             
       H -7.13806e+01 -2.96886e+01  6.73558e+01             
       O -7.93824e+01 -1.72251e+01  6.76563e+01             
       H -7.94252e+01 -1.73961e+01  6.67349e+01             
       H -7.89201e+01 -1.64098e+01  6.78918e+01             
       O -8.99970e+01 -2.13545e+01  5.48051e+01             
       H -9.07958e+01 -3.32522e+01  5.51735e+01             
       H -9.03426e+01 -2.22482e+01  5.46300e+01             
       O -8.90276e+01 -2.40639e+01  5.10437e+01             
       H -8.91849e+01 -2.50097e+01  5.10483e+01             
       H -8.81830e+01 -2.38414e+01  5.14467e+01             
       O -8.72739e+01 -1.81298e+01  5.84775e+01             
       H -8.79701e+01 -1.87877e+01  5.87092e+01             
       H -8.76380e+01 -1.76812e+01  5.77122e+01             
       O -7.52677e+01  3.33493e+00  5.59862e+01             
       H -6.71066e+01 -2.34994e+01  4.92768e+01             
       H -7.61926e+01  3.35920e+00  5.55906e+01             
       O -8.93127e+01 -2.57175e+01  7.20152e+01             
       H -7.80913e+01 -3.68400e+01  6.73841e+01             
       H -1.01153e+02 -2.60205e+01  7.12706e+01             
       O -7.88019e+01 -3.06831e+01  5.84459e+01             
       H -7.93520e+01 -3.12950e+01  5.90503e+01             
       H -7.92869e+01 -3.02712e+01  5.77263e+01             
       O -7.97880e+01 -1.63331e+01  6.39105e+01             
       H -7.96605e+01 -1.71617e+01  6.44347e+01             
       H -7.90680e+01 -1.63134e+01  6.32430e+01             
       O -7.27712e+01 -4.43117e+01  5.77669e+01             
       H -7.36715e+01 -4.40285e+01  5.80846e+01             
       H -7.26415e+01 -4.52446e+01  7.04277e+01             
       O -8.87152e+01 -1.05967e+01  6.08745e+01             
       H -8.89358e+01 -1.13704e+01  6.03215e+01             
       H -8.88087e+01 -1.09774e+01  6.18030e+01             
       O -8.11497e+01 -2.22578e+01  6.45653e+01             
       H -8.14728e+01 -2.14817e+01  6.40146e+01             
       H -8.11095e+01 -2.19615e+01  6.55233e+01             
       O -8.19466e+01 -2.43791e+01  8.31334e+01             
       H -8.23317e+01 -2.47483e+01  8.39480e+01             
       H -8.18576e+01 -2.34511e+01  8.33319e+01             
       O -9.42935e+01 -1.94487e+01  5.38676e+01             
       H -9.41744e+01 -1.98104e+01  5.47639e+01             
       H -9.48091e+01 -1.86019e+01  5.39811e+01             
       O -7.88332e+01 -9.98966e+00  6.30258e+01             
       H -7.80084e+01 -1.02845e+01  6.34538e+01             
       H -7.95942e+01 -9.97834e+00  6.36088e+01             
       O -7.95101e+01 -1.88401e+01  6.15434e+01             
       H -7.92209e+01 -1.85889e+01  6.24088e+01             
       H -7.89766e+01 -1.95480e+01  4.87707e+01             
       O -7.18865e+01 -2.29441e+01  3.98638e+01             
       H -7.15037e+01 -2.30129e+01  3.90358e+01             
       H -8.42017e+01 -2.19728e+01  4.01053e+01             
       O -7.58072e+01 -2.69796e+01  3.86757e+01             
       H -7.51471e+01 -2.68628e+01  3.80100e+01             
       H -7.54998e+01 -2.70167e+01  3.95667e+01             
       O -9.08620e+01 -2.80976e+01  4.75990e+01             
       H -9.04719e+01 -2.84928e+01  4.84521e+01             
       H -9.08221e+01 -2.88596e+01  5.94157e+01             
       O -7.02961e+01 -1.80316e+01  4.75926e+01             
       H -7.48203e+01 -1.59002e+01  5.39597e+01             
       H -7.11535e+01 -1.77004e+01  4.73983e+01             
       O -8.22654e+01 -2.56027e+01  6.14574e+01             
       H -8.21128e+01 -2.65572e+01  6.17260e+01             
       H -8.14203e+01 -2.51832e+01  6.14882e+01             
       O -6.86863e+01 -2.26706e+01  5.53988e+01             
       H -6.82881e+01 -2.23237e+01  5.62369e+01             
       H -6.80461e+01 -2.34048e+01  5.54063e+01             
       O -7.31352e+01 -3.11171e+01  6.32039e+01             
       H -7.24094e+01 -3.16221e+01  6.36782e+01             
       H -7.27840e+01 -3.01753e+01  6.34322e+01             
       O -7.34955e+01 -1.03266e+01  7.29227e+01             
       H -7.31228e+01 -9.99897e+00  7.20715e+01             
       H -7.44047e+01 -1.03792e+01  7.27240e+01             
       O -7.68953e+01  5.46296e+00  7.77187e+01             
       H -7.69429e+01  4.54630e+00  7.79891e+01             
       H -7.66117e+01  5.55985e+00  7.67714e+01             
       O -7.97247e+01 -3.23146e+01  6.82096e+01             
       H -8.90768e+01 -2.84894e+01  4.42306e+01             
       H -7.97989e+01 -3.26562e+01  6.91707e+01             
       O -8.46556e+01 -2.20201e+01  7.07586e+01             
       H -6.97660e+01 -1.78557e+01  4.67852e+01             
       H -8.41835e+01 -2.23518e+01  6.98963e+01             
       O -7.33592e+01 -1.67676e+01  6.04556e+01             
       H -7.48968e+01 -1.00085e+01  5.59772e+01             
       H -7.35274e+01 -1.75570e+01  6.09977e+01             
       O -8.18924e+01 -3.22103e+01  6.27979e+01             
       H -9.35643e+01 -3.18108e+01  7.46736e+01             
       H -7.20972e+01 -1.42200e+01  7.14089e+01             
       O -1.00947e+02 -2.06188e+01  7.09863e+01             
       H -1.01877e+02 -2.05477e+01  7.08047e+01             
       H -1.00584e+02 -2.09310e+01  7.01092e+01             
       O -8.01940e+01 -3.62842e+01  4.86878e+01             
       H -7.98700e+01 -3.61540e+01  4.77663e+01             
       H -8.98733e+01 -2.65187e+01  7.21359e+01             
       O -7.46565e+01 -1.50545e+01  5.35180e+01             
       H -7.37017e+01 -1.49723e+01  5.32722e+01             
       H -9.73216e+01 -2.68044e+01  2.65851e+01             
       O -9.20095e+01 -3.10891e+01  5.26619e+01             
       H -9.26788e+01 -3.14486e+01  5.32744e+01             
       H -9.11018e+01 -3.13406e+01  5.29193e+01             
       O -8.43619e+01 -2.90413e+01  5.15428e+01             
       H -8.40010e+01 -2.93303e+01  5.23940e+01             
       H -8.36518e+01 -2.87597e+01  5.09673e+01             
       O -6.34079e+01 -3.15233e+01  6.28548e+01             
       H -6.24532e+01 -1.90847e+01  6.29592e+01             
       H -6.36934e+01 -3.21906e+01  6.21834e+01             
       O -7.09139e+01 -1.01503e+01  6.20106e+01             
       H -5.92545e+01 -1.01693e+01  6.14136e+01             
       H -7.02960e+01 -1.08670e+01  6.18804e+01             
       O -7.37283e+01 -2.10658e+00  6.20165e+01             
       H -8.06397e+01 -4.05676e+01  5.48140e+01             
       H -8.08773e+01 -1.64653e+00  5.79361e+01             
       O -8.41661e+01 -1.71658e+01  5.70128e+01             
       H -8.44823e+01 -1.63583e+01  5.75819e+01             
       H -8.46164e+01 -1.80165e+01  5.71747e+01             
       O -8.47844e+01 -1.28437e+01  6.02803e+01             
       H -8.38473e+01 -2.52620e+01  6.06854e+01             
       H -8.51208e+01 -1.19540e+01  6.02047e+01             
       O -9.05859e+01 -2.11506e+01  6.06461e+01             
       H -9.10026e+01 -2.15729e+01  6.14370e+01             
       H -8.97207e+01 -2.16509e+01  6.04640e+01             
       O -7.92877e+01 -2.61781e+01  6.46445e+01             
       H -7.94223e+01 -2.71349e+01  6.45079e+01             
       H -8.02220e+01 -2.58288e+01  6.47115e+01             
       O -9.08906e+01 -3.61492e+01  5.54956e+01             
       H -9.04987e+01 -3.61020e+01  6.87862e+01             
       H -9.47379e+01 -4.39929e+01  5.08905e+01             
       O -7.74315e+01 -2.58589e+01  6.65035e+01             
       H -7.65949e+01 -2.61796e+01  6.62581e+01             
       H -7.80782e+01 -2.59832e+01  6.57722e+01             
       O -8.15258e+01 -2.96796e+01  5.76935e+01             
       H -8.23906e+01 -2.96191e+01  5.72871e+01             
       H -8.11341e+01 -2.87988e+01  5.75957e+01             
       O -9.66817e+01 -2.03023e+01  6.52563e+01             
       H -9.71024e+01 -2.02294e+01  6.61032e+01             
       H -9.57920e+01 -1.99081e+01  6.53798e+01             
       O -6.95733e+01 -2.52747e+01  5.24879e+01             
       H -7.03768e+01 -2.55911e+01  5.20526e+01             
       H -6.96293e+01 -2.43061e+01  5.24324e+01             
       O -9.05283e+01 -2.75157e+01  3.14420e+01             
       H -9.03502e+01 -2.68331e+01  3.07860e+01             
       H -9.12899e+01 -2.72141e+01  3.19324e+01             
       O -8.46527e+01 -2.62417e+01  2.73552e+01             
       H -6.10699e+01 -1.37278e+01  4.91467e+01             
       H -8.52057e+01 -2.54915e+01  2.72095e+01             
       O -8.58046e+01 -1.96366e+01  5.50510e+01             
       H -8.54462e+01 -1.93568e+01  5.59286e+01             
       H -8.62191e+01 -2.04924e+01  5.52813e+01             
       O -8.24306e+01 -2.07041e+01  8.47877e+01             
       H -8.24198e+01 -1.97060e+01  8.48399e+01             
       H -8.23806e+01 -2.10407e+01  8.57740e+01             
