192                                                         
# CELL(abcABC):   12.41850    12.41850    12.41850    90.00000    90.00000    90.00000  Step:           0  Bead:       0 x_centroid{angstrom}  cell{angstrom}   
       O -7.67303e+01 -1.24779e+01  6.37380e+01             
       H -7.74147e+01 -1.20869e+01  6.31814e+01             
       H -7.58915e+01 -1.23403e+01  6.32605e+01             
       O -6.98163e+01 -9.79597e+00  6.20016e+01             
       H -6.27466e+01 -1.84909e+01  5.44321e+01             
       H -6.93029e+01 -9.84756e+00  6.28565e+01             
       O -6.93180e+01 -2.35011e+01  5.27900e+01             
       H -6.87945e+01 -1.04758e+01  5.32824e+01             
       H -6.94629e+01 -2.42402e+01  5.33971e+01             
       O -5.56440e+01 -2.19312e+01  5.47878e+01             
       H -5.61856e+01 -2.22287e+01  5.55266e+01             
       H -5.47229e+01 -2.21093e+01  5.50351e+01             
       O -5.58871e+01 -1.99219e+01  5.11358e+01             
       H -5.62536e+01 -1.92723e+01  5.04449e+01             
       H -5.62501e+01 -1.95839e+01  5.19416e+01             
       O -5.86643e+01 -1.96337e+01  6.28367e+01             
       H -5.91267e+01 -1.90825e+01  6.22340e+01             
       H -5.92961e+01 -2.01170e+01  6.33665e+01             
       O -6.95000e+01 -2.15509e+01  4.50061e+01             
       H -6.94900e+01 -2.06055e+01  4.50802e+01             
       H -5.90124e+01  1.89922e+00  5.02415e+01             
       O -5.08258e+01 -1.44944e+01  6.75834e+01             
       H -5.14256e+01 -1.38773e+01  6.71493e+01             
       H -5.04221e+01 -2.64568e+01  6.83641e+01             
       O -7.23305e+01 -8.82121e+00  4.01554e+01             
       H -7.21385e+01 -8.41110e+00  4.10108e+01             
       H -7.32995e+01 -8.78950e+00  4.01070e+01             
       O -6.49210e+01 -2.53363e+01  5.40170e+01             
       H -6.47241e+01 -2.45193e+01  5.43964e+01             
       H -6.48816e+01 -2.51861e+01  5.30643e+01             
       O -7.14142e+01 -5.09613e+00  5.91685e+01             
       H -7.21386e+01 -5.29895e+00  5.97801e+01             
       H -7.06608e+01 -4.77027e+00  5.97401e+01             
       O -6.51131e+01 -9.11676e+00  4.79002e+01             
       H -6.55010e+01 -9.12465e+00  4.88141e+01             
       H -5.66032e+01 -1.25319e+01  4.83684e+01             
       O -6.12013e+01 -2.85649e+01  4.56843e+01             
       H -6.02910e+01 -2.87755e+01  4.59650e+01             
       H -5.86711e+01 -2.51139e+01  6.05946e+01             
       O -6.99856e+01 -1.91805e+01  4.51852e+01             
       H -6.94853e+01 -1.83430e+01  4.52559e+01             
       H -7.08555e+01 -1.89641e+01  4.54837e+01             
       O -5.04186e+01 -2.29201e+01  5.95614e+01             
       H -5.12176e+01 -2.24725e+01  5.99350e+01             
       H -4.97306e+01 -2.23050e+01  5.98818e+01             
       O -6.69021e+01 -1.16789e+01  6.31609e+01             
       H -6.74998e+01 -1.19127e+01  6.38135e+01             
       H -6.73060e+01 -1.18605e+01  6.23043e+01             
       O -7.01944e+01 -1.20521e+01  4.39443e+01             
       H -6.97797e+01 -2.37804e+01  4.44941e+01             
       H -7.11860e+01 -1.19378e+01  4.40316e+01             
       O -6.75848e+01 -2.65958e+01  4.09462e+01             
       H -6.69137e+01 -2.59235e+01  4.12483e+01             
       H -6.74599e+01 -2.74278e+01  4.14576e+01             
       O -7.28172e+01 -1.28127e+01  5.28241e+01             
       H -7.20457e+01 -1.33583e+01  5.29640e+01             
       H -7.25453e+01 -1.21171e+01  5.22590e+01             
       O -6.60790e+01  8.70841e+00  4.62235e+01             
       H -4.79942e+01 -2.08348e+01  4.64763e+01             
       H -6.55338e+01  8.78328e+00  4.53985e+01             
       O -6.66637e+01 -1.80706e+01  6.17382e+01             
       H -6.27348e+01 -2.16376e+01  5.76201e+01             
       H -7.82536e+01 -1.76901e+01  6.15774e+01             
       O -6.01883e+01 -2.82241e+01  5.54062e+01             
       H -6.05305e+01 -2.81992e+01  5.63219e+01             
       H -6.08443e+01 -2.83416e+01  5.47445e+01             
       O -6.85922e+01 -1.69198e+01  5.84420e+01             
       H -6.76558e+01 -1.66390e+01  5.84294e+01             
       H -6.92181e+01 -1.62256e+01  5.81099e+01             
       O -6.24954e+01 -4.35680e+01  5.25847e+01             
       H -6.30924e+01 -4.28948e+01  5.22363e+01             
       H -6.26680e+01 -4.43415e+01  6.45467e+01             
       O -6.63397e+01 -5.11831e+00  5.21012e+01             
       H -6.69092e+01 -4.71270e+00  5.27894e+01             
       H -6.56380e+01 -4.55325e+00  5.19099e+01             
       O -5.95323e+01 -2.01439e+01  5.50885e+01             
       H -5.87488e+01 -1.97075e+01  5.54291e+01             
       H -5.98726e+01 -2.05986e+01  5.58688e+01             
       O -6.64390e+01 -1.98244e+01  6.90962e+01             
       H -6.62001e+01 -1.97847e+01  6.81494e+01             
       H -6.72111e+01 -2.03546e+01  6.91146e+01             
       O -8.22866e+01 -1.44445e+01  4.55473e+01             
       H -8.23881e+01 -1.37035e+01  4.49653e+01             
       H -8.28936e+01 -1.41919e+01  4.62669e+01             
       O -6.05621e+01 -5.35342e+00  6.14733e+01             
       H -6.03246e+01 -4.45715e+00  6.18844e+01             
       H -6.14426e+01 -5.48407e+00  6.17042e+01             
       O -6.00416e+01 -1.11918e+01  4.74870e+01             
       H -5.97678e+01 -1.06715e+01  4.67380e+01             
       H -6.06481e+01 -1.18340e+01  3.47442e+01             
       O -5.77573e+01 -1.37435e+01  2.86747e+01             
       H -5.67952e+01 -1.38313e+01  2.84511e+01             
       H -7.02908e+01 -1.36620e+01  2.96513e+01             
       O -5.25605e+01 -1.65496e+01  3.11743e+01             
       H -5.20281e+01 -1.57485e+01  3.09384e+01             
       H -5.19219e+01 -1.73282e+01  3.11618e+01             
       O -6.58349e+01 -2.12126e+01  3.82286e+01             
       H -6.61168e+01 -2.20284e+01  3.86673e+01             
       H -6.64668e+01 -2.05423e+01  5.09592e+01             
       O -5.09570e+01 -1.40074e+01  3.51899e+01             
       H -6.50135e+01 -1.00833e+01  4.38490e+01             
       H -5.18938e+01 -1.39594e+01  3.54052e+01             
       O -6.19708e+01 -2.76017e+01  5.31025e+01             
       H -6.16648e+01 -2.67094e+01  5.29921e+01             
       H -6.24948e+01 -2.74832e+01  5.39346e+01             
       O -5.15002e+01 -1.57793e+01  3.90152e+01             
       H -5.07886e+01 -1.55438e+01  3.96818e+01             
       H -5.19245e+01 -1.49385e+01  3.90284e+01             
       O -5.48535e+01 -2.70730e+01  5.04225e+01             
       H -5.48801e+01 -2.66682e+01  5.12694e+01             
       H -5.56738e+01 -2.75250e+01  5.03759e+01             
       O -6.23313e+01 -6.20245e+00  5.80650e+01             
       H -6.31595e+01 -6.00466e+00  5.84788e+01             
       H -6.17877e+01 -6.72000e+00  5.86968e+01             
       O -5.27094e+01  5.74274e+00  7.14615e+01             
       H -5.30968e+01  6.61292e+00  7.15072e+01             
       H -5.29015e+01  5.48384e+00  7.05403e+01             
       O -5.81376e+01 -2.59002e+01  6.04332e+01             
       H -6.88217e+01 -2.19096e+01  4.56511e+01             
       H -5.86770e+01 -2.65774e+01  6.08340e+01             
       O -6.30983e+01 -1.85973e+01  5.53315e+01             
       H -5.04211e+01 -1.39317e+01  3.59810e+01             
       H -6.24615e+01 -1.82733e+01  5.59844e+01             
       O -5.60318e+01 -1.17787e+01  4.84102e+01             
       H -6.60237e+01 -2.88376e+00  4.67778e+01             
       H -5.66224e+01 -1.11182e+01  4.88324e+01             
       O -6.04061e+01 -2.43531e+01  5.61877e+01             
       H -7.26819e+01 -2.47876e+01  6.77496e+01             
       H -5.73764e+01 -8.88605e+00  6.18276e+01             
       O -8.67612e+01 -1.35254e+01  5.76951e+01             
       H -8.72911e+01 -1.31313e+01  5.83986e+01             
       H -8.66944e+01 -1.44848e+01  5.79360e+01             
       O -6.08349e+01 -3.25985e+01  4.70751e+01             
       H -6.07019e+01 -3.28891e+01  4.79924e+01             
       H -6.67962e+01 -1.80332e+01  6.27136e+01             
       O -6.56552e+01 -1.07966e+01  4.37203e+01             
       H -6.58380e+01 -1.11133e+01  4.46585e+01             
       H -8.05863e+01 -1.88275e+01  2.35595e+01             
       O -7.20983e+01 -2.20753e+01  4.50505e+01             
       H -7.11466e+01 -2.18182e+01  4.49678e+01             
       H -7.22569e+01 -2.26725e+01  4.43017e+01             
       O -6.20234e+01 -2.45739e+01  3.72576e+01             
       H -6.23074e+01 -2.39928e+01  3.65053e+01             
       H -6.10812e+01 -2.44064e+01  3.73862e+01             
       O -4.73513e+01 -2.79193e+01  5.01835e+01             
       H -4.79501e+01 -1.49338e+01  5.07086e+01             
       H -4.66407e+01 -2.82804e+01  5.07970e+01             
       O -5.64390e+01 -6.79363e+00  5.38555e+01             
       H -4.32217e+01 -6.44179e+00  5.43249e+01             
       H -5.64101e+01 -7.72498e+00  5.41471e+01             
       O -5.97926e+01  1.68873e+00  5.07157e+01             
       H -6.17455e+01 -2.93802e+01  4.56854e+01             
       H -6.50326e+01  4.28760e+00  4.76351e+01             
       O -6.93540e+01 -1.61649e+01  4.87051e+01             
       H -6.90247e+01 -1.69913e+01  4.90748e+01             
       H -6.88874e+01 -1.60747e+01  4.78303e+01             
       O -6.57197e+01 -7.54004e+00  4.14844e+01             
       H -6.59070e+01 -1.92272e+01  4.09231e+01             
       H -6.47864e+01 -7.38212e+00  4.16562e+01             
       O -7.00088e+01 -1.68600e+01  5.45806e+01             
       H -7.00289e+01 -1.77979e+01  5.44911e+01             
       H -7.08022e+01 -1.64582e+01  5.50099e+01             
       O -6.29778e+01 -2.29610e+01  5.42289e+01             
       H -6.21448e+01 -2.33615e+01  5.43418e+01             
       H -6.31423e+01 -2.24580e+01  5.50547e+01             
       O -7.54735e+01 -2.14721e+01  4.42796e+01             
       H -7.54685e+01 -2.05011e+01  5.64805e+01             
       H -7.32079e+01 -3.74346e+01  4.43501e+01             
       O -6.14339e+01 -2.09793e+01  6.20400e+01             
       H -6.10940e+01 -2.16924e+01  6.26279e+01             
       H -6.22829e+01 -2.08034e+01  6.24979e+01             
       O -6.33697e+01 -2.13090e+01  5.19727e+01             
       H -6.42805e+01 -2.11421e+01  5.16294e+01             
       H -6.33546e+01 -2.18105e+01  5.27480e+01             
       O -7.99430e+01 -1.67391e+01  5.44882e+01             
       H -7.92592e+01 -1.65512e+01  5.52103e+01             
       H -8.08645e+01 -1.67217e+01  5.47906e+01             
       O -5.46549e+01 -2.27329e+01  4.62810e+01             
       H -5.40486e+01 -2.23971e+01  4.69865e+01             
       H -5.50843e+01 -2.34410e+01  4.67955e+01             
       O -7.64761e+01 -1.69316e+01  2.42136e+01             
       H -7.61540e+01 -1.64360e+01  2.50041e+01             
       H -7.65545e+01 -1.64030e+01  2.34382e+01             
       O -6.90345e+01 -1.91873e+01  2.37122e+01             
       H -4.71867e+01 -1.03041e+01  3.91367e+01             
       H -6.95007e+01 -1.94782e+01  2.29339e+01             
       O -7.02960e+01 -1.66974e+01  5.13626e+01             
       H -7.05648e+01 -1.66116e+01  5.22875e+01             
       H -7.06566e+01 -1.75095e+01  5.09774e+01             
       O -6.61130e+01 -1.40374e+01  7.29858e+01             
       H -6.64483e+01 -1.31678e+01  7.27602e+01             
       H -6.64005e+01 -1.41952e+01  7.39019e+01             
192                                                         
# CELL(abcABC):   12.41850    12.41850    12.41850    90.00000    90.00000    90.00000  Step:      200000  Bead:       0 x_centroid{angstrom}  cell{angstrom}   
       O -9.43314e+01 -1.87221e+01  6.90431e+01             
       H -9.44326e+01 -1.82220e+01  6.98749e+01             
       H -9.34246e+01 -1.85106e+01  6.88367e+01             
       O -8.89500e+01 -1.24157e+01  6.94358e+01             
       H -8.02581e+01 -2.32980e+01  6.16606e+01             
       H -8.79893e+01 -1.23564e+01  6.92699e+01             
       O -8.50757e+01 -2.97906e+01  5.94439e+01             
       H -8.46889e+01 -1.73812e+01  6.03308e+01             
       H -8.53589e+01 -2.88722e+01  5.93882e+01             
       O -7.13272e+01 -2.84735e+01  6.56627e+01             
       H -7.12603e+01 -2.94128e+01  6.54172e+01             
       H -7.08879e+01 -2.79467e+01  6.49197e+01             
       O -7.66407e+01 -2.53907e+01  6.00060e+01             
       H -7.66544e+01 -2.50096e+01  5.90881e+01             
       H -7.68238e+01 -2.63410e+01  5.99293e+01             
       O -7.28534e+01 -2.37072e+01  7.01649e+01             
       H -7.24755e+01 -2.45827e+01  7.02674e+01             
       H -7.24928e+01 -2.32832e+01  7.09722e+01             
       O -8.57072e+01 -2.96302e+01  5.62746e+01             
       H -8.62393e+01 -2.94460e+01  5.55265e+01             
       H -7.43598e+01 -1.81108e+00  5.95238e+01             
       O -6.96619e+01 -2.16140e+01  8.18659e+01             
       H -6.94702e+01 -2.06328e+01  8.17621e+01             
       H -7.05194e+01 -3.39443e+01  8.23718e+01             
       O -9.00056e+01 -2.26712e+01  4.97334e+01             
       H -9.04145e+01 -2.35437e+01  4.96151e+01             
       H -9.02589e+01 -2.22857e+01  5.05626e+01             
       O -8.23396e+01 -2.93451e+01  5.86160e+01             
       H -8.22670e+01 -2.97270e+01  5.95522e+01             
       H -8.33148e+01 -2.93529e+01  5.84174e+01             
       O -9.09768e+01 -1.04968e+01  6.68365e+01             
       H -9.03602e+01 -1.11907e+01  6.66995e+01             
       H -9.05189e+01 -1.00134e+01  6.75803e+01             
       O -8.51860e+01 -1.44161e+01  5.66097e+01             
       H -8.55069e+01 -1.53669e+01  5.64627e+01             
       H -7.39699e+01 -1.27449e+01  5.42458e+01             
       O -7.65265e+01 -2.84564e+01  5.64869e+01             
       H -7.70795e+01 -2.78050e+01  5.59923e+01             
       H -7.64520e+01 -3.18707e+01  7.27847e+01             
       O -8.54525e+01 -2.40350e+01  5.03846e+01             
       H -8.51549e+01 -2.38084e+01  5.12747e+01             
       H -8.46268e+01 -2.41793e+01  4.98618e+01             
       O -6.96032e+01 -2.54981e+01  6.63521e+01             
       H -6.94106e+01 -2.64137e+01  6.66501e+01             
       H -6.90760e+01 -2.49711e+01  6.69741e+01             
       O -8.40710e+01 -1.92397e+01  6.77390e+01             
       H -8.31604e+01 -1.89875e+01  6.80883e+01             
       H -8.46893e+01 -1.85081e+01  6.80601e+01             
       O -8.74867e+01 -1.54201e+01  5.13422e+01             
       H -8.66261e+01 -2.78819e+01  5.07994e+01             
       H -8.77370e+01 -1.44786e+01  5.11102e+01             
       O -8.33471e+01 -3.57168e+01  4.85453e+01             
       H -8.23929e+01 -3.56994e+01  4.83652e+01             
       H -8.35668e+01 -3.49393e+01  4.89795e+01             
       O -9.14891e+01 -1.69077e+01  6.40712e+01             
       H -9.07021e+01 -1.69693e+01  6.35608e+01             
       H -9.12865e+01 -1.73067e+01  6.49114e+01             
       O -8.16372e+01  2.13541e+00  5.45264e+01             
       H -6.47671e+01 -2.32268e+01  5.70269e+01             
       H -8.20243e+01  2.42275e+00  5.54122e+01             
       O -8.34723e+01 -2.56803e+01  7.18148e+01             
       H -7.96813e+01 -2.94940e+01  6.78316e+01             
       H -9.58700e+01 -2.49284e+01  7.23791e+01             
       O -7.64576e+01 -3.21150e+01  6.50913e+01             
       H -7.59919e+01 -3.27146e+01  6.57056e+01             
       H -7.66915e+01 -3.13368e+01  6.55794e+01             
       O -8.75150e+01 -2.18357e+01  5.87026e+01             
       H -8.73807e+01 -2.14719e+01  5.95782e+01             
       H -8.70061e+01 -2.26656e+01  5.86886e+01             
       O -7.82501e+01 -4.50770e+01  6.13239e+01             
       H -7.87233e+01 -4.51064e+01  6.05082e+01             
       H -7.81697e+01 -4.60029e+01  7.39855e+01             
       O -8.42527e+01 -8.84503e+00  5.88836e+01             
       H -8.50513e+01 -8.40380e+00  5.85230e+01             
       H -8.39846e+01 -8.37390e+00  5.96971e+01             
       O -7.77956e+01 -2.63102e+01  6.75950e+01             
       H -7.79936e+01 -2.67918e+01  6.67898e+01             
       H -7.86944e+01 -2.61024e+01  6.79823e+01             
       O -8.22990e+01 -2.77867e+01  8.05862e+01             
       H -8.29987e+01 -2.72258e+01  8.10114e+01             
       H -8.26625e+01 -2.80926e+01  7.97770e+01             
       O -1.05772e+02 -2.05216e+01  5.29711e+01             
       H -1.05416e+02 -2.06833e+01  5.20961e+01             
       H -1.05886e+02 -2.13215e+01  5.34831e+01             
       O -7.52457e+01 -7.11829e+00  6.92722e+01             
       H -7.49335e+01 -8.01771e+00  6.89812e+01             
       H -7.54296e+01 -7.22356e+00  7.02113e+01             
       O -7.85469e+01 -2.15735e+01  6.44756e+01             
       H -7.84875e+01 -2.20969e+01  6.53032e+01             
       H -7.79072e+01 -2.08031e+01  5.22733e+01             
       O -7.71622e+01 -1.56065e+01  3.51187e+01             
       H -7.76492e+01 -1.60939e+01  3.44453e+01             
       H -8.93614e+01 -1.61628e+01  3.58427e+01             
       O -7.02888e+01 -2.40907e+01  3.92091e+01             
       H -7.00214e+01 -2.39794e+01  4.01479e+01             
       H -6.96397e+01 -2.35371e+01  3.87345e+01             
       O -8.50262e+01 -2.21247e+01  4.30175e+01             
       H -8.50352e+01 -2.25492e+01  4.38611e+01             
       H -8.45711e+01 -2.12588e+01  5.54792e+01             
       O -6.87508e+01 -1.42732e+01  4.59775e+01             
       H -8.61680e+01 -1.89061e+01  5.06330e+01             
       H -6.96213e+01 -1.39033e+01  4.61176e+01             
       O -7.95094e+01 -3.09257e+01  6.68321e+01             
       H -7.85454e+01 -3.10676e+01  6.71221e+01             
       H -7.99040e+01 -3.17365e+01  6.64851e+01             
       O -7.16355e+01 -2.04762e+01  4.93451e+01             
       H -7.22967e+01 -1.97566e+01  4.95439e+01             
       H -7.08369e+01 -2.00866e+01  4.97316e+01             
       O -7.96430e+01 -2.69645e+01  6.07096e+01             
       H -8.02336e+01 -2.67619e+01  5.99559e+01             
       H -7.88420e+01 -2.75387e+01  6.04407e+01             
       O -8.00113e+01 -1.03983e+01  7.08598e+01             
       H -7.92452e+01 -1.01376e+01  7.03660e+01             
       H -8.08101e+01 -1.01909e+01  7.04435e+01             
       O -7.51920e+01  5.29081e+00  7.51231e+01             
       H -7.51231e+01  4.34757e+00  7.48233e+01             
       H -7.55640e+01  5.31292e+00  7.60541e+01             
       O -7.60638e+01 -3.13128e+01  7.21262e+01             
       H -8.62535e+01 -3.01880e+01  5.68800e+01             
       H -7.52202e+01 -3.10652e+01  7.25457e+01             
       O -8.07444e+01 -2.28380e+01  6.10364e+01             
       H -6.89855e+01 -1.51972e+01  4.59225e+01             
       H -8.02543e+01 -2.28525e+01  6.01349e+01             
       O -7.46755e+01 -1.30906e+01  5.48274e+01             
       H -8.07260e+01 -1.05106e+01  5.46972e+01             
       H -7.46581e+01 -1.41397e+01  5.46957e+01             
       O -7.84486e+01 -2.99724e+01  7.12624e+01             
       H -9.11324e+01 -2.98982e+01  8.26979e+01             
       H -7.69216e+01 -1.29283e+01  6.87221e+01             
       O -1.01710e+02 -1.69520e+01  7.47448e+01             
       H -1.01492e+02 -1.78898e+01  7.47182e+01             
       H -1.01065e+02 -1.65083e+01  7.53829e+01             
       O -7.74690e+01 -3.47342e+01  5.71272e+01             
       H -7.67891e+01 -3.43627e+01  5.76987e+01             
       H -8.43200e+01 -2.62352e+01  7.19923e+01             
       O -8.52096e+01 -1.84450e+01  5.06224e+01             
       H -8.47390e+01 -1.87699e+01  5.14544e+01             
       H -9.90027e+01 -2.16006e+01  2.94259e+01             
       O -9.25343e+01 -2.55188e+01  5.61112e+01             
       H -9.22015e+01 -2.47055e+01  5.65180e+01             
       H -9.28755e+01 -2.59283e+01  5.69354e+01             
       O -8.21662e+01 -3.04360e+01  4.85372e+01             
       H -8.16302e+01 -3.12314e+01  4.88541e+01             
       H -8.21335e+01 -2.97888e+01  4.93257e+01             
       O -6.42773e+01 -3.06183e+01  5.49942e+01             
       H -6.44026e+01 -1.73770e+01  5.55278e+01             
       H -6.36452e+01 -3.11683e+01  5.55386e+01             
       O -7.07408e+01 -1.43287e+01  6.34788e+01             
       H -5.74317e+01 -1.47899e+01  6.32205e+01             
       H -7.06404e+01 -1.33922e+01  6.36412e+01             
       O -7.35475e+01 -2.26661e+00  5.93150e+01             
       H -7.62429e+01 -2.81988e+01  5.73517e+01             
       H -8.58216e+01 -1.49203e+00  5.60510e+01             
       O -8.51751e+01 -1.57748e+01  6.23029e+01             
       H -8.51554e+01 -1.67137e+01  6.27763e+01             
       H -8.44392e+01 -1.51966e+01  6.27270e+01             
       O -7.47454e+01 -9.68339e+00  4.92181e+01             
       H -7.40691e+01 -2.27086e+01  4.97547e+01             
       H -7.56124e+01 -1.00392e+01  4.93039e+01             
       O -8.78659e+01 -2.51862e+01  6.29426e+01             
       H -8.69675e+01 -2.48515e+01  6.28277e+01             
       H -8.83046e+01 -2.53217e+01  6.20500e+01             
       O -7.93630e+01 -2.65617e+01  6.50039e+01             
       H -7.94847e+01 -2.74414e+01  6.45903e+01             
       H -8.02467e+01 -2.63568e+01  6.53573e+01             
       O -9.21337e+01 -2.89603e+01  5.61748e+01             
       H -9.30112e+01 -2.85966e+01  6.86680e+01             
       H -9.01010e+01 -4.29320e+01  5.89668e+01             
       O -7.91870e+01 -2.49566e+01  7.49299e+01             
       H -7.92149e+01 -2.52775e+01  7.58118e+01             
       H -7.93441e+01 -2.57280e+01  7.43048e+01             
       O -8.12818e+01 -2.83247e+01  6.25956e+01             
       H -8.06794e+01 -2.89340e+01  6.31060e+01             
       H -8.06983e+01 -2.79495e+01  6.19164e+01             
       O -9.75385e+01 -2.43241e+01  6.57846e+01             
       H -9.74008e+01 -2.35391e+01  6.63100e+01             
       H -9.67496e+01 -2.48340e+01  6.59241e+01             
       O -7.42021e+01 -2.82597e+01  5.41112e+01             
       H -7.47849e+01 -2.81943e+01  5.33114e+01             
       H -7.33285e+01 -2.83283e+01  5.36988e+01             
       O -9.34804e+01 -2.01510e+01  3.73576e+01             
       H -9.26180e+01 -1.97872e+01  3.75855e+01             
       H -9.34058e+01 -2.10249e+01  3.69282e+01             
       O -8.74832e+01 -2.15843e+01  2.90856e+01             
       H -6.10314e+01 -1.45926e+01  4.59660e+01             
       H -8.76724e+01 -2.25235e+01  2.88601e+01             
       O -8.84637e+01 -2.40577e+01  6.53958e+01             
       H -8.82223e+01 -2.43403e+01  6.44785e+01             
       H -8.80843e+01 -2.47413e+01  6.59188e+01             
       O -8.34115e+01 -1.89777e+01  7.74359e+01             
       H -8.37834e+01 -1.91239e+01  7.83332e+01             
       H -8.26491e+01 -1.95232e+01  7.74680e+01             
