192                                                         
# CELL(abcABC):   12.41850    12.41850    12.41850    90.00000    90.00000    90.00000  Step:           0  Bead:       0 x_centroid{angstrom}  cell{angstrom}   
       O -7.88598e+01 -1.27268e+01  6.64705e+01             
       H -7.93016e+01 -1.34772e+01  6.60174e+01             
       H -7.80622e+01 -1.25139e+01  6.59533e+01             
       O -7.42925e+01 -1.24096e+01  6.08445e+01             
       H -6.53629e+01 -1.95977e+01  5.84422e+01             
       H -7.48555e+01 -1.26375e+01  6.01021e+01             
       O -7.59220e+01 -2.37677e+01  5.49402e+01             
       H -7.53353e+01 -1.20809e+01  5.47749e+01             
       H -7.65569e+01 -2.40116e+01  5.56325e+01             
       O -6.06273e+01 -2.03206e+01  5.21196e+01             
       H -6.09927e+01 -1.93831e+01  5.21654e+01             
       H -6.00750e+01 -2.05146e+01  5.29231e+01             
       O -5.84392e+01 -2.07712e+01  5.06143e+01             
       H -5.86534e+01 -2.11156e+01  4.97187e+01             
       H -5.92211e+01 -2.07815e+01  5.11957e+01             
       O -6.07302e+01 -1.88285e+01  6.78216e+01             
       H -6.16055e+01 -1.92388e+01  6.76923e+01             
       H -6.08501e+01 -1.78941e+01  6.77076e+01             
       O -7.39739e+01 -2.27375e+01  3.90314e+01             
       H -7.48988e+01 -2.29168e+01  3.90869e+01             
       H -6.39291e+01  1.88785e+00  5.31259e+01             
       O -5.47634e+01 -1.25711e+01  7.07051e+01             
       H -5.49337e+01 -1.19275e+01  7.00483e+01             
       H -5.44709e+01 -2.44736e+01  7.14523e+01             
       O -7.63430e+01 -7.24055e+00  4.04692e+01             
       H -7.61298e+01 -7.54328e+00  4.13724e+01             
       H -7.60026e+01 -7.95699e+00  3.99433e+01             
       O -6.76110e+01 -2.26814e+01  5.65413e+01             
       H -6.82168e+01 -2.22077e+01  5.70902e+01             
       H -6.82192e+01 -2.30168e+01  5.58540e+01             
       O -7.08020e+01 -6.91380e+00  6.04230e+01             
       H -7.14467e+01 -6.61033e+00  6.11023e+01             
       H -7.13007e+01 -6.87964e+00  5.96099e+01             
       O -6.75428e+01 -1.06742e+01  4.81300e+01             
       H -6.80666e+01 -1.12949e+01  4.86380e+01             
       H -5.79842e+01 -1.40654e+01  4.66219e+01             
       O -6.24361e+01 -3.14240e+01  4.69263e+01             
       H -6.15661e+01 -3.16833e+01  4.66869e+01             
       H -6.18112e+01 -2.62029e+01  6.24130e+01             
       O -7.25958e+01 -1.97283e+01  4.55963e+01             
       H -7.26480e+01 -1.90948e+01  4.48501e+01             
       H -7.26584e+01 -2.05632e+01  4.51183e+01             
       O -5.32484e+01 -2.66198e+01  6.15011e+01             
       H -5.29159e+01 -2.57535e+01  6.12574e+01             
       H -5.24115e+01 -2.70482e+01  6.17238e+01             
       O -6.97961e+01 -1.30799e+01  6.20161e+01             
       H -7.01626e+01 -1.31806e+01  6.11473e+01             
       H -6.91829e+01 -1.37692e+01  6.21749e+01             
       O -7.27192e+01 -1.50693e+01  4.36085e+01             
       H -7.37075e+01 -2.74504e+01  4.36210e+01             
       H -7.23886e+01 -1.40985e+01  4.36991e+01             
       O -7.12428e+01 -2.52349e+01  4.35182e+01             
       H -7.10472e+01 -2.45576e+01  4.42112e+01             
       H -7.05352e+01 -2.58557e+01  4.34218e+01             
       O -7.45567e+01 -1.33696e+01  5.39141e+01             
       H -7.38678e+01 -1.31464e+01  5.32547e+01             
       H -7.52610e+01 -1.36721e+01  5.33166e+01             
       O -6.52086e+01  8.67675e+00  5.31627e+01             
       H -5.22148e+01 -2.38836e+01  4.69705e+01             
       H -6.59962e+01  9.15894e+00  5.35431e+01             
       O -6.95896e+01 -1.84813e+01  6.37554e+01             
       H -6.28326e+01 -2.81954e+01  6.00037e+01             
       H -8.10362e+01 -1.86816e+01  6.38725e+01             
       O -6.54729e+01 -3.14265e+01  5.64731e+01             
       H -6.48415e+01 -3.07751e+01  5.61461e+01             
       H -6.63375e+01 -3.10943e+01  5.61485e+01             
       O -6.84699e+01 -1.63878e+01  5.81923e+01             
       H -6.76016e+01 -1.62225e+01  5.85973e+01             
       H -6.91118e+01 -1.61756e+01  5.88799e+01             
       O -6.17128e+01 -4.24545e+01  5.18943e+01             
       H -6.12124e+01 -4.17166e+01  5.23780e+01             
       H -6.26172e+01 -4.25210e+01  6.46639e+01             
       O -7.12472e+01 -8.30232e+00  5.41150e+01             
       H -7.15475e+01 -7.55998e+00  5.46690e+01             
       H -7.03087e+01 -8.19808e+00  5.39239e+01             
       O -6.29942e+01 -2.11112e+01  5.53256e+01             
       H -6.36327e+01 -2.10632e+01  5.60338e+01             
       H -6.29741e+01 -2.20969e+01  5.52762e+01             
       O -6.67401e+01 -1.84797e+01  7.36302e+01             
       H -6.61884e+01 -1.86944e+01  7.28257e+01             
       H -6.73337e+01 -1.77832e+01  7.33923e+01             
       O -8.39224e+01 -1.53411e+01  4.64347e+01             
       H -8.43148e+01 -1.59485e+01  4.57948e+01             
       H -8.43093e+01 -1.56382e+01  4.72826e+01             
       O -6.09785e+01 -6.13165e+00  6.18465e+01             
       H -6.14294e+01 -5.76449e+00  6.26459e+01             
       H -6.15925e+01 -5.98831e+00  6.11231e+01             
       O -6.43454e+01 -1.31496e+01  5.19503e+01             
       H -6.43090e+01 -1.23180e+01  5.14702e+01             
       H -6.47773e+01 -1.37346e+01  3.89448e+01             
       O -5.98071e+01 -1.16258e+01  2.85903e+01             
       H -6.01572e+01 -1.07795e+01  2.84039e+01             
       H -7.19831e+01 -1.17582e+01  2.94959e+01             
       O -5.36749e+01 -1.58466e+01  3.45872e+01             
       H -5.35506e+01 -1.51663e+01  3.52463e+01             
       H -5.27670e+01 -1.60720e+01  3.42657e+01             
       O -6.93475e+01 -2.30623e+01  3.87723e+01             
       H -6.95708e+01 -2.36172e+01  3.80393e+01             
       H -6.98724e+01 -2.22848e+01  5.11261e+01             
       O -5.54284e+01 -1.48878e+01  3.79834e+01             
       H -6.56028e+01 -9.64045e+00  4.47521e+01             
       H -5.59177e+01 -1.56857e+01  3.77075e+01             
       O -6.50294e+01 -2.54934e+01  5.65005e+01             
       H -6.56586e+01 -2.55198e+01  5.57681e+01             
       H -6.56472e+01 -2.55784e+01  5.72558e+01             
       O -5.60624e+01 -1.88716e+01  4.43965e+01             
       H -5.60848e+01 -1.80433e+01  4.49391e+01             
       H -5.66132e+01 -1.86253e+01  4.36520e+01             
       O -5.90625e+01 -2.61970e+01  5.18610e+01             
       H -5.92213e+01 -2.53444e+01  5.23798e+01             
       H -5.85830e+01 -2.59948e+01  5.10919e+01             
       O -6.41291e+01 -5.97781e+00  6.25189e+01             
       H -6.50460e+01 -6.15527e+00  6.24132e+01             
       H -6.38387e+01 -6.66507e+00  6.18944e+01             
       O -5.59416e+01  4.29692e+00  7.32045e+01             
       H -5.67209e+01  4.80416e+00  7.34233e+01             
       H -5.53221e+01  5.00801e+00  7.34617e+01             
       O -6.15279e+01 -2.67461e+01  6.31301e+01             
       H -7.38617e+01 -2.17781e+01  3.92004e+01             
       H -6.08079e+01 -2.63643e+01  6.36597e+01             
       O -6.52500e+01 -1.97362e+01  5.93897e+01             
       H -5.46766e+01 -1.45516e+01  3.74982e+01             
       H -6.52957e+01 -2.07035e+01  5.94736e+01             
       O -5.73256e+01 -1.33168e+01  4.67383e+01             
       H -6.54271e+01 -3.93125e+00  5.22755e+01             
       H -5.64687e+01 -1.35524e+01  4.64563e+01             
       O -6.31225e+01 -2.75190e+01  5.66577e+01             
       H -7.62762e+01 -2.68715e+01  6.89560e+01             
       H -6.22765e+01 -1.17118e+01  6.13567e+01             
       O -8.83197e+01 -1.57942e+01  6.19184e+01             
       H -8.85624e+01 -1.67147e+01  6.19289e+01             
       H -8.75665e+01 -1.56960e+01  6.25413e+01             
       O -6.50858e+01 -3.65928e+01  4.78029e+01             
       H -6.56300e+01 -3.59407e+01  4.81980e+01             
       H -7.00040e+01 -1.92765e+01  6.33606e+01             
       O -6.48150e+01 -9.52109e+00  4.52261e+01             
       H -6.43564e+01 -1.03619e+01  4.50745e+01             
       H -8.51548e+01 -2.31199e+01  2.14367e+01             
       O -7.53654e+01 -2.43444e+01  4.59446e+01             
       H -7.46217e+01 -2.37028e+01  4.60973e+01             
       H -7.51925e+01 -2.50570e+01  4.53540e+01             
       O -6.88438e+01 -2.37371e+01  4.13322e+01             
       H -6.91596e+01 -2.37211e+01  4.04241e+01             
       H -6.79919e+01 -2.42139e+01  4.13805e+01             
       O -4.75261e+01 -2.82989e+01  5.33091e+01             
       H -4.78850e+01 -1.55094e+01  5.41686e+01             
       H -4.71200e+01 -2.75257e+01  5.28571e+01             
       O -5.77715e+01 -5.20090e+00  5.40093e+01             
       H -4.61398e+01 -4.69767e+00  5.37362e+01             
       H -5.73175e+01 -5.41381e+00  5.31844e+01             
       O -6.41045e+01  2.22317e+00  5.22430e+01             
       H -6.30783e+01 -3.19015e+01  4.63922e+01             
       H -6.77524e+01  2.67624e+00  4.83572e+01             
       O -6.90838e+01 -1.67980e+01  4.93074e+01             
       H -6.92295e+01 -1.74360e+01  5.00723e+01             
       H -6.98716e+01 -1.63226e+01  4.91470e+01             
       O -6.94406e+01 -8.76494e+00  4.58015e+01             
       H -6.91981e+01 -2.03826e+01  4.52567e+01             
       H -6.91080e+01 -8.47070e+00  4.66479e+01             
       O -7.58268e+01 -1.72717e+01  5.50042e+01             
       H -7.60132e+01 -1.64900e+01  5.55119e+01             
       H -7.63901e+01 -1.72322e+01  5.42058e+01             
       O -6.82301e+01 -2.09725e+01  5.40933e+01             
       H -6.83971e+01 -2.18953e+01  5.42125e+01             
       H -6.81441e+01 -2.06923e+01  5.50378e+01             
       O -7.52564e+01 -2.85461e+01  4.66861e+01             
       H -7.50435e+01 -2.94693e+01  5.90658e+01             
       H -7.55362e+01 -4.01969e+01  4.52086e+01             
       O -6.06256e+01 -2.17416e+01  6.14612e+01             
       H -6.07705e+01 -2.23120e+01  6.22349e+01             
       H -6.08262e+01 -2.07823e+01  6.17457e+01             
       O -6.64568e+01 -2.25046e+01  5.12373e+01             
       H -6.65735e+01 -2.15819e+01  5.11028e+01             
       H -6.73725e+01 -2.28415e+01  5.13048e+01             
       O -8.18475e+01 -1.48805e+01  5.56523e+01             
       H -8.16202e+01 -1.51446e+01  5.65374e+01             
       H -8.24762e+01 -1.55028e+01  5.54094e+01             
       O -5.85015e+01 -2.34838e+01  4.56561e+01             
       H -5.79479e+01 -2.26558e+01  4.56373e+01             
       H -5.79733e+01 -2.41959e+01  4.60975e+01             
       O -7.91667e+01 -1.96330e+01  2.72560e+01             
       H -7.95974e+01 -2.02208e+01  2.79361e+01             
       H -7.82637e+01 -1.96269e+01  2.75394e+01             
       O -7.34808e+01 -2.25132e+01  2.15791e+01             
       H -5.26216e+01 -1.02839e+01  3.97803e+01             
       H -7.33180e+01 -2.22388e+01  2.24683e+01             
       O -7.20757e+01 -1.59847e+01  4.91110e+01             
       H -7.24142e+01 -1.68505e+01  4.93530e+01             
       H -7.24293e+01 -1.53256e+01  4.97361e+01             
       O -6.77255e+01 -1.48519e+01  7.80832e+01             
       H -6.79746e+01 -1.48391e+01  7.71140e+01             
       H -6.85129e+01 -1.49993e+01  7.85957e+01             
192                                                         
# CELL(abcABC):   12.41850    12.41850    12.41850    90.00000    90.00000    90.00000  Step:      200000  Bead:       0 x_centroid{angstrom}  cell{angstrom}   
       O -9.38461e+01 -1.71669e+01  7.57325e+01             
       H -9.28924e+01 -1.71268e+01  7.57775e+01             
       H -9.41231e+01 -1.70362e+01  7.67262e+01             
       O -9.06242e+01 -1.34019e+01  7.00378e+01             
       H -8.07678e+01 -2.53106e+01  7.20239e+01             
       H -9.07275e+01 -1.40546e+01  6.93215e+01             
       O -9.64123e+01 -2.86188e+01  5.73068e+01             
       H -9.72448e+01 -1.62781e+01  5.78738e+01             
       H -9.64608e+01 -2.93263e+01  5.66292e+01             
       O -7.73799e+01 -2.57498e+01  6.33228e+01             
       H -7.71725e+01 -2.48225e+01  6.30621e+01             
       H -7.66689e+01 -2.62617e+01  6.28807e+01             
       O -7.48182e+01 -2.78101e+01  6.34519e+01             
       H -7.40096e+01 -2.81872e+01  6.30751e+01             
       H -7.48180e+01 -2.68457e+01  6.33904e+01             
       O -8.07883e+01 -2.45357e+01  7.55898e+01             
       H -8.06505e+01 -2.40573e+01  7.47690e+01             
       H -7.99942e+01 -2.41440e+01  7.60841e+01             
       O -8.90809e+01 -2.34667e+01  4.87658e+01             
       H -8.99326e+01 -2.31319e+01  4.85959e+01             
       H -8.16977e+01 -4.54799e+00  5.84898e+01             
       O -7.67137e+01 -1.75322e+01  7.58382e+01             
       H -7.74490e+01 -1.71670e+01  7.63170e+01             
       H -7.62357e+01 -2.91416e+01  7.55739e+01             
       O -9.45974e+01 -1.42963e+01  4.83743e+01             
       H -9.46572e+01 -1.52572e+01  4.81680e+01             
       H -9.49270e+01 -1.39380e+01  4.91791e+01             
       O -8.33369e+01 -2.43357e+01  6.67831e+01             
       H -8.32548e+01 -2.38555e+01  6.59439e+01             
       H -8.35978e+01 -2.52095e+01  6.65572e+01             
       O -8.57975e+01 -1.17094e+01  6.80642e+01             
       H -8.49644e+01 -1.16215e+01  6.76120e+01             
       H -8.64972e+01 -1.15984e+01  6.73624e+01             
       O -8.61399e+01 -1.65597e+01  5.90794e+01             
       H -8.63225e+01 -1.75280e+01  5.90994e+01             
       H -7.51532e+01 -1.51511e+01  5.73201e+01             
       O -7.58152e+01 -3.58808e+01  5.43540e+01             
       H -7.56873e+01 -3.50788e+01  5.38093e+01             
       H -7.92379e+01 -3.03307e+01  7.21105e+01             
       O -9.02567e+01 -2.76248e+01  5.55242e+01             
       H -8.98546e+01 -2.69266e+01  5.49106e+01             
       H -8.95156e+01 -2.80516e+01  5.59181e+01             
       O -6.67122e+01 -3.60385e+01  6.49159e+01             
       H -6.60689e+01 -3.53119e+01  6.46918e+01             
       H -6.72228e+01 -3.56081e+01  6.56746e+01             
       O -8.68993e+01 -1.86128e+01  6.79563e+01             
       H -8.75869e+01 -1.83131e+01  6.86207e+01             
       H -8.72026e+01 -1.82357e+01  6.71176e+01             
       O -8.99140e+01 -1.99377e+01  4.99866e+01             
       H -8.96757e+01 -3.14758e+01  5.03316e+01             
       H -9.06440e+01 -1.97222e+01  4.93898e+01             
       O -8.55927e+01 -3.26680e+01  5.20126e+01             
       H -8.60703e+01 -3.20406e+01  5.25508e+01             
       H -8.47652e+01 -3.27373e+01  5.25422e+01             
       O -9.09958e+01 -1.66325e+01  6.56153e+01             
       H -9.14779e+01 -1.57617e+01  6.52469e+01             
       H -9.06517e+01 -1.63221e+01  6.64853e+01             
       O -7.97551e+01  5.95130e+00  6.11332e+01             
       H -7.12886e+01 -2.75287e+01  5.38334e+01             
       H -8.02131e+01  6.74688e+00  6.15078e+01             
       O -8.63619e+01 -2.50677e+01  7.54440e+01             
       H -7.97724e+01 -2.98627e+01  6.96731e+01             
       H -9.89334e+01 -2.41862e+01  7.57871e+01             
       O -8.29906e+01 -3.31044e+01  6.54461e+01             
       H -8.29174e+01 -3.39070e+01  6.49138e+01             
       H -8.22001e+01 -3.25868e+01  6.51610e+01             
       O -8.19677e+01 -1.66425e+01  6.59090e+01             
       H -8.25500e+01 -1.72785e+01  6.63364e+01             
       H -8.13694e+01 -1.62500e+01  6.65935e+01             
       O -7.95927e+01 -4.72022e+01  5.99396e+01             
       H -7.97289e+01 -4.65440e+01  5.92188e+01             
       H -7.99020e+01 -4.80004e+01  7.19846e+01             
       O -8.89966e+01 -1.34254e+01  6.58561e+01             
       H -8.93273e+01 -1.31908e+01  6.49318e+01             
       H -8.86865e+01 -1.25394e+01  6.62774e+01             
       O -7.92859e+01 -2.78450e+01  6.27885e+01             
       H -7.87891e+01 -2.70628e+01  6.24509e+01             
       H -8.01907e+01 -2.75797e+01  6.26740e+01             
       O -8.52652e+01 -2.03758e+01  8.17652e+01             
       H -8.58827e+01 -1.97893e+01  8.12747e+01             
       H -8.52293e+01 -2.00542e+01  8.26737e+01             
       O -1.02598e+02 -2.01731e+01  5.55692e+01             
       H -1.03268e+02 -1.96354e+01  5.49480e+01             
       H -1.03265e+02 -2.06609e+01  5.60984e+01             
       O -7.32222e+01 -1.11557e+01  7.24941e+01             
       H -7.37874e+01 -1.08291e+01  7.17266e+01             
       H -7.25867e+01 -1.17779e+01  7.21238e+01             
       O -8.39011e+01 -1.81383e+01  5.51852e+01             
       H -8.48325e+01 -1.81582e+01  5.49824e+01             
       H -8.38481e+01 -1.89894e+01  4.32728e+01             
       O -7.70578e+01 -1.54073e+01  3.56278e+01             
       H -7.66595e+01 -1.46415e+01  3.51725e+01             
       H -8.87246e+01 -1.59847e+01  3.58000e+01             
       O -6.81147e+01 -1.98387e+01  3.93406e+01             
       H -6.80346e+01 -2.04638e+01  3.85865e+01             
       H -6.85540e+01 -1.90636e+01  3.89217e+01             
       O -8.38235e+01 -2.63884e+01  5.07986e+01             
       H -8.46054e+01 -2.58108e+01  5.08869e+01             
       H -8.34768e+01 -2.63768e+01  6.41341e+01             
       O -7.47901e+01 -1.78260e+01  4.06372e+01             
       H -8.09500e+01 -1.59781e+01  5.60626e+01             
       H -7.47110e+01 -1.68159e+01  4.06481e+01             
       O -7.98235e+01 -3.11361e+01  6.66447e+01             
       H -7.94119e+01 -3.03181e+01  6.63040e+01             
       H -8.05094e+01 -3.13754e+01  6.60373e+01             
       O -7.41142e+01 -2.62896e+01  5.75769e+01             
       H -7.32931e+01 -2.67418e+01  5.77871e+01             
       H -7.39159e+01 -2.56123e+01  5.69178e+01             
       O -7.46011e+01 -3.13994e+01  5.91446e+01             
       H -7.53410e+01 -3.13493e+01  5.84824e+01             
       H -7.49052e+01 -3.19745e+01  5.98509e+01             
       O -8.24218e+01 -9.00607e+00  6.83654e+01             
       H -8.33012e+01 -9.08190e+00  6.87662e+01             
       H -8.27673e+01 -8.68055e+00  6.75513e+01             
       O -6.95168e+01 -7.24196e+00  8.41218e+01             
       H -6.99935e+01 -6.37772e+00  8.41139e+01             
       H -7.01690e+01 -7.89552e+00  8.38825e+01             
       O -7.88541e+01 -2.98003e+01  7.14011e+01             
       H -8.90027e+01 -2.41544e+01  4.80804e+01             
       H -7.82587e+01 -2.91988e+01  7.19198e+01             
       O -8.03830e+01 -2.48163e+01  7.12619e+01             
       H -7.55400e+01 -1.79299e+01  4.00231e+01             
       H -8.10737e+01 -2.47619e+01  7.05654e+01             
       O -7.56493e+01 -1.58822e+01  5.67969e+01             
       H -8.05397e+01 -7.00944e+00  6.08340e+01             
       H -7.55487e+01 -1.67128e+01  5.72612e+01             
       O -7.72916e+01 -3.39043e+01  6.46330e+01             
       H -9.00399e+01 -3.35240e+01  7.78573e+01             
       H -7.89691e+01 -1.31829e+01  7.05724e+01             
       O -1.04812e+02 -2.05183e+01  6.97209e+01             
       H -1.05231e+02 -1.98421e+01  7.02573e+01             
       H -1.05580e+02 -2.06665e+01  6.91417e+01             
       O -8.42292e+01 -3.91723e+01  5.36434e+01             
       H -8.50901e+01 -3.95268e+01  5.34225e+01             
       H -8.66296e+01 -2.50725e+01  7.45043e+01             
       O -8.08155e+01 -1.51662e+01  5.55224e+01             
       H -7.98135e+01 -1.50959e+01  5.54224e+01             
       H -1.00250e+02 -2.53834e+01  3.40500e+01             
       O -9.26520e+01 -2.30140e+01  5.47113e+01             
       H -9.35278e+01 -2.30666e+01  5.51090e+01             
       H -9.20255e+01 -2.30043e+01  5.54041e+01             
       O -8.90990e+01 -3.08741e+01  4.49957e+01             
       H -8.95121e+01 -3.15459e+01  4.44165e+01             
       H -8.97974e+01 -3.04412e+01  4.54802e+01             
       O -6.26540e+01 -3.32616e+01  6.11148e+01             
       H -6.35349e+01 -2.06218e+01  6.14248e+01             
       H -6.27669e+01 -3.41604e+01  6.08730e+01             
       O -7.47316e+01 -1.02349e+01  6.42397e+01             
       H -6.17123e+01 -9.42736e+00  6.42836e+01             
       H -7.55804e+01 -9.76775e+00  6.39995e+01             
       O -8.22711e+01 -4.43778e+00  5.92589e+01             
       H -7.65666e+01 -3.57326e+01  5.49415e+01             
       H -8.56026e+01 -3.88033e+00  5.98518e+01             
       O -8.38562e+01 -2.23877e+01  6.16530e+01             
       H -8.42377e+01 -2.15560e+01  6.21050e+01             
       H -8.46621e+01 -2.28805e+01  6.12103e+01             
       O -8.41439e+01 -1.32267e+01  5.89964e+01             
       H -8.36387e+01 -2.54377e+01  5.81298e+01             
       H -8.34108e+01 -1.35479e+01  5.96082e+01             
       O -9.55196e+01 -2.32501e+01  6.41000e+01             
       H -9.60090e+01 -2.31626e+01  6.32554e+01             
       H -9.46212e+01 -2.36370e+01  6.39344e+01             
       O -7.99700e+01 -2.63057e+01  6.54332e+01             
       H -8.05253e+01 -2.60182e+01  6.47314e+01             
       H -7.91910e+01 -2.57195e+01  6.53783e+01             
       O -9.29959e+01 -2.99874e+01  5.67260e+01             
       H -9.28945e+01 -3.05562e+01  6.83612e+01             
       H -9.00971e+01 -4.58144e+01  5.14331e+01             
       O -7.75657e+01 -2.29471e+01  6.91912e+01             
       H -7.77382e+01 -2.37706e+01  6.96502e+01             
       H -7.67676e+01 -2.25378e+01  6.95560e+01             
       O -8.20670e+01 -2.53239e+01  5.66735e+01             
       H -8.24802e+01 -2.49069e+01  5.59301e+01             
       H -8.16908e+01 -2.62321e+01  5.62689e+01             
       O -9.69606e+01 -1.94988e+01  6.20013e+01             
       H -9.76104e+01 -1.96752e+01  6.27135e+01             
       H -9.74490e+01 -1.96355e+01  6.11563e+01             
       O -7.45310e+01 -2.75463e+01  5.40667e+01             
       H -7.52166e+01 -2.68991e+01  5.38220e+01             
       H -7.45248e+01 -2.76334e+01  5.50246e+01             
       O -9.36422e+01 -2.14805e+01  3.71049e+01             
       H -9.30876e+01 -2.18175e+01  3.63379e+01             
       H -9.45614e+01 -2.17112e+01  3.68752e+01             
       O -8.86831e+01 -2.54967e+01  3.45073e+01             
       H -7.05447e+01 -1.64454e+01  4.63345e+01             
       H -8.93089e+01 -2.57121e+01  3.37275e+01             
       O -8.71539e+01 -2.24999e+01  5.79271e+01             
       H -8.66766e+01 -2.29616e+01  5.71963e+01             
       H -8.68658e+01 -2.15856e+01  5.78323e+01             
       O -8.46711e+01 -1.63501e+01  8.69987e+01             
       H -8.42873e+01 -1.71995e+01  8.71998e+01             
       H -8.42619e+01 -1.55686e+01  8.74707e+01             
