192                                                         
# CELL(abcABC):   12.41850    12.41850    12.41850    90.00000    90.00000    90.00000  Step:           0  Bead:       0 x_centroid{angstrom}  cell{angstrom}   
       O -7.78019e+01 -1.30879e+01  6.38126e+01             
       H -7.85313e+01 -1.27785e+01  6.32188e+01             
       H -7.70486e+01 -1.26728e+01  6.34630e+01             
       O -6.99074e+01 -1.06122e+01  6.05876e+01             
       H -6.33899e+01 -1.77649e+01  5.52636e+01             
       H -7.07580e+01 -1.06519e+01  6.10484e+01             
       O -6.99305e+01 -2.36355e+01  5.22769e+01             
       H -6.98277e+01 -1.03500e+01  5.27748e+01             
       H -7.02319e+01 -2.41494e+01  5.30454e+01             
       O -5.71897e+01 -2.15954e+01  5.41544e+01             
       H -5.73148e+01 -2.17024e+01  5.51529e+01             
       H -5.63826e+01 -2.21178e+01  5.41907e+01             
       O -5.61737e+01 -2.00364e+01  5.11280e+01             
       H -5.70957e+01 -2.00586e+01  5.07484e+01             
       H -5.61750e+01 -1.98908e+01  5.20470e+01             
       O -5.90520e+01 -1.84920e+01  6.38081e+01             
       H -5.97315e+01 -1.82190e+01  6.31372e+01             
       H -5.94806e+01 -1.91865e+01  6.43415e+01             
       O -6.99772e+01 -2.19094e+01  4.44568e+01             
       H -7.01497e+01 -2.09699e+01  4.47324e+01             
       H -5.90810e+01  1.93963e+00  5.18450e+01             
       O -5.15469e+01 -1.31856e+01  6.85772e+01             
       H -5.23753e+01 -1.31192e+01  6.80608e+01             
       H -5.12323e+01 -2.47404e+01  6.83779e+01             
       O -7.31695e+01 -7.87464e+00  4.08006e+01             
       H -7.28651e+01 -7.78271e+00  4.17334e+01             
       H -7.39389e+01 -8.45747e+00  4.07977e+01             
       O -6.57236e+01 -2.51884e+01  5.42123e+01             
       H -6.61669e+01 -2.43048e+01  5.44762e+01             
       H -6.53761e+01 -2.49785e+01  5.33050e+01             
       O -7.14956e+01 -5.45655e+00  6.02970e+01             
       H -7.22688e+01 -5.35457e+00  6.08706e+01             
       H -7.07627e+01 -4.96868e+00  6.07269e+01             
       O -6.61136e+01 -9.56017e+00  4.74627e+01             
       H -6.63990e+01 -9.61602e+00  4.83906e+01             
       H -5.60861e+01 -1.34914e+01  4.71845e+01             
       O -6.10227e+01 -2.93764e+01  4.56115e+01             
       H -6.01299e+01 -2.92055e+01  4.59960e+01             
       H -5.80479e+01 -2.52652e+01  6.00152e+01             
       O -7.09389e+01 -1.93926e+01  4.52714e+01             
       H -7.02225e+01 -1.87129e+01  4.53240e+01             
       H -7.11867e+01 -1.92281e+01  4.62550e+01             
       O -5.11685e+01 -2.29799e+01  6.03773e+01             
       H -5.19992e+01 -2.26122e+01  6.01208e+01             
       H -5.04581e+01 -2.23803e+01  6.01242e+01             
       O -6.80709e+01 -1.27882e+01  6.23901e+01             
       H -6.85783e+01 -1.23509e+01  6.30725e+01             
       H -6.79492e+01 -1.37798e+01  6.26085e+01             
       O -7.06509e+01 -1.26014e+01  4.48271e+01             
       H -7.04538e+01 -2.43340e+01  4.54707e+01             
       H -7.16178e+01 -1.25525e+01  4.46583e+01             
       O -6.79999e+01 -2.67986e+01  4.13903e+01             
       H -6.72130e+01 -2.62030e+01  4.15664e+01             
       H -6.77794e+01 -2.76940e+01  4.17733e+01             
       O -7.27838e+01 -1.29507e+01  5.28528e+01             
       H -7.20270e+01 -1.29588e+01  5.34194e+01             
       H -7.29495e+01 -1.20320e+01  5.24972e+01             
       O -6.61124e+01  7.69201e+00  4.64682e+01             
       H -4.85846e+01 -2.19050e+01  4.65401e+01             
       H -6.57235e+01  8.35530e+00  4.58975e+01             
       O -6.72266e+01 -1.80597e+01  6.15784e+01             
       H -6.36085e+01 -2.24871e+01  5.77864e+01             
       H -7.86649e+01 -1.80163e+01  6.16478e+01             
       O -6.08338e+01 -2.87899e+01  5.51550e+01             
       H -6.10083e+01 -2.88321e+01  5.61226e+01             
       H -6.13208e+01 -2.80012e+01  5.48656e+01             
       O -6.90006e+01 -1.73764e+01  5.79809e+01             
       H -6.82672e+01 -1.75469e+01  5.86265e+01             
       H -6.95920e+01 -1.66911e+01  5.83399e+01             
       O -6.18849e+01 -4.22129e+01  5.30564e+01             
       H -6.12738e+01 -4.19843e+01  5.37390e+01             
       H -6.15535e+01 -4.28904e+01  6.49523e+01             
       O -6.59088e+01 -6.13951e+00  5.20542e+01             
       H -6.58103e+01 -5.18697e+00  5.20243e+01             
       H -6.49758e+01 -6.38022e+00  5.19299e+01             
       O -6.08671e+01 -1.97107e+01  5.62805e+01             
       H -6.03433e+01 -1.91535e+01  5.68574e+01             
       H -6.07627e+01 -2.05852e+01  5.66242e+01             
       O -6.75217e+01 -2.00844e+01  6.91655e+01             
       H -6.73615e+01 -2.04748e+01  6.83061e+01             
       H -6.73407e+01 -1.91138e+01  6.91026e+01             
       O -8.31830e+01 -1.53899e+01  4.58762e+01             
       H -8.34816e+01 -1.47292e+01  4.53002e+01             
       H -8.31062e+01 -1.49287e+01  4.67174e+01             
       O -6.10180e+01 -4.39048e+00  6.23748e+01             
       H -6.05105e+01 -3.57092e+00  6.25381e+01             
       H -6.14954e+01 -4.54905e+00  6.32061e+01             
       O -6.02230e+01 -1.16706e+01  4.91736e+01             
       H -6.07783e+01 -1.14679e+01  4.84172e+01             
       H -6.04037e+01 -1.25668e+01  3.69654e+01             
       O -5.80918e+01 -1.31655e+01  2.93966e+01             
       H -5.72179e+01 -1.35752e+01  2.92748e+01             
       H -7.04272e+01 -1.28396e+01  3.02948e+01             
       O -5.22291e+01 -1.60063e+01  3.20907e+01             
       H -5.18081e+01 -1.51719e+01  3.20971e+01             
       H -5.15643e+01 -1.67313e+01  3.19272e+01             
       O -6.67613e+01 -2.22295e+01  3.77404e+01             
       H -6.71558e+01 -2.31071e+01  3.77869e+01             
       H -6.74252e+01 -2.15497e+01  5.04560e+01             
       O -5.03341e+01 -1.32584e+01  3.56628e+01             
       H -6.63169e+01 -9.77940e+00  4.27042e+01             
       H -5.11999e+01 -1.37578e+01  3.55847e+01             
       O -6.23798e+01 -2.68854e+01  5.38076e+01             
       H -6.16690e+01 -2.64265e+01  5.32843e+01             
       H -6.27710e+01 -2.63597e+01  5.45757e+01             
       O -5.18358e+01 -1.61321e+01  3.91415e+01             
       H -5.11184e+01 -1.61862e+01  3.97950e+01             
       H -5.23994e+01 -1.53902e+01  3.92827e+01             
       O -5.51756e+01 -2.76698e+01  5.09331e+01             
       H -5.47674e+01 -2.72650e+01  5.17280e+01             
       H -5.60152e+01 -2.80928e+01  5.12915e+01             
       O -6.27427e+01 -6.59931e+00  5.94648e+01             
       H -6.33780e+01 -6.75177e+00  5.87268e+01             
       H -6.24453e+01 -7.50120e+00  5.96192e+01             
       O -5.31130e+01  4.98101e+00  7.10876e+01             
       H -5.33050e+01  5.96850e+00  7.11999e+01             
       H -5.36146e+01  4.72669e+00  7.02864e+01             
       O -5.79922e+01 -2.60992e+01  6.04940e+01             
       H -6.92855e+01 -2.22039e+01  4.50803e+01             
       H -5.85663e+01 -2.58927e+01  6.12013e+01             
       O -6.34765e+01 -1.85333e+01  5.59086e+01             
       H -5.05476e+01 -1.22916e+01  3.54860e+01             
       H -6.25157e+01 -1.87820e+01  5.58271e+01             
       O -5.53229e+01 -1.28728e+01  4.70820e+01             
       H -6.62082e+01 -4.20781e+00  4.72738e+01             
       H -5.53906e+01 -1.23485e+01  4.79027e+01             
       O -6.09128e+01 -2.49302e+01  5.67388e+01             
       H -7.40254e+01 -2.47378e+01  6.85977e+01             
       H -5.72785e+01 -9.65564e+00  6.03853e+01             
       O -8.60850e+01 -1.42650e+01  5.84491e+01             
       H -8.65742e+01 -1.38308e+01  5.91786e+01             
       H -8.63882e+01 -1.51786e+01  5.83613e+01             
       O -6.15980e+01 -3.40046e+01  4.72412e+01             
       H -6.11482e+01 -3.37552e+01  4.80684e+01             
       H -6.76278e+01 -1.84832e+01  6.23841e+01             
       O -6.69850e+01 -1.04475e+01  4.27589e+01             
       H -6.72725e+01 -1.06257e+01  4.36503e+01             
       H -8.05968e+01 -1.95168e+01  2.34346e+01             
       O -7.27713e+01 -2.21340e+01  4.48053e+01             
       H -7.17812e+01 -2.21212e+01  4.47544e+01             
       H -7.30898e+01 -2.30046e+01  4.45666e+01             
       O -6.33305e+01 -2.34767e+01  3.84694e+01             
       H -6.38196e+01 -2.32917e+01  3.76525e+01             
       H -6.24562e+01 -2.36132e+01  3.81126e+01             
       O -4.72595e+01 -2.67590e+01  5.05139e+01             
       H -4.75446e+01 -1.38683e+01  5.12779e+01             
       H -4.64354e+01 -2.71724e+01  5.07704e+01             
       O -5.63887e+01 -6.14744e+00  5.42226e+01             
       H -4.35330e+01 -5.53346e+00  5.47720e+01             
       H -5.67860e+01 -6.91469e+00  5.46932e+01             
       O -6.00202e+01  2.16307e+00  5.19279e+01             
       H -6.13227e+01 -3.01986e+01  4.60058e+01             
       H -6.60867e+01  3.80646e+00  4.72413e+01             
       O -6.93956e+01 -1.64713e+01  4.87603e+01             
       H -6.86563e+01 -1.69785e+01  4.91289e+01             
       H -6.97121e+01 -1.59730e+01  4.95222e+01             
       O -6.54871e+01 -8.15899e+00  4.19204e+01             
       H -6.60098e+01 -2.01410e+01  4.11661e+01             
       H -6.48246e+01 -7.47140e+00  4.21531e+01             
       O -7.05520e+01 -1.60543e+01  5.41799e+01             
       H -7.04451e+01 -1.69885e+01  5.43930e+01             
       H -7.14973e+01 -1.58907e+01  5.44477e+01             
       O -6.28190e+01 -2.21795e+01  5.33728e+01             
       H -6.29990e+01 -2.27139e+01  5.25623e+01             
       H -6.36462e+01 -2.17140e+01  5.35561e+01             
       O -7.60452e+01 -2.24974e+01  4.43658e+01             
       H -7.57935e+01 -2.16605e+01  5.64515e+01             
       H -7.37103e+01 -3.79381e+01  4.49865e+01             
       O -6.08013e+01 -2.09755e+01  6.21673e+01             
       H -6.04665e+01 -2.16134e+01  6.28017e+01             
       H -6.16096e+01 -2.05633e+01  6.25855e+01             
       O -6.35092e+01 -2.00308e+01  5.09951e+01             
       H -6.38932e+01 -1.96351e+01  5.02182e+01             
       H -6.40034e+01 -2.08807e+01  5.11960e+01             
       O -7.97109e+01 -1.67440e+01  5.57403e+01             
       H -7.88233e+01 -1.66176e+01  5.61683e+01             
       H -8.03936e+01 -1.67165e+01  5.64729e+01             
       O -5.51291e+01 -2.31833e+01  4.53725e+01             
       H -5.44057e+01 -2.27437e+01  4.58104e+01             
       H -5.53142e+01 -2.39758e+01  4.58152e+01             
       O -7.68456e+01 -1.78569e+01  2.43418e+01             
       H -7.63391e+01 -1.70802e+01  2.46988e+01             
       H -7.63152e+01 -1.80326e+01  2.35465e+01             
       O -6.90061e+01 -2.00247e+01  2.33420e+01             
       H -4.75209e+01 -9.42490e+00  3.99995e+01             
       H -6.96737e+01 -1.93251e+01  2.32374e+01             
       O -7.01234e+01 -1.59711e+01  5.16316e+01             
       H -7.00640e+01 -1.59276e+01  5.26419e+01             
       H -7.06954e+01 -1.68072e+01  5.15466e+01             
       O -6.58223e+01 -1.47091e+01  7.30621e+01             
       H -6.63448e+01 -1.39666e+01  7.28084e+01             
       H -6.59109e+01 -1.46431e+01  7.40116e+01             
192                                                         
# CELL(abcABC):   12.41850    12.41850    12.41850    90.00000    90.00000    90.00000  Step:      200000  Bead:       0 x_centroid{angstrom}  cell{angstrom}   
       O -8.92708e+01 -1.20463e+01  6.99486e+01             
       H -8.99272e+01 -1.20928e+01  7.06130e+01             
       H -8.98065e+01 -1.15952e+01  6.92076e+01             
       O -8.57783e+01 -1.51008e+01  7.47138e+01             
       H -7.18036e+01 -2.23081e+01  6.39807e+01             
       H -8.67193e+01 -1.53717e+01  7.48113e+01             
       O -8.32604e+01 -2.72030e+01  5.53937e+01             
       H -8.24704e+01 -1.51809e+01  5.49206e+01             
       H -8.29804e+01 -2.64156e+01  5.59163e+01             
       O -6.87379e+01 -2.57781e+01  5.93761e+01             
       H -6.84633e+01 -2.49422e+01  5.98365e+01             
       H -6.95834e+01 -2.59478e+01  5.98761e+01             
       O -6.81279e+01 -2.49655e+01  5.45150e+01             
       H -6.72634e+01 -2.46275e+01  5.48547e+01             
       H -6.84674e+01 -2.52940e+01  5.54312e+01             
       O -7.30633e+01 -2.00348e+01  6.98190e+01             
       H -7.28492e+01 -2.09821e+01  6.97528e+01             
       H -7.24550e+01 -1.96464e+01  6.91066e+01             
       O -8.14958e+01 -2.83721e+01  5.06901e+01             
       H -8.10972e+01 -2.76936e+01  5.11945e+01             
       H -7.33365e+01  9.79770e-01  6.27711e+01             
       O -6.53438e+01 -1.92025e+01  7.49266e+01             
       H -6.58299e+01 -1.84474e+01  7.54574e+01             
       H -6.59244e+01 -3.17074e+01  7.41622e+01             
       O -8.55290e+01 -1.37211e+01  4.60791e+01             
       H -8.51857e+01 -1.36781e+01  4.69753e+01             
       H -8.51793e+01 -1.45616e+01  4.57077e+01             
       O -8.33259e+01 -2.63266e+01  6.09557e+01             
       H -8.30971e+01 -2.58873e+01  6.18475e+01             
       H -8.33056e+01 -2.72655e+01  6.10027e+01             
       O -9.05706e+01 -6.57287e+00  6.97899e+01             
       H -9.02176e+01 -6.51208e+00  7.07007e+01             
       H -9.15302e+01 -6.40503e+00  7.00409e+01             
       O -8.04333e+01 -1.34957e+01  5.18475e+01             
       H -7.98617e+01 -1.30083e+01  5.12042e+01             
       H -6.76377e+01 -1.63538e+01  5.54095e+01             
       O -7.20043e+01 -3.40447e+01  5.33253e+01             
       H -7.19017e+01 -3.32744e+01  5.40350e+01             
       H -7.35970e+01 -2.91296e+01  6.64063e+01             
       O -8.18986e+01 -2.21942e+01  5.45312e+01             
       H -8.24786e+01 -2.20146e+01  5.37758e+01             
       H -8.17713e+01 -2.31645e+01  5.44304e+01             
       O -6.21567e+01 -2.69982e+01  6.63916e+01             
       H -6.23124e+01 -2.74397e+01  6.72304e+01             
       H -6.29582e+01 -2.66401e+01  6.60101e+01             
       O -8.21425e+01 -1.62748e+01  7.00558e+01             
       H -8.31244e+01 -1.64542e+01  7.00741e+01             
       H -8.20678e+01 -1.56887e+01  6.93194e+01             
       O -8.09698e+01 -1.98929e+01  5.19593e+01             
       H -8.17358e+01 -3.19883e+01  5.13931e+01             
       H -8.03520e+01 -1.91474e+01  5.17541e+01             
       O -8.41203e+01 -2.93310e+01  4.82943e+01             
       H -8.49046e+01 -2.88041e+01  4.84666e+01             
       H -8.37043e+01 -2.95080e+01  4.90886e+01             
       O -8.91552e+01 -1.58631e+01  6.04202e+01             
       H -8.93595e+01 -1.67553e+01  6.07301e+01             
       H -8.86765e+01 -1.59875e+01  5.95813e+01             
       O -7.56916e+01  6.54947e+00  5.33603e+01             
       H -5.49318e+01 -2.29734e+01  5.16389e+01             
       H -7.52248e+01  6.18798e+00  5.41802e+01             
       O -7.64595e+01 -2.15605e+01  7.08314e+01             
       H -7.55249e+01 -2.56983e+01  6.33359e+01             
       H -8.85044e+01 -2.15966e+01  6.99464e+01             
       O -7.35489e+01 -3.30959e+01  6.18966e+01             
       H -7.33768e+01 -3.24352e+01  6.11575e+01             
       H -7.37306e+01 -3.26601e+01  6.27107e+01             
       O -7.93497e+01 -2.11715e+01  6.66849e+01             
       H -7.88877e+01 -2.09864e+01  6.58757e+01             
       H -8.02378e+01 -2.13867e+01  6.64752e+01             
       O -7.11718e+01 -4.80485e+01  5.79604e+01             
       H -7.21594e+01 -4.80132e+01  5.77845e+01             
       H -7.10930e+01 -4.80167e+01  7.13948e+01             
       O -7.96273e+01 -7.45753e+00  6.01998e+01             
       H -7.95475e+01 -7.79912e+00  5.93108e+01             
       H -8.03264e+01 -6.71495e+00  6.01417e+01             
       O -7.06990e+01 -2.50124e+01  6.36611e+01             
       H -6.97807e+01 -2.52588e+01  6.38986e+01             
       H -7.12007e+01 -2.55799e+01  6.42894e+01             
       O -7.82166e+01 -2.52626e+01  7.46092e+01             
       H -7.85191e+01 -2.56692e+01  7.37917e+01             
       H -7.81082e+01 -2.43553e+01  7.45055e+01             
       O -9.66186e+01 -1.92584e+01  5.51776e+01             
       H -9.56053e+01 -1.92680e+01  5.49048e+01             
       H -9.69403e+01 -1.84141e+01  5.48001e+01             
       O -7.38363e+01 -1.13490e+01  6.66343e+01             
       H -7.33283e+01 -1.21480e+01  6.62221e+01             
       H -7.46878e+01 -1.13438e+01  6.61595e+01             
       O -7.57727e+01 -1.46433e+01  5.81432e+01             
       H -7.49134e+01 -1.42426e+01  5.83044e+01             
       H -7.63064e+01 -1.38798e+01  4.55820e+01             
       O -7.05849e+01 -1.92893e+01  3.76417e+01             
       H -7.02809e+01 -1.92212e+01  3.67484e+01             
       H -8.37056e+01 -1.98938e+01  3.75213e+01             
       O -6.68270e+01 -2.21550e+01  3.30663e+01             
       H -6.70723e+01 -2.25671e+01  3.38960e+01             
       H -6.76592e+01 -2.18711e+01  3.26005e+01             
       O -8.46551e+01 -2.59581e+01  4.08436e+01             
       H -8.55200e+01 -2.64278e+01  4.09174e+01             
       H -8.40810e+01 -2.61593e+01  5.40964e+01             
       O -6.28433e+01 -1.65731e+01  3.86676e+01             
       H -8.13049e+01 -1.68046e+01  4.85970e+01             
       H -6.35561e+01 -1.60274e+01  3.90082e+01             
       O -7.74364e+01 -3.31062e+01  6.46855e+01             
       H -7.68895e+01 -3.22668e+01  6.50011e+01             
       H -7.75997e+01 -3.28224e+01  6.38013e+01             
       O -6.58510e+01 -1.63136e+01  4.40128e+01             
       H -6.59636e+01 -1.57063e+01  4.48166e+01             
       H -6.56794e+01 -1.72124e+01  4.42703e+01             
       O -7.24869e+01 -2.88296e+01  5.79262e+01             
       H -7.26908e+01 -2.94576e+01  5.86642e+01             
       H -7.30881e+01 -2.89995e+01  5.71644e+01             
       O -7.79119e+01 -1.05196e+01  6.78771e+01             
       H -7.72546e+01 -1.06361e+01  6.71621e+01             
       H -7.84435e+01 -9.80075e+00  6.75679e+01             
       O -6.37910e+01  1.49839e+00  7.77632e+01             
       H -6.41211e+01  2.31327e+00  7.73744e+01             
       H -6.40404e+01  7.43016e-01  7.71985e+01             
       O -7.26538e+01 -2.92750e+01  6.64249e+01             
       H -8.22848e+01 -2.86900e+01  5.11196e+01             
       H -7.23333e+01 -2.85843e+01  6.70970e+01             
       O -7.18323e+01 -2.27727e+01  6.31384e+01             
       H -6.33617e+01 -1.72605e+01  3.83311e+01             
       H -7.11898e+01 -2.35382e+01  6.33631e+01             
       O -6.85095e+01 -1.63084e+01  5.49433e+01             
       H -7.49397e+01 -5.69313e+00  5.27820e+01             
       H -6.87672e+01 -1.72899e+01  5.47172e+01             
       O -7.17786e+01 -2.89772e+01  6.38812e+01             
       H -8.48869e+01 -2.83488e+01  7.58885e+01             
       H -7.33506e+01 -1.41080e+01  7.47129e+01             
       O -9.80086e+01 -1.91428e+01  6.42182e+01             
       H -9.77074e+01 -1.96605e+01  6.49487e+01             
       H -9.74952e+01 -1.82931e+01  6.41050e+01             
       O -6.81122e+01 -3.51103e+01  5.12176e+01             
       H -6.80325e+01 -3.41332e+01  5.12053e+01             
       H -7.74002e+01 -2.18032e+01  7.07833e+01             
       O -8.09955e+01 -1.74381e+01  4.79060e+01             
       H -8.13362e+01 -1.70536e+01  4.70760e+01             
       H -9.50794e+01 -2.16943e+01  3.27206e+01             
       O -9.00585e+01 -2.87303e+01  5.33449e+01             
       H -9.01499e+01 -2.82531e+01  5.41609e+01             
       H -8.92237e+01 -2.92771e+01  5.34106e+01             
       O -7.85355e+01 -2.66511e+01  4.63846e+01             
       H -7.95124e+01 -2.65588e+01  4.66047e+01             
       H -7.82007e+01 -2.73569e+01  4.70246e+01             
       O -6.67935e+01 -2.98994e+01  6.38829e+01             
       H -6.66118e+01 -1.71447e+01  6.47508e+01             
       H -6.75768e+01 -2.94868e+01  6.34320e+01             
       O -6.97056e+01 -1.27524e+01  5.67218e+01             
       H -5.68702e+01 -1.29981e+01  5.75599e+01             
       H -7.04536e+01 -1.21728e+01  5.69212e+01             
       O -7.38984e+01  2.15241e-01  6.25081e+01             
       H -7.25718e+01 -3.47425e+01  5.37135e+01             
       H -8.03474e+01 -6.73986e-01  5.27743e+01             
       O -8.71149e+01 -1.59914e+01  5.62130e+01             
       H -8.75602e+01 -1.54366e+01  5.69063e+01             
       H -8.76723e+01 -1.68171e+01  5.63000e+01             
       O -8.04593e+01 -1.06135e+01  4.84752e+01             
       H -8.11831e+01 -2.23674e+01  4.83932e+01             
       H -8.03959e+01 -1.07912e+01  4.94514e+01             
       O -8.32919e+01 -2.21762e+01  6.05516e+01             
       H -8.35017e+01 -2.12869e+01  6.02555e+01             
       H -8.38289e+01 -2.22865e+01  6.13298e+01             
       O -7.76668e+01 -2.24297e+01  6.21999e+01             
       H -7.67947e+01 -2.24447e+01  6.18228e+01             
       H -7.84140e+01 -2.21969e+01  6.15893e+01             
       O -8.86881e+01 -2.59013e+01  5.14936e+01             
       H -8.95123e+01 -2.60571e+01  6.34436e+01             
       H -8.43829e+01 -4.13009e+01  5.24153e+01             
       O -7.35998e+01 -2.29809e+01  6.94092e+01             
       H -7.37054e+01 -2.32593e+01  6.84538e+01             
       H -7.42189e+01 -2.35476e+01  6.98438e+01             
       O -7.53147e+01 -2.24272e+01  6.08534e+01             
       H -7.55594e+01 -2.22714e+01  5.99701e+01             
       H -7.45231e+01 -2.18976e+01  6.10749e+01             
       O -9.65724e+01 -1.95427e+01  5.97901e+01             
       H -9.65723e+01 -1.85800e+01  6.00184e+01             
       H -9.69723e+01 -1.97667e+01  5.89146e+01             
       O -6.92551e+01 -3.13906e+01  5.43693e+01             
       H -6.87555e+01 -3.18846e+01  5.50850e+01             
       H -6.92006e+01 -3.20007e+01  5.36195e+01             
       O -8.79091e+01 -1.87385e+01  3.12587e+01             
       H -8.88078e+01 -1.89880e+01  3.15216e+01             
       H -8.72937e+01 -1.92314e+01  3.17445e+01             
       O -8.21666e+01 -2.10067e+01  3.22194e+01             
       H -6.20501e+01 -1.18094e+01  4.94812e+01             
       H -8.21378e+01 -2.14237e+01  3.13299e+01             
       O -8.81376e+01 -1.93471e+01  5.99788e+01             
       H -8.84727e+01 -2.01086e+01  5.95096e+01             
       H -8.85883e+01 -1.94049e+01  6.08612e+01             
       O -8.07738e+01 -1.85248e+01  8.21532e+01             
       H -8.11033e+01 -1.76316e+01  8.20639e+01             
       H -8.14698e+01 -1.92160e+01  8.22800e+01             
