192                                                         
# CELL(abcABC):   12.41850    12.41850    12.41850    90.00000    90.00000    90.00000  Step:           0  Bead:       0 x_centroid{angstrom}  cell{angstrom}   
       O -7.71874e+01 -1.28965e+01  6.41509e+01             
       H -7.78317e+01 -1.26416e+01  6.35038e+01             
       H -7.65095e+01 -1.22607e+01  6.39033e+01             
       O -6.95462e+01 -1.03797e+01  6.09153e+01             
       H -6.30216e+01 -1.83090e+01  5.47339e+01             
       H -7.02827e+01 -1.06103e+01  6.15146e+01             
       O -6.94402e+01 -2.37918e+01  5.19646e+01             
       H -6.90585e+01 -1.05942e+01  5.23547e+01             
       H -6.96862e+01 -2.43827e+01  5.27458e+01             
       O -5.69302e+01 -2.13252e+01  5.40901e+01             
       H -5.72508e+01 -2.18814e+01  5.47684e+01             
       H -5.59628e+01 -2.14417e+01  5.42270e+01             
       O -5.61342e+01 -1.98223e+01  5.10497e+01             
       H -5.70112e+01 -1.96023e+01  5.07954e+01             
       H -5.59368e+01 -1.93115e+01  5.18644e+01             
       O -5.89181e+01 -1.87794e+01  6.34523e+01             
       H -5.97313e+01 -1.82500e+01  6.33953e+01             
       H -5.89374e+01 -1.93114e+01  6.42536e+01             
       O -6.99347e+01 -2.17391e+01  4.48690e+01             
       H -6.99848e+01 -2.08339e+01  4.52872e+01             
       H -5.88123e+01  1.78057e+00  5.16552e+01             
       O -5.16376e+01 -1.30962e+01  6.87216e+01             
       H -5.23286e+01 -1.29124e+01  6.81035e+01             
       H -5.20542e+01 -2.53493e+01  6.95443e+01             
       O -7.31205e+01 -8.14204e+00  4.15604e+01             
       H -7.32337e+01 -7.76760e+00  4.24159e+01             
       H -7.38989e+01 -8.66197e+00  4.12844e+01             
       O -6.61133e+01 -2.52429e+01  5.42423e+01             
       H -6.63643e+01 -2.43291e+01  5.43690e+01             
       H -6.56542e+01 -2.51923e+01  5.33723e+01             
       O -7.15612e+01 -4.99006e+00  6.01953e+01             
       H -7.19625e+01 -5.19924e+00  6.10518e+01             
       H -7.06615e+01 -4.72655e+00  6.03488e+01             
       O -6.60933e+01 -9.26213e+00  4.75978e+01             
       H -6.61069e+01 -9.24030e+00  4.85413e+01             
       H -5.65246e+01 -1.33055e+01  4.71725e+01             
       O -6.12142e+01 -2.94299e+01  4.57268e+01             
       H -6.03524e+01 -2.95128e+01  4.61133e+01             
       H -5.87651e+01 -2.54576e+01  6.08157e+01             
       O -7.07640e+01 -1.89266e+01  4.53831e+01             
       H -7.00478e+01 -1.83062e+01  4.51413e+01             
       H -7.08787e+01 -1.85314e+01  4.62706e+01             
       O -5.13124e+01 -2.34492e+01  6.02218e+01             
       H -5.21636e+01 -2.30455e+01  6.00234e+01             
       H -5.06596e+01 -2.28340e+01  5.98324e+01             
       O -6.73872e+01 -1.23281e+01  6.26601e+01             
       H -6.82524e+01 -1.20143e+01  6.30305e+01             
       H -6.74298e+01 -1.33175e+01  6.28478e+01             
       O -7.05535e+01 -1.26671e+01  4.46637e+01             
       H -7.02822e+01 -2.45899e+01  4.54220e+01             
       H -7.15389e+01 -1.26959e+01  4.46138e+01             
       O -6.78546e+01 -2.72842e+01  4.09688e+01             
       H -6.72520e+01 -2.65737e+01  4.13097e+01             
       H -6.76655e+01 -2.80970e+01  4.14611e+01             
       O -7.29282e+01 -1.27420e+01  5.29708e+01             
       H -7.21343e+01 -1.29616e+01  5.34426e+01             
       H -7.28852e+01 -1.18638e+01  5.24980e+01             
       O -6.61313e+01  8.24090e+00  4.66494e+01             
       H -4.86841e+01 -2.18480e+01  4.65350e+01             
       H -6.55564e+01  8.66900e+00  4.59874e+01             
       O -6.72346e+01 -1.87145e+01  6.14317e+01             
       H -6.29114e+01 -2.27392e+01  5.66771e+01             
       H -7.87681e+01 -1.84494e+01  6.17660e+01             
       O -6.09357e+01 -2.88621e+01  5.52259e+01             
       H -6.10777e+01 -2.90480e+01  5.61500e+01             
       H -6.16756e+01 -2.82337e+01  5.50807e+01             
       O -6.85099e+01 -1.72062e+01  5.76541e+01             
       H -6.79484e+01 -1.71459e+01  5.84074e+01             
       H -6.91349e+01 -1.64327e+01  5.77862e+01             
       O -6.24106e+01 -4.30374e+01  5.28744e+01             
       H -6.14232e+01 -4.30684e+01  5.29579e+01             
       H -6.27515e+01 -4.39008e+01  6.50057e+01             
       O -6.59074e+01 -6.25297e+00  5.22320e+01             
       H -6.57945e+01 -5.28527e+00  5.23201e+01             
       H -6.52053e+01 -6.46867e+00  5.16313e+01             
       O -6.09296e+01 -1.97569e+01  5.67156e+01             
       H -6.01454e+01 -1.92522e+01  5.69929e+01             
       H -6.08601e+01 -2.06521e+01  5.69573e+01             
       O -6.72680e+01 -1.95962e+01  6.90040e+01             
       H -6.68816e+01 -1.97128e+01  6.80934e+01             
       H -6.76240e+01 -1.87091e+01  6.90685e+01             
       O -8.28256e+01 -1.53421e+01  4.57153e+01             
       H -8.29305e+01 -1.44228e+01  4.52746e+01             
       H -8.30413e+01 -1.51467e+01  4.66446e+01             
       O -6.11847e+01 -4.50677e+00  6.27616e+01             
       H -6.07666e+01 -3.64257e+00  6.27211e+01             
       H -6.18479e+01 -4.50829e+00  6.34591e+01             
       O -6.03885e+01 -1.18409e+01  4.88379e+01             
       H -6.06786e+01 -1.13686e+01  4.80451e+01             
       H -6.07986e+01 -1.27170e+01  3.63137e+01             
       O -5.80139e+01 -1.29014e+01  2.92958e+01             
       H -5.76483e+01 -1.37874e+01  2.92098e+01             
       H -7.04402e+01 -1.26848e+01  3.02308e+01             
       O -5.22374e+01 -1.63379e+01  3.16156e+01             
       H -5.15301e+01 -1.56337e+01  3.16838e+01             
       H -5.17938e+01 -1.71549e+01  3.12709e+01             
       O -6.64156e+01 -2.17345e+01  3.80303e+01             
       H -6.68994e+01 -2.25685e+01  3.81801e+01             
       H -6.69281e+01 -2.10156e+01  5.07989e+01             
       O -5.04245e+01 -1.37239e+01  3.62858e+01             
       H -6.62171e+01 -9.69097e+00  4.22998e+01             
       H -5.10839e+01 -1.44176e+01  3.62842e+01             
       O -6.23985e+01 -2.67389e+01  5.42519e+01             
       H -6.18548e+01 -2.63942e+01  5.34865e+01             
       H -6.27319e+01 -2.60842e+01  5.48568e+01             
       O -5.17622e+01 -1.61460e+01  3.92081e+01             
       H -5.12964e+01 -1.63735e+01  4.00186e+01             
       H -5.17454e+01 -1.52085e+01  3.90466e+01             
       O -5.47960e+01 -2.76674e+01  5.07828e+01             
       H -5.50352e+01 -2.76103e+01  5.16967e+01             
       H -5.56100e+01 -2.81742e+01  5.04613e+01             
       O -6.28670e+01 -6.38944e+00  5.94668e+01             
       H -6.35572e+01 -6.20045e+00  5.88398e+01             
       H -6.27843e+01 -7.34319e+00  5.93277e+01             
       O -5.29476e+01  5.31434e+00  7.09970e+01             
       H -5.33442e+01  6.14305e+00  7.13580e+01             
       H -5.35419e+01  5.11748e+00  7.02639e+01             
       O -5.82446e+01 -2.62822e+01  6.05790e+01             
       H -6.91855e+01 -2.21848e+01  4.52934e+01             
       H -5.85280e+01 -2.68958e+01  6.12842e+01             
       O -6.33821e+01 -1.85946e+01  5.55700e+01             
       H -5.10527e+01 -1.29992e+01  3.64061e+01             
       H -6.25401e+01 -1.88229e+01  5.60628e+01             
       O -5.56620e+01 -1.28672e+01  4.70672e+01             
       H -6.56809e+01 -3.98950e+00  4.74755e+01             
       H -5.56906e+01 -1.20713e+01  4.75851e+01             
       O -6.07901e+01 -2.47149e+01  5.61708e+01             
       H -7.32021e+01 -2.52754e+01  6.78094e+01             
       H -5.71382e+01 -9.45699e+00  6.07051e+01             
       O -8.63612e+01 -1.40063e+01  5.85684e+01             
       H -8.69714e+01 -1.37142e+01  5.92997e+01             
       H -8.63774e+01 -1.49847e+01  5.86134e+01             
       O -6.18619e+01 -3.40309e+01  4.71206e+01             
       H -6.15309e+01 -3.36940e+01  4.79964e+01             
       H -6.76842e+01 -1.92436e+01  6.21289e+01             
       O -6.69771e+01 -1.02049e+01  4.25187e+01             
       H -6.71450e+01 -1.02002e+01  4.34464e+01             
       H -8.07966e+01 -1.99880e+01  2.29039e+01             
       O -7.24854e+01 -2.23282e+01  4.48693e+01             
       H -7.15543e+01 -2.20709e+01  4.48734e+01             
       H -7.26003e+01 -2.29308e+01  4.41516e+01             
       O -6.29157e+01 -2.35495e+01  3.82129e+01             
       H -6.32631e+01 -2.34574e+01  3.73308e+01             
       H -6.19804e+01 -2.37104e+01  3.80993e+01             
       O -4.68519e+01 -2.70608e+01  5.08725e+01             
       H -4.71868e+01 -1.40539e+01  5.14930e+01             
       H -4.60574e+01 -2.75053e+01  5.11613e+01             
       O -5.66350e+01 -6.03687e+00  5.34081e+01             
       H -4.34072e+01 -5.57667e+00  5.37941e+01             
       H -5.68705e+01 -6.80041e+00  5.39100e+01             
       O -5.97086e+01  2.10254e+00  5.17890e+01             
       H -6.16276e+01 -3.02177e+01  4.61274e+01             
       H -6.58385e+01  3.97375e+00  4.72396e+01             
       O -6.88992e+01 -1.64273e+01  4.82548e+01             
       H -6.83009e+01 -1.71649e+01  4.83251e+01             
       H -6.83397e+01 -1.57162e+01  4.78976e+01             
       O -6.55746e+01 -7.69968e+00  4.22166e+01             
       H -6.57113e+01 -1.95898e+01  4.13850e+01             
       H -6.47073e+01 -7.37657e+00  4.25806e+01             
       O -7.04796e+01 -1.59186e+01  5.45064e+01             
       H -7.02222e+01 -1.68041e+01  5.42112e+01             
       H -7.14532e+01 -1.60377e+01  5.46269e+01             
       O -6.29690e+01 -2.19969e+01  5.32809e+01             
       H -6.25599e+01 -2.27043e+01  5.28015e+01             
       H -6.31173e+01 -2.21821e+01  5.41940e+01             
       O -7.56641e+01 -2.18550e+01  4.40057e+01             
       H -7.53306e+01 -2.12181e+01  5.70065e+01             
       H -7.38224e+01 -3.75610e+01  4.44198e+01             
       O -6.11262e+01 -2.12193e+01  6.20837e+01             
       H -6.03954e+01 -2.16897e+01  6.25450e+01             
       H -6.19060e+01 -2.11369e+01  6.26382e+01             
       O -6.34505e+01 -2.03091e+01  5.07647e+01             
       H -6.38245e+01 -1.96772e+01  5.01626e+01             
       H -6.41468e+01 -2.09636e+01  5.08581e+01             
       O -7.95206e+01 -1.68014e+01  5.49585e+01             
       H -7.87331e+01 -1.63345e+01  5.53551e+01             
       H -8.00899e+01 -1.68322e+01  5.57570e+01             
       O -5.50982e+01 -2.29711e+01  4.52544e+01             
       H -5.44998e+01 -2.25992e+01  4.59091e+01             
       H -5.52555e+01 -2.38607e+01  4.54982e+01             
       O -7.67886e+01 -1.78260e+01  2.42770e+01             
       H -7.63804e+01 -1.71845e+01  2.48368e+01             
       H -7.60637e+01 -1.80595e+01  2.36574e+01             
       O -6.92700e+01 -2.02747e+01  2.28241e+01             
       H -4.71812e+01 -9.84856e+00  4.02000e+01             
       H -6.96128e+01 -1.98852e+01  2.19851e+01             
       O -6.98414e+01 -1.62288e+01  5.14830e+01             
       H -6.97296e+01 -1.61849e+01  5.24433e+01             
       H -7.03399e+01 -1.70385e+01  5.13234e+01             
       O -6.55876e+01 -1.48009e+01  7.34041e+01             
       H -6.60919e+01 -1.40069e+01  7.30389e+01             
       H -6.60962e+01 -1.50520e+01  7.42105e+01             
192                                                         
# CELL(abcABC):   12.41850    12.41850    12.41850    90.00000    90.00000    90.00000  Step:      200000  Bead:       0 x_centroid{angstrom}  cell{angstrom}   
       O -8.91582e+01 -1.63907e+01  6.79649e+01             
       H -8.86518e+01 -1.68443e+01  6.86208e+01             
       H -9.01111e+01 -1.61666e+01  6.82718e+01             
       O -7.98772e+01 -1.34281e+01  6.71534e+01             
       H -7.35461e+01 -2.24435e+01  5.98827e+01             
       H -8.07553e+01 -1.30372e+01  6.74363e+01             
       O -7.71462e+01 -2.62400e+01  5.83493e+01             
       H -7.65327e+01 -1.43218e+01  5.89843e+01             
       H -7.64812e+01 -2.56492e+01  5.79744e+01             
       O -7.02848e+01 -2.71084e+01  5.67638e+01             
       H -6.99800e+01 -2.71170e+01  5.58588e+01             
       H -6.96317e+01 -2.76902e+01  5.72205e+01             
       O -6.38259e+01 -2.22558e+01  5.84068e+01             
       H -6.39441e+01 -2.13852e+01  5.80080e+01             
       H -6.47680e+01 -2.25847e+01  5.85985e+01             
       O -7.18079e+01 -2.33840e+01  6.93854e+01             
       H -7.24302e+01 -2.37627e+01  7.00349e+01             
       H -7.12688e+01 -2.26579e+01  6.96808e+01             
       O -7.74005e+01 -2.21629e+01  4.94877e+01             
       H -7.74188e+01 -2.29229e+01  4.89440e+01             
       H -7.14501e+01 -3.63126e+00  5.98493e+01             
       O -5.87267e+01 -1.71508e+01  7.71670e+01             
       H -5.95455e+01 -1.72106e+01  7.77401e+01             
       H -5.87654e+01 -3.03606e+01  7.65380e+01             
       O -8.17921e+01 -1.02977e+01  4.85721e+01             
       H -8.12852e+01 -9.66962e+00  4.90587e+01             
       H -8.23470e+01 -9.70777e+00  4.80508e+01             
       O -7.40975e+01 -2.73656e+01  6.29406e+01             
       H -7.40277e+01 -2.83609e+01  6.29189e+01             
       H -7.32905e+01 -2.70167e+01  6.25680e+01             
       O -8.22212e+01 -9.39497e+00  6.70383e+01             
       H -8.25787e+01 -8.60558e+00  6.74907e+01             
       H -8.13699e+01 -9.11780e+00  6.66436e+01             
       O -7.58311e+01 -7.69350e+00  4.89042e+01             
       H -7.56684e+01 -7.44458e+00  4.99237e+01             
       H -6.45479e+01 -1.32865e+01  5.29189e+01             
       O -7.58442e+01 -3.40899e+01  5.43891e+01             
       H -7.49583e+01 -3.43460e+01  5.46299e+01             
       H -7.27186e+01 -3.17534e+01  6.62265e+01             
       O -8.74551e+01 -1.93077e+01  5.14304e+01             
       H -8.67526e+01 -1.97038e+01  5.19486e+01             
       H -8.78741e+01 -1.86255e+01  5.19701e+01             
       O -6.11196e+01 -2.67505e+01  6.66778e+01             
       H -6.05624e+01 -2.62434e+01  6.60437e+01             
       H -6.20712e+01 -2.64932e+01  6.66770e+01             
       O -8.29128e+01 -1.92178e+01  6.79701e+01             
       H -8.33314e+01 -1.86152e+01  6.86295e+01             
       H -8.20517e+01 -1.87920e+01  6.78224e+01             
       O -7.80016e+01 -1.11335e+01  5.50817e+01             
       H -7.71101e+01 -2.31191e+01  5.52458e+01             
       H -7.85294e+01 -1.04065e+01  5.46540e+01             
       O -8.02089e+01 -3.22232e+01  4.70003e+01             
       H -7.92749e+01 -3.19116e+01  4.69056e+01             
       H -8.01948e+01 -3.29598e+01  4.62662e+01             
       O -8.32548e+01 -2.05659e+01  5.95258e+01             
       H -8.41871e+01 -2.06059e+01  5.97493e+01             
       H -8.32084e+01 -1.97634e+01  5.89711e+01             
       O -7.89421e+01  6.01778e+00  5.36023e+01             
       H -5.88217e+01 -2.61230e+01  5.21800e+01             
       H -7.88119e+01  5.58733e+00  5.44578e+01             
       O -8.06800e+01 -2.16161e+01  7.00679e+01             
       H -7.32806e+01 -2.46258e+01  6.20251e+01             
       H -9.26706e+01 -2.24699e+01  7.01523e+01             
       O -7.32858e+01 -3.31155e+01  6.10239e+01             
       H -7.42516e+01 -3.30433e+01  6.11380e+01             
       H -7.29586e+01 -3.32426e+01  6.19008e+01             
       O -8.12518e+01 -2.30917e+01  6.39826e+01             
       H -8.21840e+01 -2.32274e+01  6.37812e+01             
       H -8.07057e+01 -2.36740e+01  6.33895e+01             
       O -7.93584e+01 -4.17545e+01  6.09478e+01             
       H -7.92732e+01 -4.15876e+01  6.18819e+01             
       H -7.87141e+01 -4.24508e+01  7.31656e+01             
       O -7.74214e+01 -1.21635e+01  6.08696e+01             
       H -7.69576e+01 -1.29182e+01  6.13916e+01             
       H -7.75662e+01 -1.25945e+01  5.99975e+01             
       O -6.75179e+01 -2.48166e+01  6.23386e+01             
       H -6.80810e+01 -2.51930e+01  6.16238e+01             
       H -6.65881e+01 -2.47240e+01  6.21172e+01             
       O -8.34075e+01 -1.91237e+01  7.55739e+01             
       H -8.32704e+01 -2.01139e+01  7.56778e+01             
       H -8.28599e+01 -1.88656e+01  7.48018e+01             
       O -9.29574e+01 -1.56489e+01  4.62833e+01             
       H -9.22946e+01 -1.49494e+01  4.66329e+01             
       H -9.28486e+01 -1.63830e+01  4.69115e+01             
       O -7.32851e+01 -1.05957e+01  6.71395e+01             
       H -7.28682e+01 -1.08164e+01  6.62641e+01             
       H -7.27134e+01 -1.06673e+01  6.79093e+01             
       O -6.69809e+01 -1.60890e+01  5.61493e+01             
       H -6.71925e+01 -1.59274e+01  5.70609e+01             
       H -6.71822e+01 -1.52529e+01  4.32781e+01             
       O -6.94134e+01 -1.81022e+01  3.61448e+01             
       H -6.90920e+01 -1.88591e+01  3.56385e+01             
       H -8.10731e+01 -1.75220e+01  3.63706e+01             
       O -6.57563e+01 -1.58885e+01  3.86152e+01             
       H -6.51933e+01 -1.64684e+01  3.91795e+01             
       H -6.64347e+01 -1.54284e+01  3.91334e+01             
       O -7.55344e+01 -2.43813e+01  4.40881e+01             
       H -7.55172e+01 -2.36617e+01  4.47774e+01             
       H -7.46559e+01 -2.47506e+01  5.64860e+01             
       O -6.65568e+01 -1.94681e+01  4.39479e+01             
       H -7.41694e+01 -1.41631e+01  4.65148e+01             
       H -6.66441e+01 -1.84867e+01  4.40994e+01             
       O -7.49505e+01 -3.04871e+01  5.74478e+01             
       H -7.48206e+01 -3.01151e+01  5.83791e+01             
       H -7.40157e+01 -3.05540e+01  5.72714e+01             
       O -6.61695e+01 -1.11209e+01  4.56132e+01             
       H -6.59574e+01 -1.13068e+01  4.46330e+01             
       H -6.66223e+01 -1.19083e+01  4.59138e+01             
       O -7.12085e+01 -3.41469e+01  5.18176e+01             
       H -7.19737e+01 -3.46760e+01  5.15205e+01             
       H -7.14589e+01 -3.36177e+01  5.26227e+01             
       O -7.34408e+01 -1.10950e+01  6.38140e+01             
       H -7.30775e+01 -1.19258e+01  6.41263e+01             
       H -7.43047e+01 -1.09874e+01  6.40017e+01             
       O -6.73520e+01  3.99284e+00  7.40934e+01             
       H -6.76868e+01  4.43904e+00  7.32317e+01             
       H -6.75928e+01  4.58006e+00  7.48412e+01             
       O -7.30356e+01 -3.25012e+01  6.57022e+01             
       H -7.83099e+01 -2.17586e+01  4.94623e+01             
       H -7.33187e+01 -3.32084e+01  6.63819e+01             
       O -7.37372e+01 -2.32231e+01  5.93965e+01             
       H -6.56321e+01 -1.96448e+01  4.42580e+01             
       H -7.45431e+01 -2.29798e+01  5.89088e+01             
       O -6.49071e+01 -1.28020e+01  5.21460e+01             
       H -7.98303e+01 -5.95601e+00  5.35804e+01             
       H -6.46203e+01 -1.31856e+01  5.12740e+01             
       O -7.04298e+01 -2.74017e+01  6.33297e+01             
       H -8.31427e+01 -2.82278e+01  7.62878e+01             
       H -6.69195e+01 -1.26372e+01  6.70587e+01             
       O -1.00953e+02 -1.41181e+01  6.68710e+01             
       H -1.01402e+02 -1.34761e+01  6.74613e+01             
       H -1.01156e+02 -1.49515e+01  6.72102e+01             
       O -7.15187e+01 -3.77183e+01  5.25644e+01             
       H -7.09423e+01 -3.74735e+01  5.32995e+01             
       H -8.04321e+01 -2.10956e+01  6.92486e+01             
       O -7.47636e+01 -1.45327e+01  4.71849e+01             
       H -7.45356e+01 -1.38983e+01  4.79323e+01             
       H -9.54422e+01 -2.43812e+01  3.10382e+01             
       O -8.36806e+01 -2.68677e+01  4.81791e+01             
       H -8.43084e+01 -2.61702e+01  4.85184e+01             
       H -8.32355e+01 -2.71073e+01  4.90215e+01             
       O -7.21227e+01 -2.98614e+01  4.46203e+01             
       H -7.21791e+01 -2.90834e+01  4.41031e+01             
       H -7.19868e+01 -2.96489e+01  4.55804e+01             
       O -6.09766e+01 -2.94543e+01  5.38644e+01             
       H -6.15968e+01 -1.68954e+01  5.31304e+01             
       H -6.09266e+01 -2.85581e+01  5.42920e+01             
       O -6.88216e+01 -4.74753e+00  6.60748e+01             
       H -5.73266e+01 -4.91885e+00  6.56870e+01             
       H -6.85788e+01 -3.80049e+00  6.60178e+01             
       O -7.15295e+01 -4.60300e+00  5.99315e+01             
       H -7.60370e+01 -3.44789e+01  5.34105e+01             
       H -7.64786e+01  3.92048e+00  4.90172e+01             
       O -7.61658e+01 -2.28470e+01  5.20255e+01             
       H -7.65421e+01 -2.24570e+01  5.12329e+01             
       H -7.66307e+01 -2.37767e+01  5.20571e+01             
       O -7.29310e+01 -1.36621e+01  4.48368e+01             
       H -7.28965e+01 -2.64409e+01  4.39307e+01             
       H -7.20593e+01 -1.37806e+01  4.52083e+01             
       O -8.92100e+01 -1.77157e+01  6.51500e+01             
       H -8.99990e+01 -1.82904e+01  6.54127e+01             
       H -8.90917e+01 -1.72155e+01  6.59963e+01             
       O -7.53707e+01 -2.95061e+01  5.98282e+01             
       H -7.49251e+01 -2.99369e+01  6.05482e+01             
       H -7.52721e+01 -2.85588e+01  6.00685e+01             
       O -8.57447e+01 -2.51579e+01  4.88326e+01             
       H -8.59927e+01 -2.45371e+01  6.04927e+01             
       H -8.18989e+01 -3.98523e+01  5.11517e+01             
       O -6.83138e+01 -2.50721e+01  7.22463e+01             
       H -6.92467e+01 -2.52890e+01  7.19687e+01             
       H -6.83910e+01 -2.40889e+01  7.25302e+01             
       O -7.64873e+01 -2.01488e+01  5.66078e+01             
       H -7.61688e+01 -2.05274e+01  5.57941e+01             
       H -7.59280e+01 -1.93965e+01  5.68172e+01             
       O -9.00007e+01 -1.86881e+01  5.98261e+01             
       H -8.93800e+01 -1.91875e+01  6.04900e+01             
       H -8.92931e+01 -1.80443e+01  5.95664e+01             
       O -6.39973e+01 -2.65503e+01  4.99870e+01             
       H -6.31535e+01 -2.68390e+01  5.04129e+01             
       H -6.47116e+01 -2.72480e+01  5.01300e+01             
       O -9.22197e+01 -2.14921e+01  2.87073e+01             
       H -9.19958e+01 -2.06181e+01  2.83638e+01             
       H -9.25713e+01 -2.20116e+01  2.79601e+01             
       O -8.24508e+01 -2.45744e+01  3.02968e+01             
       H -5.82770e+01 -1.73673e+01  4.78477e+01             
       H -8.22751e+01 -2.36314e+01  3.00010e+01             
       O -8.59636e+01 -1.75132e+01  6.19064e+01             
       H -8.51988e+01 -1.73248e+01  6.13515e+01             
       H -8.57795e+01 -1.82816e+01  6.24304e+01             
       O -8.03481e+01 -1.41920e+01  7.68598e+01             
       H -8.01054e+01 -1.35293e+01  7.61947e+01             
       H -8.02382e+01 -1.36434e+01  7.77129e+01             
