192                                                         
# CELL(abcABC):   12.41850    12.41850    12.41850    90.00000    90.00000    90.00000  Step:           0  Bead:       0 x_centroid{angstrom}  cell{angstrom}   
       O -7.73080e+01 -1.27481e+01  6.38315e+01             
       H -7.81827e+01 -1.23529e+01  6.36617e+01             
       H -7.67217e+01 -1.23240e+01  6.31588e+01             
       O -6.99898e+01 -8.90733e+00  6.15964e+01             
       H -6.37878e+01 -1.86026e+01  5.46745e+01             
       H -7.00345e+01 -8.26817e+00  6.23048e+01             
       O -6.93871e+01 -2.27878e+01  5.24032e+01             
       H -6.90046e+01 -9.79794e+00  5.30755e+01             
       H -6.96639e+01 -2.35737e+01  5.28384e+01             
       O -5.52740e+01 -2.25240e+01  5.50389e+01             
       H -5.58601e+01 -2.31358e+01  5.54934e+01             
       H -5.45504e+01 -2.31107e+01  5.46435e+01             
       O -5.55754e+01 -1.98318e+01  5.12527e+01             
       H -5.58716e+01 -1.89995e+01  5.10238e+01             
       H -5.55845e+01 -1.99111e+01  5.22258e+01             
       O -5.97172e+01 -1.90910e+01  6.40295e+01             
       H -6.05029e+01 -1.87082e+01  6.44960e+01             
       H -6.02013e+01 -1.95008e+01  6.32546e+01             
       O -6.89085e+01 -2.21653e+01  4.57534e+01             
       H -6.88460e+01 -2.13656e+01  4.62544e+01             
       H -5.86795e+01  2.04929e+00  5.16804e+01             
       O -5.13718e+01 -1.38428e+01  6.76856e+01             
       H -5.22024e+01 -1.33952e+01  6.76663e+01             
       H -5.08698e+01 -2.58563e+01  6.84733e+01             
       O -7.26463e+01 -8.52830e+00  4.14916e+01             
       H -7.19396e+01 -8.25693e+00  4.20834e+01             
       H -7.26177e+01 -7.98829e+00  4.06299e+01             
       O -6.58204e+01 -2.43418e+01  5.39724e+01             
       H -6.52053e+01 -2.41106e+01  5.46349e+01             
       H -6.54532e+01 -2.41870e+01  5.30523e+01             
       O -7.12625e+01 -5.13683e+00  5.93550e+01             
       H -7.16936e+01 -5.77855e+00  5.99174e+01             
       H -7.05126e+01 -4.81260e+00  5.98304e+01             
       O -6.48099e+01 -8.35402e+00  4.76440e+01             
       H -6.52647e+01 -8.13891e+00  4.84407e+01             
       H -5.72042e+01 -1.22198e+01  4.84437e+01             
       O -6.01652e+01 -2.81637e+01  4.50478e+01             
       H -5.93459e+01 -2.82749e+01  4.55372e+01             
       H -5.89706e+01 -2.52065e+01  5.96905e+01             
       O -7.02844e+01 -1.97911e+01  4.52507e+01             
       H -6.93704e+01 -1.95078e+01  4.50801e+01             
       H -7.06916e+01 -1.89956e+01  4.56161e+01             
       O -5.01291e+01 -2.20929e+01  5.92016e+01             
       H -5.08537e+01 -2.16615e+01  5.96309e+01             
       H -4.94483e+01 -2.14831e+01  5.94324e+01             
       O -6.72241e+01 -1.15259e+01  6.33042e+01             
       H -6.76641e+01 -1.08706e+01  6.38155e+01             
       H -6.78136e+01 -1.18096e+01  6.25600e+01             
       O -6.99033e+01 -1.24991e+01  4.41507e+01             
       H -6.97394e+01 -2.41156e+01  4.46279e+01             
       H -7.08751e+01 -1.25191e+01  4.41196e+01             
       O -6.71584e+01 -2.70471e+01  4.08492e+01             
       H -6.65063e+01 -2.64513e+01  4.12775e+01             
       H -6.68618e+01 -2.79772e+01  4.09846e+01             
       O -7.19665e+01 -1.35826e+01  5.20171e+01             
       H -7.11245e+01 -1.36427e+01  5.24782e+01             
       H -7.20829e+01 -1.26336e+01  5.18912e+01             
       O -6.56139e+01  8.46548e+00  4.62678e+01             
       H -4.75677e+01 -2.08287e+01  4.66040e+01             
       H -6.55343e+01  8.66998e+00  4.53642e+01             
       O -6.62884e+01 -1.87557e+01  6.20609e+01             
       H -6.21586e+01 -2.07920e+01  5.67293e+01             
       H -7.80261e+01 -1.82149e+01  6.16196e+01             
       O -5.94234e+01 -2.67585e+01  5.53057e+01             
       H -5.97953e+01 -2.72018e+01  5.61042e+01             
       H -6.01697e+01 -2.69331e+01  5.47258e+01             
       O -6.81593e+01 -1.74171e+01  5.72776e+01             
       H -6.73969e+01 -1.74230e+01  5.78751e+01             
       H -6.86958e+01 -1.66436e+01  5.76491e+01             
       O -6.21603e+01 -4.26770e+01  5.26846e+01             
       H -6.17825e+01 -4.18598e+01  5.24498e+01             
       H -6.27659e+01 -4.29015e+01  6.44067e+01             
       O -6.58080e+01 -4.72538e+00  5.20413e+01             
       H -6.59992e+01 -4.96940e+00  5.29687e+01             
       H -6.48967e+01 -4.27818e+00  5.20642e+01             
       O -5.81441e+01 -1.93497e+01  5.47743e+01             
       H -5.73187e+01 -1.96626e+01  5.43313e+01             
       H -5.81908e+01 -1.95631e+01  5.57136e+01             
       O -6.56740e+01 -2.03617e+01  6.87951e+01             
       H -6.52075e+01 -2.01378e+01  6.79799e+01             
       H -6.60860e+01 -2.11979e+01  6.86622e+01             
       O -8.20838e+01 -1.50652e+01  4.55127e+01             
       H -8.20632e+01 -1.44264e+01  4.48179e+01             
       H -8.23119e+01 -1.45271e+01  4.62413e+01             
       O -6.08543e+01 -5.01284e+00  6.18396e+01             
       H -6.02540e+01 -4.29005e+00  6.19949e+01             
       H -6.16079e+01 -4.66473e+00  6.13855e+01             
       O -6.02325e+01 -1.20949e+01  4.64171e+01             
       H -5.98670e+01 -1.12284e+01  4.61022e+01             
       H -6.05877e+01 -1.25198e+01  3.31816e+01             
       O -5.73009e+01 -1.31201e+01  2.87293e+01             
       H -5.64465e+01 -1.36572e+01  2.85648e+01             
       H -6.96657e+01 -1.30663e+01  2.96890e+01             
       O -5.28567e+01 -1.61057e+01  3.11133e+01             
       H -5.22329e+01 -1.53812e+01  3.09610e+01             
       H -5.23167e+01 -1.68030e+01  3.08165e+01             
       O -6.58984e+01 -2.16522e+01  3.78863e+01             
       H -6.62665e+01 -2.25442e+01  3.78948e+01             
       H -6.66314e+01 -2.11204e+01  5.06825e+01             
       O -5.11582e+01 -1.40427e+01  3.52939e+01             
       H -6.41522e+01 -1.00942e+01  4.42789e+01             
       H -5.20648e+01 -1.39085e+01  3.50161e+01             
       O -6.14905e+01 -2.73656e+01  5.32811e+01             
       H -6.08713e+01 -2.68890e+01  5.27242e+01             
       H -6.20228e+01 -2.66951e+01  5.37229e+01             
       O -5.13386e+01 -1.51993e+01  3.87011e+01             
       H -5.05571e+01 -1.48356e+01  3.90948e+01             
       H -5.19356e+01 -1.44898e+01  3.86006e+01             
       O -5.49226e+01 -2.78100e+01  5.01977e+01             
       H -5.55797e+01 -2.73926e+01  5.07132e+01             
       H -5.42319e+01 -2.80606e+01  5.08481e+01             
       O -6.17072e+01 -5.84171e+00  5.77110e+01             
       H -6.26338e+01 -6.03705e+00  5.79597e+01             
       H -6.12466e+01 -6.45590e+00  5.83395e+01             
       O -5.20805e+01  5.83287e+00  7.07688e+01             
       H -5.25842e+01  6.68469e+00  7.08102e+01             
       H -5.24789e+01  5.23744e+00  7.00167e+01             
       O -5.82343e+01 -2.58075e+01  5.99605e+01             
       H -6.80211e+01 -2.25692e+01  4.60030e+01             
       H -5.86871e+01 -2.63717e+01  6.06352e+01             
       O -6.35848e+01 -1.82753e+01  5.55755e+01             
       H -5.09012e+01 -1.32714e+01  3.58516e+01             
       H -6.26861e+01 -1.79717e+01  5.54748e+01             
       O -5.64697e+01 -1.16513e+01  4.87936e+01             
       H -6.63367e+01 -3.38835e+00  4.66688e+01             
       H -5.67865e+01 -1.07185e+01  4.87236e+01             
       O -5.98331e+01 -2.35196e+01  5.51661e+01             
       H -7.19969e+01 -2.43871e+01  6.73257e+01             
       H -5.69510e+01 -8.40316e+00  6.10333e+01             
       O -8.70847e+01 -1.39143e+01  5.75477e+01             
       H -8.75386e+01 -1.37372e+01  5.84018e+01             
       H -8.65358e+01 -1.46829e+01  5.77046e+01             
       O -6.03601e+01 -3.26384e+01  4.72472e+01             
       H -6.02206e+01 -3.30028e+01  4.81591e+01             
       H -6.62183e+01 -1.84198e+01  6.29560e+01             
       O -6.44964e+01 -1.09924e+01  4.41895e+01             
       H -6.48541e+01 -1.12282e+01  4.50647e+01             
       H -7.99639e+01 -1.92524e+01  2.34096e+01             
       O -7.18641e+01 -2.22644e+01  4.51155e+01             
       H -7.11113e+01 -2.16314e+01  4.50787e+01             
       H -7.19900e+01 -2.25898e+01  4.42259e+01             
       O -6.33811e+01 -2.40898e+01  3.69413e+01             
       H -6.41675e+01 -2.36583e+01  3.65507e+01             
       H -6.26810e+01 -2.35219e+01  3.65513e+01             
       O -4.65198e+01 -2.75622e+01  4.99011e+01             
       H -4.69330e+01 -1.45399e+01  5.05684e+01             
       H -4.56583e+01 -2.78101e+01  5.02718e+01             
       O -5.52829e+01 -7.60362e+00  5.39609e+01             
       H -4.27283e+01 -6.73352e+00  5.43823e+01             
       H -5.54403e+01 -8.22454e+00  5.46977e+01             
       O -5.96698e+01  1.97791e+00  5.16431e+01             
       H -6.05529e+01 -2.90416e+01  4.50110e+01             
       H -6.48064e+01  4.92416e+00  4.71237e+01             
       O -6.88595e+01 -1.68016e+01  4.82901e+01             
       H -6.82852e+01 -1.67545e+01  4.91218e+01             
       H -6.83681e+01 -1.61248e+01  4.77807e+01             
       O -6.45600e+01 -7.42263e+00  4.11999e+01             
       H -6.54251e+01 -1.98958e+01  4.08661e+01             
       H -6.40056e+01 -8.06584e+00  4.07577e+01             
       O -6.99762e+01 -1.65071e+01  5.41360e+01             
       H -7.03649e+01 -1.73126e+01  5.45199e+01             
       H -7.02639e+01 -1.58229e+01  5.47772e+01             
       O -6.24970e+01 -2.23614e+01  5.37732e+01             
       H -6.17480e+01 -2.17142e+01  5.38765e+01             
       H -6.29213e+01 -2.22545e+01  5.46405e+01             
       O -7.52613e+01 -2.09764e+01  4.36869e+01             
       H -7.56768e+01 -2.01248e+01  5.60251e+01             
       H -7.31639e+01 -3.57987e+01  4.24902e+01             
       O -6.10299e+01 -2.12500e+01  6.21572e+01             
       H -6.05723e+01 -2.18553e+01  6.27143e+01             
       H -6.19754e+01 -2.12252e+01  6.23227e+01             
       O -6.33328e+01 -2.12692e+01  5.09872e+01             
       H -6.42922e+01 -2.14434e+01  5.08335e+01             
       H -6.30101e+01 -2.18717e+01  5.17093e+01             
       O -7.96671e+01 -1.75194e+01  5.44122e+01             
       H -7.95306e+01 -1.72706e+01  5.53149e+01             
       H -8.05395e+01 -1.71338e+01  5.43087e+01             
       O -5.38923e+01 -2.31102e+01  4.69142e+01             
       H -5.34044e+01 -2.22245e+01  4.70947e+01             
       H -5.44328e+01 -2.30184e+01  4.77030e+01             
       O -7.61549e+01 -1.69876e+01  2.37515e+01             
       H -7.63357e+01 -1.67565e+01  2.46774e+01             
       H -7.63551e+01 -1.61217e+01  2.33713e+01             
       O -6.82242e+01 -1.94974e+01  2.27768e+01             
       H -4.75382e+01 -1.00441e+01  4.00648e+01             
       H -6.84904e+01 -1.85727e+01  2.25724e+01             
       O -6.96254e+01 -1.71263e+01  5.11234e+01             
       H -6.97474e+01 -1.71741e+01  5.20887e+01             
       H -7.03139e+01 -1.77136e+01  5.08013e+01             
       O -6.70309e+01 -1.43135e+01  7.26115e+01             
       H -6.76204e+01 -1.37095e+01  7.22689e+01             
       H -6.70737e+01 -1.45320e+01  7.35554e+01             
192                                                         
# CELL(abcABC):   12.41850    12.41850    12.41850    90.00000    90.00000    90.00000  Step:      200000  Bead:       0 x_centroid{angstrom}  cell{angstrom}   
       O -8.86321e+01 -1.68456e+01  6.98041e+01             
       H -8.78602e+01 -1.68300e+01  7.03502e+01             
       H -8.82533e+01 -1.65389e+01  6.89494e+01             
       O -8.09480e+01 -1.31028e+01  6.86477e+01             
       H -7.89097e+01 -2.54922e+01  6.35035e+01             
       H -7.99554e+01 -1.32541e+01  6.85499e+01             
       O -8.04903e+01 -2.15450e+01  5.38439e+01             
       H -8.03964e+01 -9.90424e+00  5.33589e+01             
       H -7.97627e+01 -2.16113e+01  5.44550e+01             
       O -6.66888e+01 -2.23508e+01  5.90596e+01             
       H -6.72766e+01 -2.31687e+01  5.90287e+01             
       H -6.73901e+01 -2.16692e+01  5.89847e+01             
       O -7.31214e+01 -2.67125e+01  5.76755e+01             
       H -7.35041e+01 -2.73014e+01  5.83240e+01             
       H -7.33741e+01 -2.58937e+01  5.80907e+01             
       O -7.14888e+01 -2.65778e+01  7.50957e+01             
       H -7.15756e+01 -2.70981e+01  7.59358e+01             
       H -7.07414e+01 -2.69396e+01  7.45846e+01             
       O -8.31487e+01 -2.40223e+01  5.01635e+01             
       H -8.34605e+01 -2.49386e+01  5.03923e+01             
       H -7.20164e+01 -8.32784e-01  6.60290e+01             
       O -6.51451e+01 -1.84199e+01  7.62934e+01             
       H -6.43968e+01 -1.90423e+01  7.65447e+01             
       H -6.50966e+01 -3.00612e+01  7.69416e+01             
       O -8.59307e+01 -1.77224e+01  5.11936e+01             
       H -8.52472e+01 -1.81352e+01  5.06900e+01             
       H -8.54339e+01 -1.70128e+01  5.16714e+01             
       O -7.63720e+01 -2.47819e+01  5.70245e+01             
       H -7.58023e+01 -2.47099e+01  5.62096e+01             
       H -7.66820e+01 -2.38536e+01  5.70862e+01             
       O -8.74933e+01 -9.84479e+00  6.30841e+01             
       H -8.81128e+01 -9.68280e+00  6.23471e+01             
       H -8.77509e+01 -9.11251e+00  6.37010e+01             
       O -7.79907e+01 -9.49209e+00  5.46968e+01             
       H -7.78169e+01 -9.53712e+00  5.56878e+01             
       H -6.76891e+01 -1.11951e+01  5.12166e+01             
       O -7.18801e+01 -3.18852e+01  4.93867e+01             
       H -7.18063e+01 -3.26610e+01  5.00440e+01             
       H -7.15359e+01 -3.06929e+01  6.69007e+01             
       O -8.02823e+01 -1.88285e+01  5.94136e+01             
       H -7.93584e+01 -1.89092e+01  5.96123e+01             
       H -8.06050e+01 -1.96103e+01  5.88732e+01             
       O -5.78263e+01 -2.68450e+01  7.04558e+01             
       H -5.73216e+01 -2.62204e+01  6.98724e+01             
       H -5.87787e+01 -2.66518e+01  7.02897e+01             
       O -8.27650e+01 -1.54312e+01  6.67789e+01             
       H -8.28213e+01 -1.48022e+01  6.75169e+01             
       H -8.21679e+01 -1.61842e+01  6.70314e+01             
       O -8.01973e+01 -1.47971e+01  5.25143e+01             
       H -8.09916e+01 -2.72020e+01  5.30493e+01             
       H -8.02219e+01 -1.56808e+01  5.20371e+01             
       O -7.79496e+01 -3.12389e+01  4.82289e+01             
       H -7.79007e+01 -3.19583e+01  4.89729e+01             
       H -7.72390e+01 -3.15548e+01  4.75863e+01             
       O -8.42706e+01 -1.60473e+01  6.46363e+01             
       H -8.34132e+01 -1.65015e+01  6.44847e+01             
       H -8.41351e+01 -1.57644e+01  6.55563e+01             
       O -8.14358e+01  3.81380e+00  4.99076e+01             
       H -5.97488e+01 -2.14838e+01  5.27212e+01             
       H -8.12289e+01  4.73166e+00  5.02039e+01             
       O -8.17807e+01 -2.11954e+01  7.11451e+01             
       H -7.49514e+01 -2.76922e+01  6.46486e+01             
       H -9.44616e+01 -2.20025e+01  7.16279e+01             
       O -7.75155e+01 -3.76257e+01  6.07155e+01             
       H -7.70720e+01 -3.67516e+01  6.04941e+01             
       H -7.68758e+01 -3.83504e+01  6.06813e+01             
       O -8.18813e+01 -1.77667e+01  6.12698e+01             
       H -8.12585e+01 -1.82159e+01  6.06384e+01             
       H -8.16266e+01 -1.68719e+01  6.10275e+01             
       O -7.33392e+01 -4.70587e+01  5.55862e+01             
       H -7.28954e+01 -4.68654e+01  5.47118e+01             
       H -7.39707e+01 -4.77725e+01  6.77659e+01             
       O -7.59042e+01 -7.51629e+00  5.88537e+01             
       H -7.58001e+01 -6.80243e+00  5.82186e+01             
       H -7.49393e+01 -7.67317e+00  5.91147e+01             
       O -7.03532e+01 -2.38724e+01  5.95323e+01             
       H -6.96831e+01 -2.45735e+01  5.93671e+01             
       H -7.05619e+01 -2.40035e+01  6.04661e+01             
       O -7.60641e+01 -2.27310e+01  7.28416e+01             
       H -7.65390e+01 -2.19680e+01  7.24424e+01             
       H -7.51957e+01 -2.27921e+01  7.24695e+01             
       O -9.21596e+01 -1.26363e+01  4.65945e+01             
       H -9.14707e+01 -1.29196e+01  4.72919e+01             
       H -9.16742e+01 -1.26779e+01  4.57679e+01             
       O -7.26122e+01 -5.26565e+00  6.85275e+01             
       H -7.24080e+01 -5.15397e+00  6.94684e+01             
       H -7.31905e+01 -4.58892e+00  6.82166e+01             
       O -7.39244e+01 -1.64543e+01  5.94051e+01             
       H -7.30062e+01 -1.66589e+01  5.94431e+01             
       H -7.42582e+01 -1.67563e+01  4.78643e+01             
       O -6.92223e+01 -1.49050e+01  3.57446e+01             
       H -6.82689e+01 -1.51576e+01  3.56664e+01             
       H -8.18866e+01 -1.46368e+01  3.48495e+01             
       O -6.01759e+01 -2.28627e+01  3.36031e+01             
       H -6.01834e+01 -2.24850e+01  3.27292e+01             
       H -5.94069e+01 -2.33391e+01  3.39175e+01             
       O -7.85787e+01 -2.82819e+01  4.55524e+01             
       H -7.77012e+01 -2.86632e+01  4.52841e+01             
       H -7.88532e+01 -2.75480e+01  5.72996e+01             
       O -6.54669e+01 -1.53740e+01  4.14350e+01             
       H -7.62434e+01 -1.75365e+01  4.91966e+01             
       H -6.62837e+01 -1.49684e+01  4.09868e+01             
       O -7.79269e+01 -3.37099e+01  6.27309e+01             
       H -7.82536e+01 -3.40865e+01  6.35859e+01             
       H -7.84267e+01 -3.42152e+01  6.20978e+01             
       O -6.20358e+01 -1.97906e+01  4.40397e+01             
       H -6.16606e+01 -2.06646e+01  4.37726e+01             
       H -6.13513e+01 -1.91314e+01  4.38751e+01             
       O -6.90206e+01 -2.93817e+01  5.77648e+01             
       H -6.92706e+01 -2.84555e+01  5.78928e+01             
       H -6.81085e+01 -2.94517e+01  5.81373e+01             
       O -7.46169e+01 -1.24875e+01  6.37327e+01             
       H -7.48867e+01 -1.15673e+01  6.36337e+01             
       H -7.44883e+01 -1.27764e+01  6.28124e+01             
       O -6.51196e+01  3.01127e-01  7.85884e+01             
       H -6.53397e+01  3.03631e-01  7.76168e+01             
       H -6.53633e+01  1.13881e+00  7.89556e+01             
       O -7.10077e+01 -3.10725e+01  6.62004e+01             
       H -8.22798e+01 -2.40445e+01  5.05357e+01             
       H -7.01292e+01 -3.07794e+01  6.63531e+01             
       O -7.84778e+01 -2.46986e+01  6.32425e+01             
       H -6.46681e+01 -1.51805e+01  4.09088e+01             
       H -7.82316e+01 -2.49182e+01  6.22683e+01             
       O -6.85052e+01 -1.07791e+01  5.14829e+01             
       H -8.12694e+01 -8.55023e+00  4.89834e+01             
       H -6.85893e+01 -9.87935e+00  5.09764e+01             
       O -6.99763e+01 -2.41156e+01  6.62986e+01             
       H -8.22087e+01 -2.38584e+01  7.77801e+01             
       H -6.89572e+01 -1.28179e+01  6.78361e+01             
       O -9.83505e+01 -2.08170e+01  5.99017e+01             
       H -9.76608e+01 -2.02970e+01  6.04019e+01             
       H -9.78208e+01 -2.14572e+01  5.93745e+01             
       O -7.17448e+01 -3.37501e+01  5.35920e+01             
       H -7.15453e+01 -3.28212e+01  5.35811e+01             
       H -8.21063e+01 -2.12610e+01  7.02137e+01             
       O -7.54413e+01 -1.69632e+01  4.92094e+01             
       H -7.47871e+01 -1.74201e+01  4.98112e+01             
       H -9.05297e+01 -1.73821e+01  3.12255e+01             
       O -8.73670e+01 -2.45916e+01  5.49314e+01             
       H -8.65327e+01 -2.49694e+01  5.44951e+01             
       H -8.81112e+01 -2.46727e+01  5.43387e+01             
       O -7.44602e+01 -2.79310e+01  4.28089e+01             
       H -7.47990e+01 -2.72908e+01  4.21131e+01             
       H -7.40791e+01 -2.73831e+01  4.35814e+01             
       O -5.40424e+01 -2.84230e+01  6.06687e+01             
       H -5.39962e+01 -1.58038e+01  5.97039e+01             
       H -5.37854e+01 -2.93552e+01  6.08025e+01             
       O -6.99489e+01 -8.98288e+00  5.60120e+01             
       H -5.69832e+01 -9.06777e+00  5.51695e+01             
       H -7.09142e+01 -9.05681e+00  5.58941e+01             
       O -7.29632e+01 -1.06748e+00  6.58759e+01             
       H -7.10085e+01 -3.14403e+01  4.94981e+01             
       H -7.74010e+01  3.64060e+00  5.44320e+01             
       O -8.48342e+01 -2.18437e+01  5.08878e+01             
       H -8.41522e+01 -2.25369e+01  5.06588e+01             
       H -8.57129e+01 -2.21024e+01  5.05230e+01             
       O -7.70658e+01 -9.72110e+00  4.49216e+01             
       H -7.78975e+01 -2.22069e+01  4.55756e+01             
       H -7.65815e+01 -8.97202e+00  4.52213e+01             
       O -8.67874e+01 -2.46042e+01  5.89796e+01             
       H -8.61622e+01 -2.39449e+01  5.86253e+01             
       H -8.75082e+01 -2.47067e+01  5.82954e+01             
       O -7.14549e+01 -3.02630e+01  5.86102e+01             
       H -7.05013e+01 -3.02027e+01  5.84856e+01             
       H -7.17007e+01 -3.10217e+01  5.91635e+01             
       O -8.78357e+01 -2.70383e+01  5.26735e+01             
       H -8.76636e+01 -2.61608e+01  6.46050e+01             
       H -8.22533e+01 -3.56973e+01  5.43541e+01             
       O -7.51023e+01 -1.98111e+01  6.45382e+01             
       H -7.52918e+01 -1.96302e+01  6.54888e+01             
       H -7.44418e+01 -1.90957e+01  6.43985e+01             
       O -7.47884e+01 -2.59701e+01  6.12590e+01             
       H -7.45422e+01 -2.55142e+01  6.04534e+01             
       H -7.44967e+01 -2.69024e+01  6.11404e+01             
       O -9.39669e+01 -1.69605e+01  6.38869e+01             
       H -9.35430e+01 -1.78101e+01  6.41630e+01             
       H -9.39752e+01 -1.71395e+01  6.29266e+01             
       O -6.59342e+01 -2.62166e+01  5.62360e+01             
       H -6.51859e+01 -2.55742e+01  5.63868e+01             
       H -6.58069e+01 -2.66203e+01  5.53853e+01             
       O -8.85444e+01 -1.96655e+01  2.96665e+01             
       H -8.79675e+01 -1.95164e+01  3.04730e+01             
       H -8.91243e+01 -1.89010e+01  2.97010e+01             
       O -7.83118e+01 -1.76295e+01  3.03119e+01             
       H -6.07186e+01 -1.33660e+01  5.25532e+01             
       H -7.82141e+01 -1.67147e+01  2.97560e+01             
       O -7.99733e+01 -1.91718e+01  5.19339e+01             
       H -7.90373e+01 -1.88744e+01  5.18839e+01             
       H -8.01174e+01 -1.96546e+01  5.27307e+01             
       O -8.11403e+01 -1.74915e+01  8.00309e+01             
       H -8.11934e+01 -1.74709e+01  8.10237e+01             
       H -8.02883e+01 -1.78774e+01  7.98298e+01             
