192                                                         
# CELL(abcABC):   12.41850    12.41850    12.41850    90.00000    90.00000    90.00000  Step:           0  Bead:       0 x_centroid{angstrom}  cell{angstrom}   
       O -8.02912e+01 -1.15868e+01  6.73015e+01             
       H -8.01236e+01 -1.24162e+01  6.68051e+01             
       H -7.95775e+01 -1.13735e+01  6.79199e+01             
       O -7.79730e+01 -1.29986e+01  6.19344e+01             
       H -6.73952e+01 -2.00256e+01  6.06223e+01             
       H -7.76339e+01 -1.22645e+01  6.14374e+01             
       O -7.78168e+01 -2.35255e+01  5.59765e+01             
       H -7.74328e+01 -1.19309e+01  5.56146e+01             
       H -7.75724e+01 -2.36796e+01  5.69097e+01             
       O -6.30836e+01 -2.11112e+01  5.49391e+01             
       H -6.25642e+01 -2.14452e+01  5.56746e+01             
       H -6.40380e+01 -2.10180e+01  5.50640e+01             
       O -6.16379e+01 -2.21547e+01  5.28930e+01             
       H -6.21552e+01 -2.23608e+01  5.20669e+01             
       H -6.22036e+01 -2.17297e+01  5.35451e+01             
       O -6.41961e+01 -1.75405e+01  6.62952e+01             
       H -6.42012e+01 -1.66515e+01  6.59597e+01             
       H -6.45511e+01 -1.75597e+01  6.71660e+01             
       O -7.77154e+01 -2.44270e+01  3.93603e+01             
       H -7.81412e+01 -2.36249e+01  3.97454e+01             
       H -6.74080e+01  1.94748e+00  5.35131e+01             
       O -5.78044e+01 -1.57825e+01  7.29254e+01             
       H -5.72770e+01 -1.61911e+01  7.35552e+01             
       H -5.86518e+01 -2.80825e+01  7.34317e+01             
       O -7.80599e+01 -7.84867e+00  4.17248e+01             
       H -7.87470e+01 -7.88248e+00  4.24273e+01             
       H -7.83465e+01 -8.65795e+00  4.12457e+01             
       O -6.85036e+01 -2.32414e+01  5.79011e+01             
       H -6.91028e+01 -2.30160e+01  5.86328e+01             
       H -6.84953e+01 -2.42191e+01  5.79871e+01             
       O -7.21128e+01 -7.96046e+00  6.13464e+01             
       H -7.22098e+01 -8.02121e+00  6.22952e+01             
       H -7.30114e+01 -8.08060e+00  6.09502e+01             
       O -6.84450e+01 -1.06114e+01  4.92828e+01             
       H -6.87598e+01 -1.06183e+01  5.02084e+01             
       H -6.10363e+01 -1.49154e+01  4.93565e+01             
       O -6.40919e+01 -3.30974e+01  4.94793e+01             
       H -6.34277e+01 -3.27821e+01  4.88514e+01             
       H -6.34694e+01 -2.64379e+01  6.21288e+01             
       O -7.48432e+01 -1.99807e+01  4.73242e+01             
       H -7.53658e+01 -1.92958e+01  4.68426e+01             
       H -7.47037e+01 -2.06133e+01  4.66366e+01             
       O -5.55091e+01 -2.73127e+01  6.30608e+01             
       H -5.55595e+01 -2.66999e+01  6.23023e+01             
       H -5.49155e+01 -2.80214e+01  6.29267e+01             
       O -7.13915e+01 -1.28996e+01  6.29356e+01             
       H -7.17364e+01 -1.29048e+01  6.20250e+01             
       H -7.11777e+01 -1.37957e+01  6.31904e+01             
       O -7.61329e+01 -1.74569e+01  4.64442e+01             
       H -7.63520e+01 -2.96163e+01  4.55391e+01             
       H -7.69751e+01 -1.71554e+01  4.69201e+01             
       O -7.24936e+01 -2.44459e+01  4.48635e+01             
       H -7.22944e+01 -2.48692e+01  4.57470e+01             
       H -7.17137e+01 -2.41657e+01  4.44219e+01             
       O -7.62960e+01 -1.29256e+01  5.46400e+01             
       H -7.59162e+01 -1.22273e+01  5.40619e+01             
       H -7.54832e+01 -1.32381e+01  5.50337e+01             
       O -6.72450e+01  8.32855e+00  5.37907e+01             
       H -5.59248e+01 -2.46674e+01  4.87441e+01             
       H -6.68774e+01  7.74230e+00  5.31316e+01             
       O -7.17666e+01 -2.08803e+01  6.41628e+01             
       H -6.57278e+01 -2.88820e+01  6.14520e+01             
       H -8.50374e+01 -2.10803e+01  6.45957e+01             
       O -6.76726e+01 -3.05981e+01  5.73944e+01             
       H -6.68905e+01 -3.01342e+01  5.70152e+01             
       H -6.84604e+01 -3.00403e+01  5.73392e+01             
       O -6.95726e+01 -1.57660e+01  5.77892e+01             
       H -6.99492e+01 -1.58497e+01  5.86503e+01             
       H -7.02837e+01 -1.55408e+01  5.71665e+01             
       O -6.11897e+01 -4.31517e+01  5.33749e+01             
       H -6.04971e+01 -4.35778e+01  5.39103e+01             
       H -6.17318e+01 -4.39292e+01  6.55281e+01             
       O -7.41342e+01 -9.45347e+00  5.72881e+01             
       H -7.33529e+01 -8.94471e+00  5.72148e+01             
       H -7.37962e+01 -1.03684e+01  5.71980e+01             
       O -6.72551e+01 -2.04692e+01  5.63578e+01             
       H -6.75352e+01 -1.96100e+01  5.67790e+01             
       H -6.68666e+01 -2.11158e+01  5.69290e+01             
       O -6.87757e+01 -2.01325e+01  7.61245e+01             
       H -6.94983e+01 -2.01177e+01  7.55076e+01             
       H -6.92425e+01 -1.98441e+01  7.69398e+01             
       O -8.60765e+01 -1.64198e+01  4.67617e+01             
       H -8.58231e+01 -1.65752e+01  4.58542e+01             
       H -8.69626e+01 -1.67798e+01  4.68993e+01             
       O -6.32883e+01 -6.93523e+00  6.43938e+01             
       H -6.37588e+01 -6.66042e+00  6.51758e+01             
       H -6.38989e+01 -7.34914e+00  6.37812e+01             
       O -6.69390e+01 -1.37451e+01  5.29466e+01             
       H -6.73135e+01 -1.40382e+01  5.20894e+01             
       H -6.70082e+01 -1.45225e+01  4.10828e+01             
       O -6.12564e+01 -1.36103e+01  3.06447e+01             
       H -6.09398e+01 -1.32423e+01  2.97694e+01             
       H -7.33041e+01 -1.29973e+01  3.13653e+01             
       O -5.56370e+01 -1.84477e+01  3.52659e+01             
       H -5.65977e+01 -1.82390e+01  3.51550e+01             
       H -5.54080e+01 -1.85964e+01  3.43627e+01             
       O -7.23973e+01 -2.45049e+01  4.06649e+01             
       H -7.19993e+01 -2.47917e+01  3.98639e+01             
       H -7.28408e+01 -2.36245e+01  5.28939e+01             
       O -5.81583e+01 -1.54970e+01  3.87567e+01             
       H -6.69245e+01 -1.04060e+01  4.60253e+01             
       H -5.84378e+01 -1.63201e+01  3.83568e+01             
       O -6.79988e+01 -2.57267e+01  5.81718e+01             
       H -6.84963e+01 -2.65187e+01  5.80272e+01             
       H -6.79732e+01 -2.56439e+01  5.91102e+01             
       O -5.96829e+01 -1.97381e+01  4.46587e+01             
       H -5.93171e+01 -1.94259e+01  4.54869e+01             
       H -5.89400e+01 -2.01338e+01  4.41408e+01             
       O -6.14760e+01 -2.78112e+01  5.29930e+01             
       H -6.14494e+01 -2.87765e+01  5.31308e+01             
       H -6.09921e+01 -2.77356e+01  5.21856e+01             
       O -6.61715e+01 -6.49232e+00  6.37628e+01             
       H -6.70450e+01 -6.87360e+00  6.34852e+01             
       H -6.61156e+01 -6.73211e+00  6.47298e+01             
       O -5.83524e+01  6.17016e+00  7.19648e+01             
       H -5.87264e+01  5.61490e+00  7.27009e+01             
       H -5.86549e+01  7.06950e+00  7.21976e+01             
       O -6.29056e+01 -2.65888e+01  6.28639e+01             
       H -7.80512e+01 -2.51929e+01  3.99511e+01             
       H -6.32952e+01 -2.63559e+01  6.36965e+01             
       O -6.68758e+01 -2.07307e+01  6.10236e+01             
       H -5.71889e+01 -1.54402e+01  3.87024e+01             
       H -6.66061e+01 -2.12343e+01  6.02169e+01             
       O -6.02852e+01 -1.50477e+01  4.88049e+01             
       H -6.82397e+01 -4.26787e+00  5.37183e+01             
       H -6.06214e+01 -1.56479e+01  4.80531e+01             
       O -6.55740e+01 -2.72285e+01  5.80144e+01             
       H -7.85681e+01 -2.65178e+01  7.02227e+01             
       H -6.54802e+01 -1.25924e+01  6.28540e+01             
       O -9.03908e+01 -1.62749e+01  6.34344e+01             
       H -9.04021e+01 -1.72251e+01  6.36764e+01             
       H -8.98465e+01 -1.57278e+01  6.40726e+01             
       O -6.79321e+01 -3.79382e+01  4.84684e+01             
       H -6.69845e+01 -3.78654e+01  4.87771e+01             
       H -7.13529e+01 -2.01375e+01  6.47186e+01             
       O -6.61184e+01 -1.00408e+01  4.64337e+01             
       H -6.55130e+01 -1.07599e+01  4.66228e+01             
       H -8.59872e+01 -2.44752e+01  2.28245e+01             
       O -7.66681e+01 -2.45435e+01  4.63223e+01             
       H -7.58307e+01 -2.43448e+01  4.67427e+01             
       H -7.67135e+01 -2.54824e+01  4.64348e+01             
       O -7.06209e+01 -2.36297e+01  4.31086e+01             
       H -7.09200e+01 -2.37758e+01  4.21916e+01             
       H -6.97037e+01 -2.39333e+01  4.30607e+01             
       O -5.15988e+01 -2.74770e+01  5.27763e+01             
       H -5.06134e+01 -1.51233e+01  5.29293e+01             
       H -5.18629e+01 -2.67215e+01  5.33834e+01             
       O -6.15679e+01 -5.23610e+00  5.63534e+01             
       H -4.93928e+01 -5.48381e+00  5.54298e+01             
       H -6.10388e+01 -5.96249e+00  5.67193e+01             
       O -6.68475e+01  2.41854e+00  5.27990e+01             
       H -6.49416e+01 -3.27730e+01  4.92040e+01             
       H -6.79559e+01  2.58043e+00  4.91127e+01             
       O -7.17782e+01 -1.75377e+01  5.04056e+01             
       H -7.16167e+01 -1.82032e+01  5.10855e+01             
       H -7.26956e+01 -1.73283e+01  5.04275e+01             
       O -7.06224e+01 -1.03612e+01  4.78141e+01             
       H -7.10809e+01 -2.20290e+01  4.81862e+01             
       H -6.97459e+01 -1.05639e+01  4.82402e+01             
       O -7.82178e+01 -1.69758e+01  5.60806e+01             
       H -7.82235e+01 -1.60531e+01  5.64299e+01             
       H -7.87219e+01 -1.70531e+01  5.53018e+01             
       O -6.98936e+01 -2.08220e+01  5.54879e+01             
       H -7.02043e+01 -2.17758e+01  5.55514e+01             
       H -6.89383e+01 -2.09558e+01  5.57366e+01             
       O -7.82505e+01 -2.88472e+01  4.80501e+01             
       H -7.90303e+01 -2.94010e+01  6.03086e+01             
       H -7.83180e+01 -3.98888e+01  4.64524e+01             
       O -6.29005e+01 -2.30657e+01  6.28467e+01             
       H -6.36431e+01 -2.36607e+01  6.30351e+01             
       H -6.32844e+01 -2.22499e+01  6.24296e+01             
       O -6.97587e+01 -2.31337e+01  5.16714e+01             
       H -7.04251e+01 -2.24905e+01  5.18727e+01             
       H -7.01379e+01 -2.40427e+01  5.16621e+01             
       O -8.42880e+01 -1.56756e+01  5.58667e+01             
       H -8.47665e+01 -1.48530e+01  5.56066e+01             
       H -8.50528e+01 -1.63216e+01  5.60661e+01             
       O -5.94488e+01 -2.50000e+01  4.73047e+01             
       H -5.88565e+01 -2.42257e+01  4.75540e+01             
       H -5.91003e+01 -2.58511e+01  4.76769e+01             
       O -8.28387e+01 -1.92630e+01  2.85561e+01             
       H -8.28658e+01 -1.82883e+01  2.87179e+01             
       H -8.25598e+01 -1.97308e+01  2.93341e+01             
       O -7.43617e+01 -2.39608e+01  2.28958e+01             
       H -5.50914e+01 -9.73113e+00  3.97525e+01             
       H -7.42990e+01 -2.36890e+01  2.37982e+01             
       O -7.46199e+01 -1.71529e+01  5.04058e+01             
       H -7.50321e+01 -1.78872e+01  5.08196e+01             
       H -7.52360e+01 -1.64501e+01  5.03976e+01             
       O -7.02477e+01 -1.62756e+01  7.86853e+01             
       H -7.06252e+01 -1.58395e+01  7.78707e+01             
       H -7.09718e+01 -1.61611e+01  7.93395e+01             
192                                                         
# CELL(abcABC):   12.41850    12.41850    12.41850    90.00000    90.00000    90.00000  Step:      200000  Bead:       0 x_centroid{angstrom}  cell{angstrom}   
       O -9.07831e+01 -1.89199e+01  7.40022e+01             
       H -9.10199e+01 -1.79668e+01  7.41665e+01             
       H -9.00438e+01 -1.89390e+01  7.33962e+01             
       O -8.79613e+01 -1.40122e+01  7.01288e+01             
       H -7.76751e+01 -2.14424e+01  6.78503e+01             
       H -8.78911e+01 -1.39822e+01  7.11075e+01             
       O -8.55091e+01 -2.59619e+01  6.22194e+01             
       H -8.58044e+01 -1.33392e+01  6.31304e+01             
       H -8.55690e+01 -2.69393e+01  6.21585e+01             
       O -7.98706e+01 -2.49821e+01  6.52799e+01             
       H -8.03744e+01 -2.56941e+01  6.56171e+01             
       H -7.91007e+01 -2.53602e+01  6.48370e+01             
       O -7.58512e+01 -2.58779e+01  6.04138e+01             
       H -7.65623e+01 -2.64180e+01  6.08275e+01             
       H -7.50299e+01 -2.60449e+01  6.09728e+01             
       O -8.10661e+01 -2.08536e+01  7.34861e+01             
       H -8.16995e+01 -2.14780e+01  7.38720e+01             
       H -8.02370e+01 -2.12278e+01  7.37251e+01             
       O -9.50309e+01 -2.43423e+01  4.64150e+01             
       H -9.57954e+01 -2.41832e+01  4.68924e+01             
       H -8.65058e+01 -3.03621e+00  5.44461e+01             
       O -6.94568e+01 -1.41655e+01  7.98580e+01             
       H -6.96831e+01 -1.50216e+01  8.02843e+01             
       H -6.98531e+01 -2.57655e+01  8.03368e+01             
       O -9.52041e+01 -1.19538e+01  4.36912e+01             
       H -9.46854e+01 -1.11378e+01  4.35845e+01             
       H -9.60845e+01 -1.17044e+01  4.33161e+01             
       O -8.33620e+01 -2.89647e+01  6.81752e+01             
       H -8.32675e+01 -2.96226e+01  6.89343e+01             
       H -8.40046e+01 -2.92198e+01  6.74629e+01             
       O -8.93256e+01 -1.75071e+01  6.43598e+01             
       H -8.99786e+01 -1.77258e+01  6.36386e+01             
       H -8.97760e+01 -1.79018e+01  6.51276e+01             
       O -7.73672e+01 -1.21589e+01  5.44898e+01             
       H -7.77838e+01 -1.13013e+01  5.41869e+01             
       H -7.69701e+01 -2.00317e+01  5.75710e+01             
       O -7.89577e+01 -3.88986e+01  5.56014e+01             
       H -7.98952e+01 -3.89401e+01  5.53669e+01             
       H -7.76491e+01 -3.12902e+01  6.71387e+01             
       O -9.08173e+01 -2.58572e+01  5.81922e+01             
       H -8.98453e+01 -2.59174e+01  5.81531e+01             
       H -9.09799e+01 -2.59161e+01  5.71996e+01             
       O -6.84864e+01 -3.49409e+01  6.80567e+01             
       H -6.84058e+01 -3.49600e+01  6.71148e+01             
       H -6.79612e+01 -3.43172e+01  6.85468e+01             
       O -8.13004e+01 -1.80222e+01  6.65279e+01             
       H -8.17490e+01 -1.73738e+01  6.71413e+01             
       H -8.20080e+01 -1.84062e+01  6.60148e+01             
       O -9.15695e+01 -1.92675e+01  5.55511e+01             
       H -9.24711e+01 -3.13709e+01  5.52429e+01             
       H -9.15199e+01 -1.93071e+01  5.65543e+01             
       O -8.89530e+01 -2.47253e+01  5.06873e+01             
       H -8.94621e+01 -2.39208e+01  5.08207e+01             
       H -8.91874e+01 -2.54822e+01  5.11831e+01             
       O -8.82184e+01 -1.71866e+01  6.03334e+01             
       H -8.79140e+01 -1.76674e+01  5.95459e+01             
       H -8.89823e+01 -1.65263e+01  6.01672e+01             
       O -8.53557e+01  4.51171e+00  5.92893e+01             
       H -7.37265e+01 -3.24297e+01  5.54506e+01             
       H -8.45944e+01  4.29644e+00  5.86622e+01             
       O -8.56366e+01 -2.76969e+01  7.02713e+01             
       H -8.29739e+01 -3.24359e+01  6.47053e+01             
       H -9.80241e+01 -2.86015e+01  7.06827e+01             
       O -7.87309e+01 -3.35493e+01  6.36173e+01             
       H -7.89096e+01 -3.26485e+01  6.31931e+01             
       H -7.88207e+01 -3.41121e+01  6.28272e+01             
       O -7.99132e+01 -2.38687e+01  7.18275e+01             
       H -8.08805e+01 -2.39373e+01  7.16708e+01             
       H -7.94221e+01 -2.44913e+01  7.12956e+01             
       O -7.33059e+01 -5.00838e+01  6.50852e+01             
       H -7.27551e+01 -5.08764e+01  6.53556e+01             
       H -7.42871e+01 -5.01945e+01  7.76483e+01             
       O -8.31807e+01 -9.75247e+00  6.22994e+01             
       H -8.30595e+01 -1.07263e+01  6.23816e+01             
       H -8.36383e+01 -9.61655e+00  6.14338e+01             
       O -8.32351e+01 -2.18115e+01  6.53748e+01             
       H -8.35380e+01 -2.21286e+01  6.45398e+01             
       H -8.22912e+01 -2.20239e+01  6.54815e+01             
       O -8.73740e+01 -2.20631e+01  8.33574e+01             
       H -8.81303e+01 -2.15542e+01  8.30089e+01             
       H -8.76768e+01 -2.24277e+01  8.42510e+01             
       O -9.77613e+01 -2.39935e+01  5.50945e+01             
       H -9.77296e+01 -2.43720e+01  5.41756e+01             
       H -9.87228e+01 -2.39007e+01  5.54645e+01             
       O -8.28337e+01 -5.77841e+00  7.04079e+01             
       H -8.34359e+01 -5.66713e+00  7.12194e+01             
       H -8.29434e+01 -6.71712e+00  7.01458e+01             
       O -8.27779e+01 -1.29888e+01  6.31399e+01             
       H -8.19313e+01 -1.31678e+01  6.26966e+01             
       H -8.34766e+01 -1.32862e+01  5.01580e+01             
       O -7.21904e+01 -2.11871e+01  4.29618e+01             
       H -7.17167e+01 -2.10910e+01  4.21508e+01             
       H -8.49864e+01 -2.20714e+01  4.29242e+01             
       O -6.81770e+01 -2.24610e+01  4.03621e+01             
       H -6.76151e+01 -2.19270e+01  3.97738e+01             
       H -6.79888e+01 -2.34044e+01  4.04484e+01             
       O -7.93997e+01 -2.88959e+01  5.01086e+01             
       H -8.02295e+01 -2.92481e+01  4.98448e+01             
       H -7.94633e+01 -2.86193e+01  6.34214e+01             
       O -7.37177e+01 -1.63102e+01  4.94899e+01             
       H -7.85240e+01 -1.47557e+01  4.74113e+01             
       H -7.38340e+01 -1.69508e+01  5.02327e+01             
       O -7.70417e+01 -2.71417e+01  6.46436e+01             
       H -7.62918e+01 -2.70254e+01  6.53528e+01             
       H -7.69671e+01 -2.80834e+01  6.45620e+01             
       O -6.73886e+01 -2.80341e+01  5.26854e+01             
       H -6.77176e+01 -2.88068e+01  5.32374e+01             
       H -6.64796e+01 -2.79866e+01  5.29883e+01             
       O -7.84717e+01 -3.48641e+01  6.12498e+01             
       H -7.89334e+01 -3.54696e+01  6.06222e+01             
       H -7.75350e+01 -3.48346e+01  6.10355e+01             
       O -8.38837e+01 -4.57197e+00  7.27655e+01             
       H -8.37442e+01 -3.85694e+00  7.21303e+01             
       H -8.45976e+01 -4.35090e+00  7.33097e+01             
       O -7.07249e+01  3.77664e+00  8.24593e+01             
       H -6.99085e+01  3.31096e+00  8.26590e+01             
       H -7.11234e+01  3.51780e+00  8.15452e+01             
       O -7.68707e+01 -3.07388e+01  6.69478e+01             
       H -9.52091e+01 -2.42433e+01  4.54784e+01             
       H -7.70013e+01 -2.98961e+01  6.74193e+01             
       O -7.78285e+01 -2.17479e+01  6.69724e+01             
       H -7.44203e+01 -1.65890e+01  4.88428e+01             
       H -7.85412e+01 -2.11653e+01  6.66165e+01             
       O -7.65535e+01 -2.07029e+01  5.69916e+01             
       H -8.61157e+01 -8.44836e+00  5.89635e+01             
       H -7.58009e+01 -2.01902e+01  5.65299e+01             
       O -7.39299e+01 -3.04428e+01  6.40711e+01             
       H -8.58703e+01 -3.10730e+01  7.59699e+01             
       H -7.47673e+01 -1.45028e+01  6.98092e+01             
       O -1.05068e+02 -2.10682e+01  7.05566e+01             
       H -1.05050e+02 -2.02778e+01  7.11590e+01             
       H -1.04830e+02 -2.17907e+01  7.11347e+01             
       O -8.68901e+01 -4.42744e+01  5.57987e+01             
       H -8.72931e+01 -4.38295e+01  5.50161e+01             
       H -8.47655e+01 -2.75770e+01  6.98797e+01             
       O -7.79717e+01 -1.51634e+01  4.80987e+01             
       H -7.86355e+01 -1.51926e+01  4.88610e+01             
       H -1.02623e+02 -2.82723e+01  3.15490e+01             
       O -8.84349e+01 -3.39888e+01  5.23011e+01             
       H -8.87849e+01 -3.42842e+01  5.31474e+01             
       H -8.90606e+01 -3.34374e+01  5.19535e+01             
       O -8.51637e+01 -2.00265e+01  5.00069e+01             
       H -8.54280e+01 -2.08496e+01  5.03966e+01             
       H -8.57841e+01 -1.98195e+01  4.92662e+01             
       O -7.02606e+01 -2.75036e+01  5.87427e+01             
       H -6.93778e+01 -1.54336e+01  5.87022e+01             
       H -7.02504e+01 -2.65320e+01  5.87687e+01             
       O -7.13207e+01 -1.44699e+01  6.54699e+01             
       H -5.83084e+01 -1.44699e+01  6.62940e+01             
       H -7.07424e+01 -1.42535e+01  6.47090e+01             
       O -8.70718e+01 -2.26898e+00  5.46816e+01             
       H -7.85312e+01 -3.82568e+01  5.49979e+01             
       H -7.68085e+01  5.86288e-01  5.52128e+01             
       O -8.80117e+01 -2.28062e+01  6.10771e+01             
       H -8.74436e+01 -2.26759e+01  6.18326e+01             
       H -8.82016e+01 -2.37835e+01  6.10554e+01             
       O -8.62936e+01 -1.79522e+01  5.83813e+01             
       H -8.64951e+01 -3.06682e+01  5.74617e+01             
       H -8.59244e+01 -1.87596e+01  5.88077e+01             
       O -9.26819e+01 -1.85258e+01  5.93039e+01             
       H -9.36051e+01 -1.86532e+01  5.89797e+01             
       H -9.26463e+01 -1.84405e+01  6.02505e+01             
       O -8.15195e+01 -1.82648e+01  6.17783e+01             
       H -8.23096e+01 -1.78808e+01  6.13952e+01             
       H -8.14132e+01 -1.92373e+01  6.16475e+01             
       O -9.52813e+01 -3.14451e+01  5.21657e+01             
       H -9.48168e+01 -3.11899e+01  6.38176e+01             
       H -8.72581e+01 -4.31685e+01  5.17020e+01             
       O -8.09259e+01 -2.65625e+01  7.34118e+01             
       H -8.07865e+01 -2.59697e+01  7.26639e+01             
       H -8.16661e+01 -2.70340e+01  7.30370e+01             
       O -9.25804e+01 -2.85144e+01  5.78786e+01             
       H -9.20619e+01 -2.77668e+01  5.80906e+01             
       H -9.22500e+01 -2.93141e+01  5.83612e+01             
       O -9.87617e+01 -2.24751e+01  6.31855e+01             
       H -9.94364e+01 -2.21266e+01  6.37982e+01             
       H -9.82939e+01 -2.32376e+01  6.35517e+01             
       O -7.76386e+01 -3.11726e+01  5.84173e+01             
       H -7.85239e+01 -3.08659e+01  5.87592e+01             
       H -7.73975e+01 -3.03662e+01  5.78381e+01             
       O -9.71403e+01 -2.35601e+01  3.54323e+01             
       H -9.76344e+01 -2.29809e+01  3.49151e+01             
       H -9.76820e+01 -2.39859e+01  3.60664e+01             
       O -8.95028e+01 -2.88249e+01  3.19270e+01             
       H -7.40125e+01 -1.40018e+01  4.25873e+01             
       H -8.88016e+01 -2.81384e+01  3.20474e+01             
       O -8.78822e+01 -2.38999e+01  5.62824e+01             
       H -8.78318e+01 -2.32936e+01  5.70058e+01             
       H -8.79409e+01 -2.47196e+01  5.66984e+01             
       O -8.52198e+01 -1.65953e+01  9.07476e+01             
       H -8.47506e+01 -1.58675e+01  9.03357e+01             
       H -8.56470e+01 -1.72220e+01  9.00600e+01             
