192                                                         
# CELL(abcABC):   12.41850    12.41850    12.41850    90.00000    90.00000    90.00000  Step:           0  Bead:       0 x_centroid{angstrom}  cell{angstrom}   
       O -7.61023e+01 -1.19299e+01  6.40977e+01             
       H -7.65870e+01 -1.15204e+01  6.33259e+01             
       H -7.51298e+01 -1.19933e+01  6.39299e+01             
       O -6.73642e+01 -8.63247e+00  6.04303e+01             
       H -6.26641e+01 -1.91103e+01  5.14325e+01             
       H -6.76001e+01 -8.53931e+00  6.13961e+01             
       O -6.78237e+01 -2.44449e+01  5.11717e+01             
       H -6.73532e+01 -1.23566e+01  5.19185e+01             
       H -6.77237e+01 -2.51221e+01  5.05216e+01             
       O -5.50310e+01 -2.14004e+01  5.32837e+01             
       H -5.57525e+01 -2.19396e+01  5.36235e+01             
       H -5.42505e+01 -2.20658e+01  5.32890e+01             
       O -5.45835e+01 -1.97958e+01  5.09412e+01             
       H -5.51953e+01 -1.90367e+01  5.08877e+01             
       H -5.47460e+01 -2.02519e+01  5.17628e+01             
       O -5.84208e+01 -1.83275e+01  6.46495e+01             
       H -5.91111e+01 -1.76620e+01  6.47158e+01             
       H -5.82451e+01 -1.85645e+01  6.37372e+01             
       O -6.59883e+01 -2.19232e+01  4.55851e+01             
       H -6.63010e+01 -2.11625e+01  4.60646e+01             
       H -5.68649e+01  2.12274e+00  5.06441e+01             
       O -5.04781e+01 -1.46324e+01  6.71369e+01             
       H -5.06587e+01 -1.37227e+01  6.68351e+01             
       H -4.98227e+01 -2.70115e+01  6.78271e+01             
       O -7.08896e+01 -8.51892e+00  4.08550e+01             
       H -7.18073e+01 -8.90374e+00  4.07528e+01             
       H -7.10447e+01 -7.55850e+00  4.05408e+01             
       O -6.54732e+01 -2.32225e+01  5.34650e+01             
       H -6.52313e+01 -2.33171e+01  5.44152e+01             
       H -6.47640e+01 -2.35134e+01  5.28717e+01             
       O -7.04421e+01 -4.87834e+00  5.89933e+01             
       H -7.09776e+01 -4.54631e+00  5.97304e+01             
       H -6.96697e+01 -4.29410e+00  5.88574e+01             
       O -6.27200e+01 -8.09328e+00  4.58732e+01             
       H -6.29806e+01 -8.07667e+00  4.68033e+01             
       H -5.75205e+01 -1.20068e+01  4.83145e+01             
       O -5.99784e+01 -2.89468e+01  4.46873e+01             
       H -5.92519e+01 -2.93105e+01  4.52212e+01             
       H -5.95091e+01 -2.55519e+01  6.03538e+01             
       O -6.98252e+01 -1.98691e+01  4.62379e+01             
       H -7.00171e+01 -1.89010e+01  4.62804e+01             
       H -6.89002e+01 -2.00545e+01  4.65286e+01             
       O -5.00700e+01 -2.30524e+01  5.70090e+01             
       H -5.01816e+01 -2.23507e+01  5.77264e+01             
       H -4.91201e+01 -2.30632e+01  5.68745e+01             
       O -6.53659e+01 -1.09189e+01  6.24738e+01             
       H -6.62569e+01 -1.08692e+01  6.29733e+01             
       H -6.56306e+01 -1.13293e+01  6.15899e+01             
       O -6.80002e+01 -1.14852e+01  4.48089e+01             
       H -6.73278e+01 -2.32176e+01  4.49856e+01             
       H -6.88312e+01 -1.10034e+01  4.46517e+01             
       O -6.68579e+01 -2.59219e+01  4.13350e+01             
       H -6.60791e+01 -2.53628e+01  4.12125e+01             
       H -6.67382e+01 -2.67808e+01  4.08906e+01             
       O -7.05972e+01 -1.23808e+01  5.22200e+01             
       H -7.02611e+01 -1.20516e+01  5.30726e+01             
       H -6.97874e+01 -1.23835e+01  5.16763e+01             
       O -6.52485e+01  9.36961e+00  4.37314e+01             
       H -4.59843e+01 -2.10346e+01  4.67698e+01             
       H -6.46331e+01  9.82073e+00  4.31643e+01             
       O -6.19655e+01 -1.69095e+01  5.95333e+01             
       H -6.21603e+01 -1.95623e+01  5.50273e+01             
       H -7.36592e+01 -1.71549e+01  6.01278e+01             
       O -5.95683e+01 -2.80999e+01  5.44724e+01             
       H -5.96244e+01 -2.83023e+01  5.53919e+01             
       H -5.96007e+01 -2.71518e+01  5.45179e+01             
       O -6.85615e+01 -1.57820e+01  5.73722e+01             
       H -6.75556e+01 -1.57260e+01  5.74374e+01             
       H -6.86954e+01 -1.60835e+01  5.64377e+01             
       O -6.08724e+01 -4.14565e+01  5.21734e+01             
       H -6.06764e+01 -4.09602e+01  5.30209e+01             
       H -6.06390e+01 -4.07653e+01  6.39278e+01             
       O -6.42649e+01 -4.17231e+00  4.89658e+01             
       H -6.51759e+01 -4.12188e+00  4.85353e+01             
       H -6.42087e+01 -3.35585e+00  4.95589e+01             
       O -5.80604e+01 -2.12069e+01  5.60179e+01             
       H -5.75935e+01 -2.06297e+01  5.66004e+01             
       H -5.79230e+01 -2.10105e+01  5.50619e+01             
       O -6.51535e+01 -2.05644e+01  6.82683e+01             
       H -6.44673e+01 -1.98570e+01  6.80753e+01             
       H -6.50300e+01 -2.11293e+01  6.75159e+01             
       O -8.09442e+01 -1.45289e+01  4.72836e+01             
       H -8.10743e+01 -1.45010e+01  4.63510e+01             
       H -8.17822e+01 -1.41781e+01  4.76187e+01             
       O -5.97179e+01 -5.09391e+00  6.12648e+01             
       H -5.98272e+01 -4.54814e+00  6.20619e+01             
       H -5.91966e+01 -5.81086e+00  6.16118e+01             
       O -6.13470e+01 -1.21142e+01  4.81629e+01             
       H -6.11344e+01 -1.14323e+01  4.75232e+01             
       H -6.08546e+01 -1.18012e+01  3.65587e+01             
       O -5.65936e+01 -1.13326e+01  2.93079e+01             
       H -5.58780e+01 -1.19994e+01  2.91436e+01             
       H -6.87411e+01 -1.09652e+01  3.01422e+01             
       O -5.14910e+01 -1.69339e+01  2.87373e+01             
       H -5.12077e+01 -1.62058e+01  2.92616e+01             
       H -5.12754e+01 -1.77343e+01  2.92241e+01             
       O -6.38518e+01 -2.10737e+01  3.60356e+01             
       H -6.40158e+01 -2.19887e+01  3.64710e+01             
       H -6.43094e+01 -2.04198e+01  4.90606e+01             
       O -5.10567e+01 -1.28109e+01  3.40970e+01             
       H -6.38011e+01 -1.14141e+01  4.38446e+01             
       H -5.11510e+01 -1.19676e+01  3.36039e+01             
       O -6.07809e+01 -2.58364e+01  5.20641e+01             
       H -5.99655e+01 -2.52343e+01  5.20870e+01             
       H -6.10516e+01 -2.59819e+01  5.29738e+01             
       O -5.15524e+01 -1.49008e+01  3.87742e+01             
       H -5.11708e+01 -1.55223e+01  3.94059e+01             
       H -5.14038e+01 -1.39946e+01  3.90501e+01             
       O -5.45791e+01 -2.67896e+01  5.04026e+01             
       H -5.52808e+01 -2.73940e+01  5.05828e+01             
       H -5.37323e+01 -2.72792e+01  5.06129e+01             
       O -6.06577e+01 -7.03586e+00  5.65060e+01             
       H -6.10635e+01 -7.52253e+00  5.71820e+01             
       H -5.98301e+01 -7.47770e+00  5.62488e+01             
       O -5.18473e+01  6.99807e+00  6.96406e+01             
       H -5.12482e+01  7.21310e+00  7.03755e+01             
       H -5.23462e+01  7.79224e+00  6.93940e+01             
       O -5.87534e+01 -2.60545e+01  6.06949e+01             
       H -6.55472e+01 -2.16094e+01  4.47578e+01             
       H -5.91985e+01 -2.65609e+01  6.13953e+01             
       O -6.18483e+01 -1.90984e+01  5.20200e+01             
       H -5.04398e+01 -1.26563e+01  3.47706e+01             
       H -6.16616e+01 -1.81714e+01  5.22719e+01             
       O -5.71006e+01 -1.11663e+01  4.82899e+01             
       H -6.55977e+01 -2.35947e+00  4.43616e+01             
       H -5.78186e+01 -1.05471e+01  4.80567e+01             
       O -6.05714e+01 -2.51742e+01  5.49802e+01             
       H -7.30411e+01 -2.42188e+01  6.76083e+01             
       H -5.45460e+01 -7.75995e+00  6.02429e+01             
       O -8.62870e+01 -1.43926e+01  5.71529e+01             
       H -8.69762e+01 -1.40680e+01  5.77603e+01             
       H -8.58455e+01 -1.51308e+01  5.75130e+01             
       O -5.90570e+01 -3.41128e+01  4.71813e+01             
       H -5.95806e+01 -3.36524e+01  4.78652e+01             
       H -6.28014e+01 -1.68468e+01  6.00147e+01             
       O -6.45896e+01 -1.17967e+01  4.33316e+01             
       H -6.50767e+01 -1.23904e+01  4.38530e+01             
       H -7.83364e+01 -1.85162e+01  2.10280e+01             
       O -7.22631e+01 -2.30152e+01  4.47610e+01             
       H -7.21614e+01 -2.25468e+01  4.56297e+01             
       H -7.17694e+01 -2.23974e+01  4.41891e+01             
       O -6.02546e+01 -2.31644e+01  3.79306e+01             
       H -6.01854e+01 -2.22657e+01  3.75470e+01             
       H -5.93521e+01 -2.33188e+01  3.83062e+01             
       O -4.50301e+01 -2.75783e+01  5.20563e+01             
       H -4.53057e+01 -1.56359e+01  5.28563e+01             
       H -4.56507e+01 -2.68053e+01  5.20573e+01             
       O -5.56732e+01 -7.24441e+00  5.57079e+01             
       H -4.24341e+01 -7.39406e+00  5.62213e+01             
       H -5.54919e+01 -7.74595e+00  5.48817e+01             
       O -5.75638e+01  2.77671e+00  5.08469e+01             
       H -6.06533e+01 -2.96131e+01  4.45945e+01             
       H -6.34602e+01  4.64466e+00  4.53345e+01             
       O -6.68929e+01 -1.65606e+01  4.82437e+01             
       H -6.72773e+01 -1.68554e+01  4.90606e+01             
       H -6.73518e+01 -1.57427e+01  4.78875e+01             
       O -6.43188e+01 -6.66787e+00  3.78802e+01             
       H -6.43484e+01 -1.82248e+01  3.74937e+01             
       H -6.52100e+01 -6.92274e+00  3.81922e+01             
       O -6.89124e+01 -1.70405e+01  5.49716e+01             
       H -6.87057e+01 -1.79006e+01  5.53541e+01             
       H -6.98479e+01 -1.69915e+01  5.47669e+01             
       O -6.08339e+01 -2.24878e+01  5.32278e+01             
       H -6.10237e+01 -2.25701e+01  5.22958e+01             
       H -6.14349e+01 -2.17984e+01  5.35176e+01             
       O -7.53248e+01 -1.95680e+01  4.20279e+01             
       H -7.49400e+01 -1.94255e+01  5.35497e+01             
       H -7.30011e+01 -3.80051e+01  4.34115e+01             
       O -5.76129e+01 -1.96027e+01  6.22262e+01             
       H -5.71280e+01 -1.95777e+01  6.13918e+01             
       H -5.75753e+01 -2.04921e+01  6.25378e+01             
       O -6.12059e+01 -2.07409e+01  4.95403e+01             
       H -6.21613e+01 -2.09928e+01  4.93509e+01             
       H -6.12473e+01 -1.98320e+01  4.99442e+01             
       O -7.92268e+01 -1.61213e+01  5.29324e+01             
       H -7.82781e+01 -1.62448e+01  5.31565e+01             
       H -7.97678e+01 -1.63563e+01  5.36767e+01             
       O -5.41626e+01 -2.40007e+01  4.74892e+01             
       H -5.42428e+01 -2.31263e+01  4.71557e+01             
       H -5.51050e+01 -2.42085e+01  4.76639e+01             
       O -7.30059e+01 -1.49370e+01  2.50507e+01             
       H -7.36036e+01 -1.52763e+01  2.43560e+01             
       H -7.34641e+01 -1.42798e+01  2.55997e+01             
       O -6.66384e+01 -1.88141e+01  2.16219e+01             
       H -4.51117e+01 -9.55099e+00  3.94139e+01             
       H -6.66807e+01 -1.79796e+01  2.21989e+01             
       O -6.80066e+01 -1.71526e+01  5.09063e+01             
       H -6.73993e+01 -1.67649e+01  5.16261e+01             
       H -6.87523e+01 -1.68574e+01  5.13929e+01             
       O -6.62684e+01 -1.36909e+01  7.02349e+01             
       H -6.71266e+01 -1.33617e+01  6.99364e+01             
       H -6.60426e+01 -1.30072e+01  7.09665e+01             
192                                                         
# CELL(abcABC):   12.41850    12.41850    12.41850    90.00000    90.00000    90.00000  Step:      200000  Bead:       0 x_centroid{angstrom}  cell{angstrom}   
       O -8.99433e+01 -2.01055e+01  7.44190e+01             
       H -9.02348e+01 -2.07183e+01  7.51059e+01             
       H -8.99393e+01 -2.06422e+01  7.35467e+01             
       O -8.09410e+01 -1.64316e+01  6.90902e+01             
       H -6.95969e+01 -2.57453e+01  5.27247e+01             
       H -8.00319e+01 -1.63373e+01  6.94736e+01             
       O -8.30711e+01 -3.02554e+01  5.63128e+01             
       H -8.22889e+01 -1.72753e+01  5.66089e+01             
       H -8.27361e+01 -3.05823e+01  5.54417e+01             
       O -6.48515e+01 -2.71744e+01  6.06657e+01             
       H -6.46136e+01 -2.74385e+01  6.15340e+01             
       H -6.53296e+01 -2.79707e+01  6.03632e+01             
       O -7.35518e+01 -3.20972e+01  5.75192e+01             
       H -7.45098e+01 -3.19773e+01  5.74020e+01             
       H -7.32263e+01 -3.22866e+01  5.66537e+01             
       O -6.93388e+01 -2.03699e+01  6.97859e+01             
       H -7.00570e+01 -1.99185e+01  6.93281e+01             
       H -6.90578e+01 -1.96173e+01  7.03439e+01             
       O -7.57652e+01 -2.58585e+01  5.82997e+01             
       H -7.63088e+01 -2.62567e+01  5.89673e+01             
       H -7.40172e+01  4.40596e-02  5.22758e+01             
       O -6.57304e+01 -2.19684e+01  7.62395e+01             
       H -6.59516e+01 -2.28426e+01  7.60310e+01             
       H -6.48491e+01 -3.45047e+01  7.66604e+01             
       O -8.41823e+01 -6.85699e+00  4.69928e+01             
       H -8.47060e+01 -6.73163e+00  4.77872e+01             
       H -8.48466e+01 -6.96504e+00  4.62805e+01             
       O -8.20256e+01 -2.37047e+01  6.14544e+01             
       H -8.14273e+01 -2.30799e+01  6.18258e+01             
       H -8.25039e+01 -2.31625e+01  6.07996e+01             
       O -8.38742e+01 -1.10015e+01  6.45046e+01             
       H -8.42830e+01 -1.15946e+01  6.38699e+01             
       H -8.29793e+01 -1.09467e+01  6.41125e+01             
       O -7.49072e+01 -1.52174e+01  5.62744e+01             
       H -7.50578e+01 -1.46873e+01  5.71407e+01             
       H -7.51719e+01 -9.24898e+00  5.33940e+01             
       O -7.04565e+01 -2.92890e+01  4.69498e+01             
       H -7.06938e+01 -2.84603e+01  4.65535e+01             
       H -7.21513e+01 -3.39198e+01  6.82005e+01             
       O -8.63205e+01 -2.22130e+01  4.92129e+01             
       H -8.67051e+01 -2.14564e+01  4.96455e+01             
       H -8.56730e+01 -2.19940e+01  4.85301e+01             
       O -6.31139e+01 -3.12688e+01  6.57471e+01             
       H -6.30549e+01 -3.02977e+01  6.55259e+01             
       H -6.23088e+01 -3.14704e+01  6.62352e+01             
       O -7.84293e+01 -1.75386e+01  7.32408e+01             
       H -7.80136e+01 -1.81995e+01  7.38424e+01             
       H -7.92549e+01 -1.79744e+01  7.28915e+01             
       O -8.10605e+01 -1.13702e+01  5.51126e+01             
       H -8.14504e+01 -2.36291e+01  5.59962e+01             
       H -8.14699e+01 -1.22217e+01  5.47412e+01             
       O -8.49529e+01 -2.67871e+01  4.89236e+01             
       H -8.51772e+01 -2.65286e+01  4.80023e+01             
       H -8.40015e+01 -2.67739e+01  4.88313e+01             
       O -8.17361e+01 -8.99126e+00  5.39688e+01             
       H -8.26887e+01 -8.68167e+00  5.41065e+01             
       H -8.17032e+01 -9.89742e+00  5.44057e+01             
       O -8.52204e+01  3.99399e+00  5.25754e+01             
       H -6.29976e+01 -2.32810e+01  4.84167e+01             
       H -8.49994e+01  3.13973e+00  5.21138e+01             
       O -7.76040e+01 -2.18386e+01  6.81503e+01             
       H -7.75658e+01 -2.42720e+01  6.04827e+01             
       H -9.08439e+01 -2.13373e+01  6.79633e+01             
       O -6.82282e+01 -3.08905e+01  5.93319e+01             
       H -6.86694e+01 -3.14760e+01  5.99928e+01             
       H -6.88279e+01 -3.01173e+01  5.91883e+01             
       O -8.20417e+01 -1.98698e+01  6.17147e+01             
       H -8.27883e+01 -1.95185e+01  6.22127e+01             
       H -8.13012e+01 -1.97759e+01  6.22773e+01             
       O -7.27552e+01 -4.81591e+01  5.64804e+01             
       H -7.27869e+01 -4.90272e+01  5.60598e+01             
       H -7.36407e+01 -4.79019e+01  6.92229e+01             
       O -7.97194e+01 -7.80262e+00  5.51220e+01             
       H -8.01411e+01 -7.49631e+00  5.59368e+01             
       H -8.04486e+01 -8.30562e+00  5.46251e+01             
       O -6.52482e+01 -2.13075e+01  5.92447e+01             
       H -6.62347e+01 -2.14478e+01  5.91168e+01             
       H -6.49600e+01 -2.05669e+01  5.86826e+01             
       O -8.10965e+01 -2.28137e+01  7.64083e+01             
       H -8.05080e+01 -2.34798e+01  7.67917e+01             
       H -8.14266e+01 -2.22752e+01  7.71281e+01             
       O -9.47645e+01 -1.62925e+01  4.95856e+01             
       H -9.55329e+01 -1.64891e+01  5.01598e+01             
       H -9.49815e+01 -1.65151e+01  4.86609e+01             
       O -8.02187e+01 -7.19613e+00  6.39815e+01             
       H -8.01929e+01 -8.03856e+00  6.44681e+01             
       H -7.93229e+01 -6.80771e+00  6.40115e+01             
       O -7.14031e+01 -1.88972e+01  5.11952e+01             
       H -7.07121e+01 -1.85834e+01  5.17719e+01             
       H -7.19207e+01 -1.81433e+01  3.85734e+01             
       O -7.33896e+01 -1.21646e+01  3.81518e+01             
       H -7.37141e+01 -1.14752e+01  3.75367e+01             
       H -8.57132e+01 -1.29885e+01  3.76679e+01             
       O -5.91935e+01 -2.21637e+01  3.51561e+01             
       H -5.88567e+01 -2.12280e+01  3.49455e+01             
       H -5.92145e+01 -2.25266e+01  3.42451e+01             
       O -7.59769e+01 -2.66693e+01  4.16249e+01             
       H -7.57773e+01 -2.74761e+01  4.11289e+01             
       H -7.55249e+01 -2.59060e+01  5.35276e+01             
       O -6.41057e+01 -1.95066e+01  4.47863e+01             
       H -7.76302e+01 -1.12977e+01  5.63480e+01             
       H -6.43111e+01 -2.02366e+01  4.41465e+01             
       O -7.28245e+01 -2.86594e+01  6.34747e+01             
       H -7.27222e+01 -2.80261e+01  6.27425e+01             
       H -7.24217e+01 -2.82835e+01  6.42386e+01             
       O -6.10729e+01 -1.85598e+01  4.89071e+01             
       H -6.13356e+01 -1.90867e+01  4.97136e+01             
       H -6.19248e+01 -1.82312e+01  4.85383e+01             
       O -6.94737e+01 -2.58759e+01  6.32051e+01             
       H -6.96064e+01 -2.66849e+01  6.27078e+01             
       H -6.97875e+01 -2.51649e+01  6.26251e+01             
       O -6.99060e+01 -1.42976e+01  5.76367e+01             
       H -6.93708e+01 -1.49968e+01  5.72469e+01             
       H -6.94282e+01 -1.34584e+01  5.75977e+01             
       O -6.61802e+01  1.14863e+01  7.89140e+01             
       H -6.64449e+01  1.18967e+01  7.80844e+01             
       H -6.53480e+01  1.10846e+01  7.86661e+01             
       O -7.19163e+01 -3.30815e+01  6.78222e+01             
       H -7.62976e+01 -2.53170e+01  5.77132e+01             
       H -7.22068e+01 -3.32144e+01  6.68863e+01             
       O -7.01829e+01 -2.56659e+01  5.35295e+01             
       H -6.46168e+01 -1.87174e+01  4.46628e+01             
       H -7.08571e+01 -2.49939e+01  5.32545e+01             
       O -7.58336e+01 -9.91612e+00  5.33878e+01             
       H -8.46058e+01 -7.78876e+00  5.21409e+01             
       H -7.52968e+01 -1.07968e+01  5.35182e+01             
       O -7.00998e+01 -3.57205e+01  5.75111e+01             
       H -8.23469e+01 -3.47375e+01  6.99676e+01             
       H -6.84151e+01 -1.60580e+01  6.81412e+01             
       O -1.04730e+02 -1.67514e+01  6.31185e+01             
       H -1.04195e+02 -1.68074e+01  6.23158e+01             
       H -1.05639e+02 -1.66650e+01  6.28377e+01             
       O -7.57120e+01 -3.65300e+01  4.80852e+01             
       H -7.52452e+01 -3.66546e+01  4.71999e+01             
       H -7.70256e+01 -2.18567e+01  6.73857e+01             
       O -7.72476e+01 -1.21714e+01  5.65830e+01             
       H -7.76180e+01 -1.27740e+01  5.58532e+01             
       H -9.19656e+01 -1.62791e+01  2.91074e+01             
       O -8.00408e+01 -2.22015e+01  4.75429e+01             
       H -7.97565e+01 -2.31898e+01  4.75754e+01             
       H -8.08833e+01 -2.22194e+01  4.71084e+01             
       O -7.56349e+01 -2.94202e+01  4.68903e+01             
       H -7.60143e+01 -2.97875e+01  4.60608e+01             
       H -7.64820e+01 -2.94432e+01  4.74256e+01             
       O -6.10755e+01 -2.98918e+01  5.52252e+01             
       H -6.16549e+01 -1.69364e+01  5.57953e+01             
       H -6.02884e+01 -3.00475e+01  5.57564e+01             
       O -6.94171e+01 -5.65493e+00  6.55152e+01             
       H -5.64575e+01 -4.85752e+00  6.54544e+01             
       H -6.89231e+01 -6.16043e+00  6.48393e+01             
       O -7.44317e+01  3.03164e-02  5.31595e+01             
       H -7.11005e+01 -3.00455e+01  4.68955e+01             
       H -7.55826e+01 -2.40389e+00  5.56407e+01             
       O -7.90670e+01 -1.50690e+01  5.82481e+01             
       H -7.92710e+01 -1.41333e+01  5.82743e+01             
       H -7.83293e+01 -1.51575e+01  5.76750e+01             
       O -7.27072e+01 -1.33020e+01  4.27604e+01             
       H -7.17978e+01 -2.61220e+01  4.26585e+01             
       H -7.33390e+01 -1.39180e+01  4.30867e+01             
       O -7.25878e+01 -2.63891e+01  5.87229e+01             
       H -7.34723e+01 -2.63143e+01  5.83510e+01             
       H -7.19265e+01 -2.64803e+01  5.80521e+01             
       O -7.55740e+01 -2.85558e+01  6.47558e+01             
       H -7.48075e+01 -2.85404e+01  6.42533e+01             
       H -7.64180e+01 -2.81470e+01  6.42996e+01             
       O -9.08566e+01 -2.46581e+01  4.79760e+01             
       H -9.07274e+01 -2.56455e+01  6.02407e+01             
       H -8.34366e+01 -4.82567e+01  4.47385e+01             
       O -6.25045e+01 -2.21865e+01  7.02561e+01             
       H -6.22245e+01 -2.13460e+01  7.07040e+01             
       H -6.34245e+01 -2.22115e+01  7.00104e+01             
       O -7.18985e+01 -2.80687e+01  5.37305e+01             
       H -7.24434e+01 -2.87354e+01  5.42048e+01             
       H -7.10280e+01 -2.84750e+01  5.36274e+01             
       O -8.74815e+01 -2.01096e+01  6.31011e+01             
       H -8.75514e+01 -1.97860e+01  6.39637e+01             
       H -8.83340e+01 -1.99940e+01  6.26017e+01             
       O -6.66026e+01 -2.50708e+01  5.10072e+01             
       H -6.75049e+01 -2.54795e+01  5.10384e+01             
       H -6.63157e+01 -2.51925e+01  5.00611e+01             
       O -8.98893e+01 -1.51532e+01  3.87008e+01             
       H -9.01576e+01 -1.43011e+01  3.90516e+01             
       H -9.06471e+01 -1.57436e+01  3.86568e+01             
       O -8.01380e+01 -1.55262e+01  2.93150e+01             
       H -6.13025e+01 -1.26762e+01  4.12831e+01             
       H -7.96676e+01 -1.47070e+01  2.91928e+01             
       O -7.81476e+01 -1.79189e+01  5.44052e+01             
       H -7.87305e+01 -1.86497e+01  5.45085e+01             
       H -7.73041e+01 -1.83666e+01  5.41182e+01             
       O -7.73419e+01 -1.68955e+01  8.15076e+01             
       H -7.64306e+01 -1.66580e+01  8.13298e+01             
       H -7.77823e+01 -1.72101e+01  8.07334e+01             
