192                                                         
# CELL(abcABC):   12.41850    12.41850    12.41850    90.00000    90.00000    90.00000  Step:           0  Bead:       0 x_centroid{angstrom}  cell{angstrom}   
       O -7.66124e+01 -1.35519e+01  6.49359e+01             
       H -7.69378e+01 -1.41773e+01  6.43058e+01             
       H -7.63783e+01 -1.27453e+01  6.44155e+01             
       O -7.23769e+01 -1.14519e+01  6.04609e+01             
       H -6.32799e+01 -1.70338e+01  5.47309e+01             
       H -7.31865e+01 -1.14919e+01  6.10090e+01             
       O -6.99742e+01 -2.33847e+01  5.36075e+01             
       H -6.90696e+01 -1.06759e+01  5.35122e+01             
       H -6.99793e+01 -2.41641e+01  5.42012e+01             
       O -5.55511e+01 -2.15673e+01  5.50219e+01             
       H -5.63793e+01 -2.17538e+01  5.54660e+01             
       H -5.48891e+01 -2.18475e+01  5.57075e+01             
       O -5.62122e+01 -2.06345e+01  5.14710e+01             
       H -5.71256e+01 -2.07283e+01  5.14470e+01             
       H -5.59271e+01 -2.01626e+01  5.22775e+01             
       O -5.87608e+01 -1.97112e+01  6.33987e+01             
       H -5.93319e+01 -1.99749e+01  6.26451e+01             
       H -5.93807e+01 -2.00230e+01  6.40857e+01             
       O -7.06251e+01 -2.10417e+01  4.44997e+01             
       H -7.07348e+01 -2.00373e+01  4.44407e+01             
       H -5.93210e+01  1.45428e+00  5.28551e+01             
       O -5.22486e+01 -1.34437e+01  6.88931e+01             
       H -5.27786e+01 -1.28011e+01  6.84772e+01             
       H -5.22511e+01 -2.56957e+01  6.98427e+01             
       O -7.33851e+01 -7.69065e+00  4.03061e+01             
       H -7.34270e+01 -7.34962e+00  4.12073e+01             
       H -7.40322e+01 -8.44121e+00  4.02889e+01             
       O -6.63550e+01 -2.50379e+01  5.41343e+01             
       H -6.65554e+01 -2.41550e+01  5.38035e+01             
       H -6.55694e+01 -2.53585e+01  5.36703e+01             
       O -7.18285e+01 -6.26141e+00  5.98189e+01             
       H -7.24446e+01 -5.71619e+00  6.03798e+01             
       H -7.10200e+01 -5.88008e+00  6.01296e+01             
       O -6.72081e+01 -9.78453e+00  4.88072e+01             
       H -6.70704e+01 -1.01142e+01  4.96956e+01             
       H -5.70803e+01 -1.24908e+01  4.80204e+01             
       O -6.16164e+01 -2.76234e+01  4.53679e+01             
       H -6.09042e+01 -2.74669e+01  4.60020e+01             
       H -5.92411e+01 -2.53720e+01  6.08030e+01             
       O -7.13446e+01 -1.83536e+01  4.47900e+01             
       H -7.05064e+01 -1.78356e+01  4.48346e+01             
       H -7.16695e+01 -1.84624e+01  4.57524e+01             
       O -5.18150e+01 -2.22596e+01  6.12239e+01             
       H -5.27763e+01 -2.21870e+01  6.09462e+01             
       H -5.12671e+01 -2.18773e+01  6.05299e+01             
       O -6.93587e+01 -1.21293e+01  6.32846e+01             
       H -6.98520e+01 -1.18866e+01  6.40612e+01             
       H -6.92151e+01 -1.30799e+01  6.34119e+01             
       O -7.21250e+01 -1.23894e+01  4.53716e+01             
       H -7.24456e+01 -2.41999e+01  4.60440e+01             
       H -7.28675e+01 -1.25197e+01  4.46984e+01             
       O -6.80722e+01 -2.69696e+01  4.11690e+01             
       H -6.74031e+01 -2.62575e+01  4.12751e+01             
       H -6.78519e+01 -2.76843e+01  4.17377e+01             
       O -7.27492e+01 -1.34769e+01  5.35161e+01             
       H -7.18097e+01 -1.36527e+01  5.37972e+01             
       H -7.26785e+01 -1.27163e+01  5.29005e+01             
       O -6.66466e+01  8.26562e+00  4.66646e+01             
       H -4.89489e+01 -2.16595e+01  4.65321e+01             
       H -6.60523e+01  8.28010e+00  4.59216e+01             
       O -6.76033e+01 -1.93944e+01  6.16672e+01             
       H -6.44611e+01 -2.25113e+01  5.84053e+01             
       H -7.91468e+01 -1.90029e+01  6.16311e+01             
       O -6.08655e+01 -2.87869e+01  5.50025e+01             
       H -6.07760e+01 -2.86269e+01  5.59117e+01             
       H -6.14263e+01 -2.80490e+01  5.47966e+01             
       O -6.87815e+01 -1.64254e+01  5.74325e+01             
       H -6.80659e+01 -1.63836e+01  5.80950e+01             
       H -6.94892e+01 -1.58673e+01  5.78550e+01             
       O -6.20873e+01 -4.23093e+01  5.15763e+01             
       H -6.15227e+01 -4.15644e+01  5.17550e+01             
       H -6.17418e+01 -4.30962e+01  6.43167e+01             
       O -6.60427e+01 -7.25882e+00  5.20557e+01             
       H -6.58099e+01 -6.39750e+00  5.24426e+01             
       H -6.52493e+01 -7.50623e+00  5.15709e+01             
       O -6.11477e+01 -1.95013e+01  5.56096e+01             
       H -6.02915e+01 -1.89938e+01  5.57920e+01             
       H -6.10810e+01 -2.03712e+01  5.60430e+01             
       O -6.68874e+01 -1.96669e+01  6.96132e+01             
       H -6.63287e+01 -1.95826e+01  6.88116e+01             
       H -6.73997e+01 -1.88421e+01  6.96204e+01             
       O -8.32423e+01 -1.50322e+01  4.62591e+01             
       H -8.34530e+01 -1.41705e+01  4.59473e+01             
       H -8.30752e+01 -1.48769e+01  4.71924e+01             
       O -6.09323e+01 -4.05681e+00  6.10194e+01             
       H -6.03550e+01 -3.37196e+00  6.13071e+01             
       H -6.14586e+01 -4.37134e+00  6.17376e+01             
       O -6.21136e+01 -1.24093e+01  5.00335e+01             
       H -6.24396e+01 -1.30343e+01  4.93836e+01             
       H -6.16209e+01 -1.29371e+01  3.82442e+01             
       O -5.79101e+01 -1.34250e+01  3.03060e+01             
       H -5.72694e+01 -1.40832e+01  3.00485e+01             
       H -7.05561e+01 -1.36112e+01  3.11894e+01             
       O -5.27152e+01 -1.63720e+01  3.21903e+01             
       H -5.26739e+01 -1.55692e+01  3.16626e+01             
       H -5.21234e+01 -1.70039e+01  3.17346e+01             
       O -6.70524e+01 -2.29260e+01  3.94166e+01             
       H -6.77663e+01 -2.35708e+01  3.92377e+01             
       H -6.74119e+01 -2.20900e+01  5.16687e+01             
       O -5.39615e+01 -1.36002e+01  3.42707e+01             
       H -6.45046e+01 -9.34998e+00  4.28451e+01             
       H -5.41708e+01 -1.45145e+01  3.45985e+01             
       O -6.32457e+01 -2.73914e+01  5.46751e+01             
       H -6.36272e+01 -2.68226e+01  5.39130e+01             
       H -6.35925e+01 -2.68238e+01  5.53708e+01             
       O -5.22000e+01 -1.68404e+01  4.02366e+01             
       H -5.13059e+01 -1.71939e+01  4.01628e+01             
       H -5.21561e+01 -1.63659e+01  4.10348e+01             
       O -5.62111e+01 -2.72655e+01  5.09656e+01             
       H -5.59726e+01 -2.73850e+01  5.18613e+01             
       H -5.68535e+01 -2.79855e+01  5.08079e+01             
       O -6.22185e+01 -5.98007e+00  5.85536e+01             
       H -6.15395e+01 -5.69477e+00  5.79718e+01             
       H -6.18595e+01 -6.72689e+00  5.89987e+01             
       O -5.22646e+01  4.11458e+00  7.09555e+01             
       H -5.14162e+01  4.55095e+00  7.09039e+01             
       H -5.29523e+01  4.62848e+00  7.05559e+01             
       O -5.87331e+01 -2.61459e+01  6.11668e+01             
       H -6.99372e+01 -2.11693e+01  4.51746e+01             
       H -5.82750e+01 -2.58080e+01  6.19511e+01             
       O -6.35921e+01 -1.78540e+01  5.51615e+01             
       H -5.47415e+01 -1.31520e+01  3.46171e+01             
       H -6.28090e+01 -1.82753e+01  5.55325e+01             
       O -5.63186e+01 -1.20087e+01  4.77179e+01             
       H -6.62667e+01 -4.75137e+00  4.73228e+01             
       H -5.61223e+01 -1.12452e+01  4.83052e+01             
       O -6.16187e+01 -2.46584e+01  5.56188e+01             
       H -7.36824e+01 -2.52494e+01  6.73578e+01             
       H -5.95915e+01 -1.05869e+01  6.06772e+01             
       O -8.81951e+01 -1.37425e+01  5.99174e+01             
       H -8.91305e+01 -1.36426e+01  5.99751e+01             
       H -8.79183e+01 -1.46466e+01  5.97934e+01             
       O -6.16781e+01 -3.36503e+01  4.73361e+01             
       H -6.11039e+01 -3.37954e+01  4.80873e+01             
       H -6.77761e+01 -1.94190e+01  6.25935e+01             
       O -6.42294e+01 -1.02769e+01  4.30520e+01             
       H -6.42560e+01 -1.04315e+01  4.39723e+01             
       H -8.25474e+01 -2.14821e+01  2.35267e+01             
       O -7.32867e+01 -2.19574e+01  4.45886e+01             
       H -7.23161e+01 -2.18933e+01  4.44493e+01             
       H -7.36446e+01 -2.27658e+01  4.41678e+01             
       O -6.40993e+01 -2.34412e+01  3.91609e+01             
       H -6.49515e+01 -2.30871e+01  3.93315e+01             
       H -6.38814e+01 -2.31176e+01  3.82359e+01             
       O -4.80969e+01 -2.77662e+01  5.14831e+01             
       H -4.78313e+01 -1.48502e+01  5.23208e+01             
       H -4.73144e+01 -2.83436e+01  5.13277e+01             
       O -5.59107e+01 -6.67491e+00  5.39783e+01             
       H -4.28295e+01 -6.02108e+00  5.44041e+01             
       H -5.58562e+01 -7.50243e+00  5.45248e+01             
       O -6.01784e+01  1.31888e+00  5.23735e+01             
       H -6.18843e+01 -2.85106e+01  4.55557e+01             
       H -6.74820e+01  3.59002e+00  4.89465e+01             
       O -6.97993e+01 -1.75479e+01  4.83192e+01             
       H -6.90056e+01 -1.81013e+01  4.84177e+01             
       H -6.99631e+01 -1.72235e+01  4.92226e+01             
       O -6.53108e+01 -7.69876e+00  4.26086e+01             
       H -6.59812e+01 -2.01548e+01  4.18906e+01             
       H -6.48053e+01 -6.89431e+00  4.22594e+01             
       O -7.00964e+01 -1.66873e+01  5.40271e+01             
       H -6.97777e+01 -1.76361e+01  5.40088e+01             
       H -7.10155e+01 -1.66380e+01  5.42885e+01             
       O -6.21391e+01 -2.22377e+01  5.35924e+01             
       H -6.28033e+01 -2.26103e+01  5.29948e+01             
       H -6.25470e+01 -2.25211e+01  5.44392e+01             
       O -7.68786e+01 -2.34596e+01  4.56783e+01             
       H -7.65326e+01 -2.40049e+01  5.88620e+01             
       H -7.49748e+01 -3.73801e+01  4.32388e+01             
       O -6.11294e+01 -2.13768e+01  6.23819e+01             
       H -6.09372e+01 -2.22036e+01  6.28718e+01             
       H -6.18288e+01 -2.09190e+01  6.28174e+01             
       O -6.37985e+01 -1.97691e+01  5.04567e+01             
       H -6.39996e+01 -1.89742e+01  4.98500e+01             
       H -6.40617e+01 -2.05715e+01  4.99861e+01             
       O -7.96518e+01 -1.67531e+01  5.52965e+01             
       H -7.90389e+01 -1.67425e+01  5.60036e+01             
       H -8.05104e+01 -1.66549e+01  5.57977e+01             
       O -5.62182e+01 -2.20535e+01  4.62050e+01             
       H -5.53755e+01 -2.16588e+01  4.63174e+01             
       H -5.61839e+01 -2.30232e+01  4.64407e+01             
       O -7.65781e+01 -1.76315e+01  2.35706e+01             
       H -7.67184e+01 -1.68456e+01  2.41061e+01             
       H -7.59775e+01 -1.76137e+01  2.28087e+01             
       O -7.10621e+01 -2.11441e+01  2.36331e+01             
       H -4.84538e+01 -1.08128e+01  4.05783e+01             
       H -7.11066e+01 -2.02879e+01  2.32003e+01             
       O -7.04856e+01 -1.69951e+01  5.12654e+01             
       H -7.01444e+01 -1.68757e+01  5.21323e+01             
       H -7.07370e+01 -1.79663e+01  5.12884e+01             
       O -6.56738e+01 -1.53057e+01  7.51799e+01             
       H -6.65814e+01 -1.51683e+01  7.49599e+01             
       H -6.56256e+01 -1.57569e+01  7.60362e+01             
192                                                         
# CELL(abcABC):   12.41850    12.41850    12.41850    90.00000    90.00000    90.00000  Step:      200000  Bead:       0 x_centroid{angstrom}  cell{angstrom}   
       O -8.68585e+01 -2.05075e+01  6.70908e+01             
       H -8.77079e+01 -2.05848e+01  6.66271e+01             
       H -8.63229e+01 -1.97915e+01  6.66996e+01             
       O -8.38230e+01 -1.62606e+01  6.36095e+01             
       H -7.69538e+01 -1.80004e+01  6.23944e+01             
       H -8.46675e+01 -1.67230e+01  6.33530e+01             
       O -8.37198e+01 -2.81634e+01  5.83272e+01             
       H -8.28531e+01 -1.58369e+01  5.77743e+01             
       H -8.41125e+01 -2.90361e+01  5.82605e+01             
       O -7.03851e+01 -2.81773e+01  6.09512e+01             
       H -7.07655e+01 -2.81166e+01  6.00985e+01             
       H -6.98725e+01 -2.73539e+01  6.09863e+01             
       O -7.14352e+01 -2.54846e+01  5.96704e+01             
       H -7.08921e+01 -2.54518e+01  6.04867e+01             
       H -7.13129e+01 -2.63437e+01  5.92188e+01             
       O -7.89045e+01 -2.42315e+01  7.64453e+01             
       H -7.96462e+01 -2.36658e+01  7.60427e+01             
       H -7.90322e+01 -2.51688e+01  7.63136e+01             
       O -8.03746e+01 -2.25306e+01  5.04103e+01             
       H -8.12981e+01 -2.24005e+01  5.05430e+01             
       H -7.06331e+01 -4.43700e+00  5.48268e+01             
       O -6.64879e+01 -1.78127e+01  7.22552e+01             
       H -6.67057e+01 -1.69492e+01  7.18329e+01             
       H -6.58029e+01 -3.00650e+01  7.29431e+01             
       O -9.33848e+01 -1.37962e+01  4.84191e+01             
       H -9.31294e+01 -1.28067e+01  4.83935e+01             
       H -9.27337e+01 -1.41689e+01  4.77531e+01             
       O -7.98012e+01 -2.74873e+01  5.88448e+01             
       H -7.90667e+01 -2.70356e+01  5.84999e+01             
       H -8.04928e+01 -2.75474e+01  5.81875e+01             
       O -8.60652e+01 -1.04923e+01  7.14864e+01             
       H -8.52919e+01 -1.02588e+01  7.20965e+01             
       H -8.65968e+01 -1.09051e+01  7.21624e+01             
       O -8.38881e+01 -9.00303e+00  5.71800e+01             
       H -8.32384e+01 -9.74990e+00  5.74407e+01             
       H -7.20612e+01 -1.07048e+01  5.43543e+01             
       O -7.41607e+01 -2.93246e+01  4.93935e+01             
       H -7.37080e+01 -3.02038e+01  4.92607e+01             
       H -6.71817e+01 -3.48657e+01  6.78220e+01             
       O -7.94348e+01 -1.89784e+01  5.20674e+01             
       H -8.03164e+01 -1.88256e+01  5.16503e+01             
       H -7.96464e+01 -1.95579e+01  5.27637e+01             
       O -6.13707e+01 -2.29897e+01  6.87783e+01             
       H -6.06532e+01 -2.23282e+01  6.85485e+01             
       H -6.12060e+01 -2.33821e+01  6.96876e+01             
       O -8.20280e+01 -1.64485e+01  6.56935e+01             
       H -8.26691e+01 -1.64941e+01  6.50022e+01             
       H -8.18198e+01 -1.54920e+01  6.59089e+01             
       O -8.17867e+01 -1.31901e+01  5.31029e+01             
       H -8.26446e+01 -2.52647e+01  5.27738e+01             
       H -8.12389e+01 -1.35551e+01  5.22727e+01             
       O -8.58727e+01 -3.56834e+01  5.12129e+01             
       H -8.66540e+01 -3.62607e+01  5.13917e+01             
       H -8.54530e+01 -3.55220e+01  5.21189e+01             
       O -8.30829e+01 -2.20634e+01  6.01581e+01             
       H -8.22976e+01 -2.22554e+01  5.96230e+01             
       H -8.28368e+01 -2.16101e+01  6.09899e+01             
       O -7.76016e+01  4.34164e+00  5.37501e+01             
       H -6.63671e+01 -2.95844e+01  5.19538e+01             
       H -7.78123e+01  4.92974e+00  5.44937e+01             
       O -8.19078e+01 -1.93839e+01  6.98227e+01             
       H -7.85748e+01 -2.37757e+01  6.58791e+01             
       H -9.51590e+01 -1.89574e+01  7.00162e+01             
       O -7.09957e+01 -3.29936e+01  6.50246e+01             
       H -7.16046e+01 -3.23217e+01  6.51993e+01             
       H -7.14931e+01 -3.37634e+01  6.53788e+01             
       O -8.66716e+01 -2.68142e+01  6.03839e+01             
       H -8.70798e+01 -2.72042e+01  5.95640e+01             
       H -8.59145e+01 -2.63118e+01  6.00415e+01             
       O -7.74497e+01 -4.84505e+01  5.86921e+01             
       H -7.70920e+01 -4.84140e+01  5.95953e+01             
       H -7.69465e+01 -4.77796e+01  7.06121e+01             
       O -7.61771e+01 -9.08078e+00  5.74690e+01             
       H -7.62890e+01 -8.18781e+00  5.70153e+01             
       H -7.54833e+01 -9.51729e+00  5.69354e+01             
       O -7.57286e+01 -2.42911e+01  6.73370e+01             
       H -7.49374e+01 -2.38369e+01  6.77504e+01             
       H -7.56821e+01 -2.52425e+01  6.76231e+01             
       O -8.32024e+01 -2.42407e+01  7.47957e+01             
       H -8.41106e+01 -2.42265e+01  7.52947e+01             
       H -8.34141e+01 -2.35927e+01  7.41060e+01             
       O -9.26647e+01 -1.43490e+01  5.10024e+01             
       H -9.28863e+01 -1.42172e+01  4.99906e+01             
       H -9.21428e+01 -1.51531e+01  5.12213e+01             
       O -6.76602e+01 -8.39611e+00  7.16512e+01             
       H -6.83515e+01 -7.87342e+00  7.11700e+01             
       H -6.74266e+01 -7.91839e+00  7.24322e+01             
       O -7.27549e+01 -1.38629e+01  5.27922e+01             
       H -7.20980e+01 -1.44292e+01  5.23214e+01             
       H -7.35697e+01 -1.41318e+01  3.99423e+01             
       O -7.45213e+01 -2.11684e+01  3.76396e+01             
       H -7.40297e+01 -2.19975e+01  3.79592e+01             
       H -8.62165e+01 -2.05576e+01  3.73869e+01             
       O -6.52368e+01 -1.82656e+01  4.33745e+01             
       H -6.47535e+01 -1.77828e+01  4.26891e+01             
       H -6.61748e+01 -1.79531e+01  4.34152e+01             
       O -8.13814e+01 -2.78198e+01  4.43715e+01             
       H -8.09213e+01 -2.70490e+01  4.39668e+01             
       H -8.08356e+01 -2.85696e+01  5.65247e+01             
       O -6.76340e+01 -1.32562e+01  4.30742e+01             
       H -7.93247e+01 -1.12611e+01  4.65919e+01             
       H -6.79268e+01 -1.29504e+01  4.22235e+01             
       O -7.52015e+01 -2.82727e+01  5.83548e+01             
       H -7.53711e+01 -2.80821e+01  5.73852e+01             
       H -7.53725e+01 -2.91461e+01  5.85450e+01             
       O -6.40112e+01 -2.05038e+01  4.83471e+01             
       H -6.32806e+01 -2.08568e+01  4.88850e+01             
       H -6.37176e+01 -2.08167e+01  4.75139e+01             
       O -6.21578e+01 -3.01359e+01  5.19089e+01             
       H -6.21279e+01 -2.96054e+01  5.10903e+01             
       H -6.27310e+01 -3.08759e+01  5.15865e+01             
       O -7.63668e+01 -7.24043e+00  6.36204e+01             
       H -7.58676e+01 -7.99799e+00  6.33501e+01             
       H -7.68389e+01 -7.48867e+00  6.43887e+01             
       O -6.14104e+01  4.83449e+00  8.35366e+01             
       H -6.14456e+01  3.84068e+00  8.36144e+01             
       H -6.22993e+01  5.15173e+00  8.32721e+01             
       O -6.78149e+01 -3.44665e+01  6.84490e+01             
       H -7.99790e+01 -2.16517e+01  5.02250e+01             
       H -6.73484e+01 -3.42310e+01  6.92921e+01             
       O -7.70368e+01 -1.73119e+01  6.17571e+01             
       H -6.68556e+01 -1.29725e+01  4.35093e+01             
       H -7.60895e+01 -1.70973e+01  6.15658e+01             
       O -7.24658e+01 -1.01680e+01  5.36604e+01             
       H -7.80649e+01 -8.95220e+00  5.38527e+01             
       H -7.33393e+01 -9.76817e+00  5.39658e+01             
       O -7.28939e+01 -3.17142e+01  6.12048e+01             
       H -8.43527e+01 -3.20218e+01  7.37913e+01             
       H -7.11407e+01 -1.58800e+01  6.27452e+01             
       O -1.02831e+02 -1.35494e+01  6.98581e+01             
       H -1.02449e+02 -1.27208e+01  7.02527e+01             
       H -1.02051e+02 -1.39180e+01  6.95674e+01             
       O -7.83243e+01 -4.11490e+01  5.18363e+01             
       H -7.79069e+01 -4.11544e+01  5.09600e+01             
       H -8.21105e+01 -2.01824e+01  6.92973e+01             
       O -8.02254e+01 -1.10310e+01  4.68700e+01             
       H -8.03006e+01 -1.00802e+01  4.68972e+01             
       H -9.42179e+01 -2.40241e+01  3.33076e+01             
       O -8.75255e+01 -2.66608e+01  5.12118e+01             
       H -8.79427e+01 -2.58056e+01  5.14690e+01             
       H -8.76414e+01 -2.66662e+01  5.02568e+01             
       O -7.56370e+01 -2.71977e+01  4.34730e+01             
       H -7.60483e+01 -2.77875e+01  4.27379e+01             
       H -7.47197e+01 -2.69917e+01  4.31580e+01             
       O -6.29774e+01 -3.61607e+01  6.12278e+01             
       H -6.29395e+01 -2.47359e+01  6.11286e+01             
       H -6.32355e+01 -3.58967e+01  6.21621e+01             
       O -7.19878e+01 -1.82243e+01  5.73990e+01             
       H -5.96610e+01 -1.78232e+01  5.64786e+01             
       H -7.27257e+01 -1.88547e+01  5.74810e+01             
       O -7.15338e+01 -4.47720e+00  5.51276e+01             
       H -7.38333e+01 -2.86090e+01  4.88333e+01             
       H -8.42032e+01  3.91486e+00  5.79553e+01             
       O -7.64448e+01 -1.66112e+01  5.37738e+01             
       H -7.56307e+01 -1.68574e+01  5.33026e+01             
       H -7.71955e+01 -1.63341e+01  5.32178e+01             
       O -8.28245e+01 -7.56312e+00  4.96505e+01             
       H -8.21811e+01 -1.93155e+01  4.93292e+01             
       H -8.30487e+01 -7.49306e+00  5.05669e+01             
       O -8.86622e+01 -2.38682e+01  6.42404e+01             
       H -8.84932e+01 -2.39304e+01  6.52036e+01             
       H -8.96365e+01 -2.40427e+01  6.41036e+01             
       O -7.27076e+01 -3.11194e+01  5.35594e+01             
       H -7.33140e+01 -3.07105e+01  5.29680e+01             
       H -7.23437e+01 -3.03856e+01  5.40834e+01             
       O -9.08395e+01 -2.33683e+01  5.43251e+01             
       H -8.99091e+01 -2.35287e+01  6.69484e+01             
       H -8.55846e+01 -4.44341e+01  4.79250e+01             
       O -7.30296e+01 -2.69853e+01  6.76525e+01             
       H -7.28059e+01 -2.61762e+01  6.81527e+01             
       H -7.29267e+01 -2.66537e+01  6.67263e+01             
       O -7.91304e+01 -2.02270e+01  6.21245e+01             
       H -7.90165e+01 -1.96779e+01  6.28589e+01             
       H -7.81650e+01 -2.04050e+01  6.18696e+01             
       O -9.34811e+01 -1.80557e+01  6.15500e+01             
       H -9.40225e+01 -1.72907e+01  6.14337e+01             
       H -9.26561e+01 -1.78675e+01  6.10714e+01             
       O -7.09690e+01 -2.46927e+01  5.53740e+01             
       H -7.03133e+01 -2.53159e+01  5.49885e+01             
       H -7.06104e+01 -2.45830e+01  5.63029e+01             
       O -8.89492e+01 -1.88800e+01  3.32353e+01             
       H -8.94080e+01 -1.85394e+01  3.24240e+01             
       H -8.96152e+01 -1.89339e+01  3.38956e+01             
       O -8.27082e+01 -2.38998e+01  3.31102e+01             
       H -5.94691e+01 -1.60190e+01  4.28839e+01             
       H -8.31500e+01 -2.45237e+01  3.38204e+01             
       O -8.10368e+01 -1.99882e+01  6.67429e+01             
       H -8.07919e+01 -2.07150e+01  6.73163e+01             
       H -8.18209e+01 -2.02228e+01  6.62427e+01             
       O -8.02659e+01 -1.78588e+01  8.07673e+01             
       H -8.07578e+01 -1.85275e+01  8.12599e+01             
       H -8.05502e+01 -1.81386e+01  7.98416e+01             
