192                                                         
# CELL(abcABC):   12.41850    12.41850    12.41850    90.00000    90.00000    90.00000  Step:           0  Bead:       0 x_centroid{angstrom}  cell{angstrom}   
       O -7.86019e+01 -1.37878e+01  6.57586e+01             
       H -7.93085e+01 -1.43586e+01  6.53850e+01             
       H -7.79218e+01 -1.38329e+01  6.50949e+01             
       O -7.33958e+01 -1.17303e+01  6.22952e+01             
       H -6.44047e+01 -1.89971e+01  5.72837e+01             
       H -7.29343e+01 -1.08961e+01  6.24372e+01             
       O -7.53288e+01 -2.20365e+01  5.44546e+01             
       H -7.54288e+01 -1.05710e+01  5.44590e+01             
       H -7.60709e+01 -2.16798e+01  5.50109e+01             
       O -5.80975e+01 -1.97699e+01  5.38096e+01             
       H -5.86630e+01 -1.90269e+01  5.36448e+01             
       H -5.73889e+01 -1.94164e+01  5.43152e+01             
       O -5.76400e+01 -2.11326e+01  5.12572e+01             
       H -5.83917e+01 -2.09559e+01  5.06454e+01             
       H -5.78135e+01 -2.06639e+01  5.21207e+01             
       O -6.05547e+01 -1.82857e+01  6.73201e+01             
       H -6.08211e+01 -1.87170e+01  6.64864e+01             
       H -6.04205e+01 -1.90384e+01  6.78906e+01             
       O -7.27082e+01 -2.20236e+01  4.06507e+01             
       H -7.34492e+01 -2.17095e+01  4.11968e+01             
       H -6.32806e+01  2.48973e+00  5.25678e+01             
       O -5.47810e+01 -1.20276e+01  7.02705e+01             
       H -5.52233e+01 -1.15902e+01  6.95399e+01             
       H -5.48703e+01 -2.38773e+01  7.10407e+01             
       O -7.58840e+01 -7.12028e+00  4.07481e+01             
       H -7.63394e+01 -6.78490e+00  4.15993e+01             
       H -7.57360e+01 -8.06524e+00  4.08606e+01             
       O -6.80452e+01 -2.28319e+01  5.54553e+01             
       H -6.86954e+01 -2.21460e+01  5.56586e+01             
       H -6.81169e+01 -2.31273e+01  5.45230e+01             
       O -7.13996e+01 -7.75060e+00  6.01460e+01             
       H -7.19897e+01 -7.36159e+00  6.08002e+01             
       H -7.15983e+01 -7.21216e+00  5.93517e+01             
       O -6.75255e+01 -1.08598e+01  4.79061e+01             
       H -6.79111e+01 -1.10372e+01  4.87949e+01             
       H -5.72165e+01 -1.46001e+01  4.62344e+01             
       O -6.19470e+01 -3.10294e+01  4.65183e+01             
       H -6.12259e+01 -3.08342e+01  4.59142e+01             
       H -6.04475e+01 -2.59696e+01  6.23422e+01             
       O -7.17544e+01 -1.87522e+01  4.51182e+01             
       H -7.11671e+01 -1.80871e+01  4.54472e+01             
       H -7.11552e+01 -1.94439e+01  4.48087e+01             
       O -5.35493e+01 -2.60372e+01  6.08117e+01             
       H -5.38893e+01 -2.51227e+01  6.08099e+01             
       H -5.26158e+01 -2.59397e+01  6.10214e+01             
       O -6.93266e+01 -1.32365e+01  6.18684e+01             
       H -6.94480e+01 -1.34996e+01  6.09709e+01             
       H -7.00471e+01 -1.36161e+01  6.23066e+01             
       O -7.26467e+01 -1.47839e+01  4.46768e+01             
       H -7.33923e+01 -2.67129e+01  4.50594e+01             
       H -7.21722e+01 -1.39928e+01  4.42566e+01             
       O -7.10441e+01 -2.53364e+01  4.37549e+01             
       H -7.07987e+01 -2.47981e+01  4.45132e+01             
       H -7.02941e+01 -2.56189e+01  4.31310e+01             
       O -7.54944e+01 -1.25498e+01  5.46429e+01             
       H -7.46544e+01 -1.29860e+01  5.45691e+01             
       H -7.58040e+01 -1.26131e+01  5.37623e+01             
       O -6.50492e+01  7.65916e+00  4.99813e+01             
       H -5.08075e+01 -2.38208e+01  4.78416e+01             
       H -6.58893e+01  8.03131e+00  4.96757e+01             
       O -6.79506e+01 -1.96193e+01  6.27815e+01             
       H -6.30583e+01 -2.81741e+01  6.00656e+01             
       H -7.97722e+01 -1.92853e+01  6.35290e+01             
       O -6.42499e+01 -3.02915e+01  5.56832e+01             
       H -6.34877e+01 -2.98664e+01  5.53159e+01             
       H -6.49231e+01 -2.96333e+01  5.54177e+01             
       O -6.80217e+01 -1.58321e+01  5.71320e+01             
       H -6.71785e+01 -1.56841e+01  5.76654e+01             
       H -6.86277e+01 -1.63145e+01  5.76928e+01             
       O -6.11727e+01 -4.36662e+01  5.21079e+01             
       H -6.12997e+01 -4.27236e+01  5.22024e+01             
       H -6.21073e+01 -4.39244e+01  6.47534e+01             
       O -6.81641e+01 -6.96537e+00  5.47376e+01             
       H -6.75882e+01 -6.16013e+00  5.48552e+01             
       H -6.75728e+01 -7.60260e+00  5.42944e+01             
       O -6.12703e+01 -2.07511e+01  5.65378e+01             
       H -6.07893e+01 -2.12879e+01  5.72470e+01             
       H -6.17493e+01 -2.13341e+01  5.59328e+01             
       O -6.67938e+01 -1.86466e+01  7.20261e+01             
       H -6.60270e+01 -1.88109e+01  7.14621e+01             
       H -6.67121e+01 -1.76790e+01  7.21590e+01             
       O -8.30673e+01 -1.61525e+01  4.59204e+01             
       H -8.38772e+01 -1.57705e+01  4.55478e+01             
       H -8.32130e+01 -1.63236e+01  4.68591e+01             
       O -6.08683e+01 -6.21828e+00  6.15309e+01             
       H -6.08732e+01 -6.08519e+00  6.25102e+01             
       H -6.17870e+01 -6.51032e+00  6.13507e+01             
       O -6.37276e+01 -1.29552e+01  5.16693e+01             
       H -6.38672e+01 -1.20451e+01  5.13313e+01             
       H -6.33447e+01 -1.35149e+01  3.85520e+01             
       O -5.97957e+01 -1.26426e+01  2.84856e+01             
       H -5.98426e+01 -1.18231e+01  2.80298e+01             
       H -7.18872e+01 -1.24419e+01  2.93351e+01             
       O -5.36320e+01 -1.58913e+01  3.42448e+01             
       H -5.38282e+01 -1.50702e+01  3.47399e+01             
       H -5.26599e+01 -1.59093e+01  3.41185e+01             
       O -6.83376e+01 -2.32861e+01  3.81072e+01             
       H -6.87315e+01 -2.41583e+01  3.80246e+01             
       H -6.90712e+01 -2.26982e+01  5.07414e+01             
       O -5.48428e+01 -1.58211e+01  3.70409e+01             
       H -6.57700e+01 -1.05842e+01  4.48913e+01             
       H -5.56613e+01 -1.60822e+01  3.64886e+01             
       O -6.53678e+01 -2.65698e+01  5.61146e+01             
       H -6.56794e+01 -2.65464e+01  5.51949e+01             
       H -6.61047e+01 -2.62472e+01  5.66080e+01             
       O -5.44547e+01 -1.68650e+01  4.23808e+01             
       H -5.51644e+01 -1.64146e+01  4.29215e+01             
       H -5.46179e+01 -1.67778e+01  4.14619e+01             
       O -5.86975e+01 -2.72473e+01  5.21683e+01             
       H -5.89981e+01 -2.64346e+01  5.26611e+01             
       H -5.93317e+01 -2.78800e+01  5.25497e+01             
       O -6.37043e+01 -7.19502e+00  6.10455e+01             
       H -6.40484e+01 -7.24603e+00  6.01187e+01             
       H -6.42999e+01 -7.81344e+00  6.14671e+01             
       O -5.61787e+01  4.20427e+00  7.21504e+01             
       H -5.70349e+01  4.49830e+00  7.25121e+01             
       H -5.56552e+01  5.00537e+00  7.20160e+01             
       O -6.05600e+01 -2.68746e+01  6.26615e+01             
       H -7.20667e+01 -2.13603e+01  4.08926e+01             
       H -5.98817e+01 -2.69958e+01  6.33529e+01             
       O -6.45114e+01 -1.95164e+01  5.81330e+01             
       H -5.47175e+01 -1.48885e+01  3.68915e+01             
       H -6.50228e+01 -2.02791e+01  5.78548e+01             
       O -5.69390e+01 -1.38028e+01  4.68003e+01             
       H -6.46919e+01 -5.35888e+00  4.92997e+01             
       H -5.60680e+01 -1.35590e+01  4.64528e+01             
       O -6.30006e+01 -2.61080e+01  5.73585e+01             
       H -7.61830e+01 -2.59797e+01  6.92141e+01             
       H -6.18291e+01 -1.16611e+01  6.18738e+01             
       O -8.79841e+01 -1.48588e+01  6.19742e+01             
       H -8.86303e+01 -1.55569e+01  6.22314e+01             
       H -8.70963e+01 -1.52477e+01  6.22552e+01             
       O -6.36347e+01 -3.63639e+01  4.86854e+01             
       H -6.40214e+01 -3.55409e+01  4.89111e+01             
       H -6.85700e+01 -2.03003e+01  6.30577e+01             
       O -6.52493e+01 -9.85671e+00  4.45860e+01             
       H -6.43060e+01 -1.00945e+01  4.47019e+01             
       H -8.40233e+01 -2.26985e+01  2.11141e+01             
       O -7.51075e+01 -2.34209e+01  4.60313e+01             
       H -7.43077e+01 -2.29321e+01  4.61595e+01             
       H -7.49052e+01 -2.43375e+01  4.57972e+01             
       O -6.69566e+01 -2.35740e+01  4.06818e+01             
       H -6.73588e+01 -2.35618e+01  3.98129e+01             
       H -6.68167e+01 -2.45077e+01  4.08444e+01             
       O -4.88021e+01 -2.82210e+01  5.25342e+01             
       H -4.92673e+01 -1.51442e+01  5.20037e+01             
       H -4.92931e+01 -2.81557e+01  5.33920e+01             
       O -5.83646e+01 -4.03055e+00  5.47990e+01             
       H -4.52945e+01 -4.25596e+00  5.54796e+01             
       H -5.91368e+01 -4.61795e+00  5.49001e+01             
       O -6.32354e+01  2.60676e+00  5.16179e+01             
       H -6.25150e+01 -3.17335e+01  4.61158e+01             
       H -6.78230e+01  2.45698e+00  4.77501e+01             
       O -6.91742e+01 -1.75418e+01  4.86898e+01             
       H -6.87114e+01 -1.82205e+01  4.92491e+01             
       H -7.00075e+01 -1.72960e+01  4.90316e+01             
       O -6.93867e+01 -8.05553e+00  4.44045e+01             
       H -6.88354e+01 -1.99738e+01  4.37393e+01             
       H -6.87728e+01 -8.15316e+00  4.51142e+01             
       O -7.46338e+01 -1.53948e+01  5.52102e+01             
       H -7.38508e+01 -1.57112e+01  5.57318e+01             
       H -7.51300e+01 -1.48260e+01  5.57760e+01             
       O -6.57036e+01 -2.12649e+01  5.42218e+01             
       H -6.60072e+01 -2.18839e+01  5.35593e+01             
       H -6.59339e+01 -2.18202e+01  5.49678e+01             
       O -7.56384e+01 -2.85029e+01  4.67273e+01             
       H -7.52173e+01 -2.94043e+01  5.90800e+01             
       H -7.56388e+01 -3.93922e+01  4.53870e+01             
       O -6.02071e+01 -2.15153e+01  6.28941e+01             
       H -6.05682e+01 -2.16940e+01  6.37675e+01             
       H -6.08877e+01 -2.12054e+01  6.23401e+01             
       O -6.56747e+01 -2.15410e+01  5.00259e+01             
       H -6.63867e+01 -2.09142e+01  5.02470e+01             
       H -6.60808e+01 -2.21555e+01  4.93844e+01             
       O -8.18192e+01 -1.39783e+01  5.42993e+01             
       H -8.15226e+01 -1.39126e+01  5.34213e+01             
       H -8.22527e+01 -1.48959e+01  5.42025e+01             
       O -5.74194e+01 -2.34040e+01  4.60940e+01             
       H -5.69956e+01 -2.26913e+01  4.65098e+01             
       H -5.73104e+01 -2.41553e+01  4.66616e+01             
       O -7.85853e+01 -1.86064e+01  2.73492e+01             
       H -7.78248e+01 -1.91290e+01  2.76158e+01             
       H -7.82244e+01 -1.81507e+01  2.65562e+01             
       O -7.24821e+01 -2.23379e+01  2.13223e+01             
       H -5.15295e+01 -9.25898e+00  3.89368e+01             
       H -7.24200e+01 -2.18258e+01  2.21486e+01             
       O -7.18187e+01 -1.64451e+01  4.87982e+01             
       H -7.24550e+01 -1.71775e+01  4.87625e+01             
       H -7.23619e+01 -1.56909e+01  4.89702e+01             
       O -6.80861e+01 -1.56113e+01  7.68833e+01             
       H -6.77024e+01 -1.59221e+01  7.60685e+01             
       H -6.89910e+01 -1.55035e+01  7.65854e+01             
192                                                         
# CELL(abcABC):   12.41850    12.41850    12.41850    90.00000    90.00000    90.00000  Step:      200000  Bead:       0 x_centroid{angstrom}  cell{angstrom}   
       O -9.15109e+01 -1.49054e+01  7.21550e+01             
       H -9.23329e+01 -1.53345e+01  7.24458e+01             
       H -9.07809e+01 -1.55394e+01  7.21963e+01             
       O -8.61067e+01 -1.38011e+01  6.69926e+01             
       H -7.53069e+01 -2.61671e+01  6.04601e+01             
       H -8.51226e+01 -1.36022e+01  6.70658e+01             
       O -8.72584e+01 -3.13747e+01  5.88799e+01             
       H -8.70688e+01 -1.95623e+01  5.96405e+01             
       H -8.73627e+01 -3.20113e+01  5.81409e+01             
       O -7.10730e+01 -2.54452e+01  5.43345e+01             
       H -7.09690e+01 -2.61094e+01  5.36344e+01             
       H -7.03171e+01 -2.55250e+01  5.50221e+01             
       O -7.21690e+01 -2.38072e+01  5.22871e+01             
       H -7.17768e+01 -2.29746e+01  5.20640e+01             
       H -7.15580e+01 -2.42070e+01  5.29923e+01             
       O -7.21337e+01 -2.23877e+01  7.27489e+01             
       H -7.12826e+01 -2.24362e+01  7.31660e+01             
       H -7.21966e+01 -2.31214e+01  7.20681e+01             
       O -8.11766e+01 -2.39686e+01  4.86259e+01             
       H -8.03194e+01 -2.41031e+01  4.89984e+01             
       H -7.77505e+01 -3.27770e-01  5.69914e+01             
       O -6.75654e+01 -1.36532e+01  7.58281e+01             
       H -6.70573e+01 -1.33600e+01  7.50684e+01             
       H -6.69854e+01 -2.61677e+01  7.65964e+01             
       O -9.11469e+01 -9.52441e+00  4.66663e+01             
       H -9.19339e+01 -9.43731e+00  4.61255e+01             
       H -9.04426e+01 -9.07586e+00  4.61314e+01             
       O -8.15700e+01 -2.79392e+01  6.00612e+01             
       H -8.18928e+01 -2.86985e+01  5.96316e+01             
       H -8.22611e+01 -2.72975e+01  5.99734e+01             
       O -8.30393e+01 -1.26299e+01  6.26798e+01             
       H -8.35876e+01 -1.21541e+01  6.33195e+01             
       H -8.30065e+01 -1.35879e+01  6.31125e+01             
       O -7.86394e+01 -8.62896e+00  5.21255e+01             
       H -7.92224e+01 -7.81946e+00  5.19418e+01             
       H -7.46707e+01 -1.73992e+01  5.83449e+01             
       O -7.85217e+01 -3.68606e+01  4.94751e+01             
       H -7.77462e+01 -3.65575e+01  4.89245e+01             
       H -7.18258e+01 -3.33839e+01  7.16106e+01             
       O -8.85242e+01 -2.12222e+01  5.08196e+01             
       H -8.79247e+01 -2.15539e+01  5.15546e+01             
       H -8.94350e+01 -2.14326e+01  5.11190e+01             
       O -6.44991e+01 -2.25451e+01  6.72338e+01             
       H -6.43925e+01 -2.32344e+01  6.79498e+01             
       H -6.37142e+01 -2.25327e+01  6.66835e+01             
       O -8.40231e+01 -2.21170e+01  6.86145e+01             
       H -8.41126e+01 -2.15347e+01  6.93745e+01             
       H -8.30729e+01 -2.20813e+01  6.83512e+01             
       O -8.48245e+01 -1.67501e+01  5.11961e+01             
       H -8.50265e+01 -2.95960e+01  5.03255e+01             
       H -8.57517e+01 -1.66262e+01  5.15454e+01             
       O -8.32406e+01 -2.72908e+01  5.20403e+01             
       H -8.37766e+01 -2.78071e+01  5.14659e+01             
       H -8.26688e+01 -2.79092e+01  5.24138e+01             
       O -8.78142e+01 -2.31690e+01  6.11610e+01             
       H -8.71626e+01 -2.38970e+01  6.15456e+01             
       H -8.80111e+01 -2.26367e+01  6.19683e+01             
       O -8.12439e+01  2.89533e+00  5.66675e+01             
       H -5.84782e+01 -2.93825e+01  5.76257e+01             
       H -8.14363e+01  2.27346e+00  5.74448e+01             
       O -8.22839e+01 -2.13875e+01  7.36433e+01             
       H -7.54414e+01 -2.98322e+01  6.43285e+01             
       H -9.45550e+01 -2.04644e+01  7.34029e+01             
       O -7.70361e+01 -3.17264e+01  6.74001e+01             
       H -7.74637e+01 -3.24310e+01  6.69210e+01             
       H -7.76985e+01 -3.12617e+01  6.78884e+01             
       O -8.70215e+01 -2.22587e+01  6.54607e+01             
       H -8.66242e+01 -2.14751e+01  6.58533e+01             
       H -8.62723e+01 -2.28254e+01  6.52317e+01             
       O -7.18533e+01 -4.92918e+01  5.86796e+01             
       H -7.08861e+01 -4.91955e+01  5.85035e+01             
       H -7.23809e+01 -4.92819e+01  7.02142e+01             
       O -8.27999e+01 -9.40695e+00  6.41284e+01             
       H -8.30332e+01 -8.64132e+00  6.47023e+01             
       H -8.27109e+01 -8.96034e+00  6.32439e+01             
       O -7.19001e+01 -2.70802e+01  5.97265e+01             
       H -7.19035e+01 -2.61293e+01  5.93669e+01             
       H -7.25140e+01 -2.72163e+01  6.04304e+01             
       O -7.43415e+01 -1.91672e+01  8.07352e+01             
       H -7.35595e+01 -1.94889e+01  8.01901e+01             
       H -7.51837e+01 -1.94102e+01  8.04444e+01             
       O -9.58912e+01 -1.88971e+01  5.26958e+01             
       H -9.52754e+01 -1.81415e+01  5.28973e+01             
       H -9.66576e+01 -1.85157e+01  5.22187e+01             
       O -7.70061e+01 -8.22828e+00  6.99088e+01             
       H -7.73635e+01 -8.30415e+00  6.89698e+01             
       H -7.62755e+01 -8.85025e+00  7.00129e+01             
       O -7.45247e+01 -1.63132e+01  5.47697e+01             
       H -7.43796e+01 -1.71438e+01  5.52061e+01             
       H -7.53897e+01 -1.60263e+01  4.27137e+01             
       O -7.12764e+01 -1.79385e+01  3.42309e+01             
       H -7.21190e+01 -1.77189e+01  3.46849e+01             
       H -8.39135e+01 -1.88840e+01  3.39560e+01             
       O -6.68000e+01 -1.69871e+01  4.17024e+01             
       H -6.63854e+01 -1.75873e+01  4.23359e+01             
       H -6.62609e+01 -1.61815e+01  4.15958e+01             
       O -7.66062e+01 -2.79773e+01  4.38150e+01             
       H -7.60754e+01 -2.83846e+01  4.45671e+01             
       H -7.74182e+01 -2.84566e+01  5.61494e+01             
       O -6.63228e+01 -1.78054e+01  4.42832e+01             
       H -7.62296e+01 -1.73274e+01  4.93806e+01             
       H -6.71567e+01 -1.83146e+01  4.44267e+01             
       O -7.92608e+01 -3.21054e+01  6.05259e+01             
       H -7.89903e+01 -3.30476e+01  6.02829e+01             
       H -7.99695e+01 -3.20698e+01  6.11509e+01             
       O -6.95950e+01 -1.71172e+01  5.40353e+01             
       H -6.98823e+01 -1.71335e+01  5.49650e+01             
       H -6.86107e+01 -1.70585e+01  5.39850e+01             
       O -7.00524e+01 -3.10623e+01  6.15363e+01             
       H -7.04537e+01 -3.06248e+01  6.23091e+01             
       H -7.05637e+01 -3.07849e+01  6.06898e+01             
       O -7.51851e+01 -1.38750e+00  6.46129e+01             
       H -7.52102e+01 -2.39108e+00  6.45509e+01             
       H -7.45112e+01 -1.29686e+00  6.53179e+01             
       O -7.24871e+01  4.26740e+00  7.90308e+01             
       H -7.17657e+01  4.76658e+00  7.87191e+01             
       H -7.21475e+01  3.69328e+00  7.97318e+01             
       O -7.18262e+01 -3.28784e+01  7.07751e+01             
       H -8.17962e+01 -2.43876e+01  4.92295e+01             
       H -7.27597e+01 -3.26037e+01  7.06776e+01             
       O -7.58532e+01 -2.66100e+01  5.98536e+01             
       H -6.58926e+01 -1.77796e+01  4.51860e+01             
       H -7.67007e+01 -2.61376e+01  5.97409e+01             
       O -7.48750e+01 -1.65081e+01  5.80587e+01             
       H -8.04308e+01 -9.94896e+00  5.61123e+01             
       H -7.48233e+01 -1.58765e+01  5.87961e+01             
       O -7.37313e+01 -2.55248e+01  6.20496e+01             
       H -8.52386e+01 -2.52103e+01  7.45836e+01             
       H -7.38229e+01 -1.47893e+01  6.71887e+01             
       O -9.97329e+01 -2.23036e+01  7.07908e+01             
       H -9.96764e+01 -2.25951e+01  7.17259e+01             
       H -9.93594e+01 -2.29628e+01  7.02362e+01             
       O -7.01932e+01 -4.18076e+01  5.69178e+01             
       H -6.95220e+01 -4.11385e+01  5.71585e+01             
       H -8.14636e+01 -2.18687e+01  7.33283e+01             
       O -7.57090e+01 -1.68719e+01  4.87264e+01             
       H -7.60778e+01 -1.60337e+01  4.84560e+01             
       H -9.38824e+01 -2.28205e+01  2.71196e+01             
       O -8.95050e+01 -2.41322e+01  5.17951e+01             
       H -8.88263e+01 -2.47960e+01  5.21018e+01             
       H -8.99158e+01 -2.36552e+01  5.25135e+01             
       O -8.00322e+01 -2.78023e+01  4.46569e+01             
       H -7.96417e+01 -2.87104e+01  4.44858e+01             
       H -7.96377e+01 -2.76131e+01  4.55574e+01             
       O -6.14321e+01 -3.29254e+01  6.12682e+01             
       H -6.08659e+01 -2.12567e+01  6.10863e+01             
       H -6.22043e+01 -3.30967e+01  6.17872e+01             
       O -6.86266e+01 -6.68508e+00  6.94618e+01             
       H -5.69521e+01 -5.98102e+00  6.93327e+01             
       H -6.89885e+01 -7.54388e+00  6.92342e+01             
       O -7.73426e+01 -3.14945e-01  5.61241e+01             
       H -7.80408e+01 -3.66828e+01  5.03514e+01             
       H -7.91367e+01  2.99698e+00  5.18739e+01             
       O -7.95911e+01 -2.32470e+01  5.46861e+01             
       H -7.99259e+01 -2.31232e+01  5.37732e+01             
       H -7.86857e+01 -2.29608e+01  5.45791e+01             
       O -8.16381e+01 -1.17019e+01  4.59595e+01             
       H -8.10899e+01 -2.45982e+01  4.53177e+01             
       H -8.13842e+01 -1.16367e+01  4.69136e+01             
       O -8.94838e+01 -1.85495e+01  6.29238e+01             
       H -8.92064e+01 -1.95069e+01  6.30667e+01             
       H -9.04120e+01 -1.84713e+01  6.28001e+01             
       O -8.06298e+01 -2.88937e+01  6.26583e+01             
       H -8.10766e+01 -2.86440e+01  6.18611e+01             
       H -8.02364e+01 -2.80776e+01  6.30457e+01             
       O -8.72948e+01 -2.91009e+01  5.21984e+01             
       H -8.71426e+01 -2.90720e+01  6.56025e+01             
       H -8.64848e+01 -3.82268e+01  5.05143e+01             
       O -6.86525e+01 -2.53280e+01  6.84604e+01             
       H -6.80894e+01 -2.60733e+01  6.84167e+01             
       H -6.81045e+01 -2.46352e+01  6.80461e+01             
       O -7.79301e+01 -2.48809e+01  5.88245e+01             
       H -7.83849e+01 -2.41117e+01  5.91614e+01             
       H -7.84440e+01 -2.56865e+01  5.91068e+01             
       O -9.80215e+01 -1.77804e+01  6.11209e+01             
       H -9.87549e+01 -1.71460e+01  6.10518e+01             
       H -9.84491e+01 -1.86478e+01  6.11152e+01             
       O -6.54401e+01 -2.70581e+01  5.34583e+01             
       H -6.54744e+01 -2.64775e+01  5.42066e+01             
       H -6.46708e+01 -2.68047e+01  5.29459e+01             
       O -9.00034e+01 -1.76221e+01  3.42285e+01             
       H -8.90992e+01 -1.79174e+01  3.44286e+01             
       H -9.06027e+01 -1.80830e+01  3.48357e+01             
       O -8.07104e+01 -2.34347e+01  2.72049e+01             
       H -6.45066e+01 -1.36099e+01  4.37321e+01             
       H -8.10232e+01 -2.43591e+01  2.70746e+01             
       O -8.59972e+01 -2.41868e+01  5.65684e+01             
       H -8.54509e+01 -2.36601e+01  5.60563e+01             
       H -8.63057e+01 -2.49320e+01  5.60537e+01             
       O -8.02291e+01 -1.89720e+01  8.83990e+01             
       H -8.10826e+01 -1.93214e+01  8.84795e+01             
       H -8.03393e+01 -1.80265e+01  8.81869e+01             
