192                                                         
# CELL(abcABC):   12.41850    12.41850    12.41850    90.00000    90.00000    90.00000  Step:           0  Bead:       0 x_centroid{angstrom}  cell{angstrom}   
       O -7.89084e+01 -1.41753e+01  6.67263e+01             
       H -7.93750e+01 -1.47630e+01  6.60930e+01             
       H -7.80651e+01 -1.39722e+01  6.62360e+01             
       O -7.35777e+01 -1.25362e+01  6.15846e+01             
       H -6.59113e+01 -1.98099e+01  5.84584e+01             
       H -7.26225e+01 -1.25567e+01  6.17734e+01             
       O -7.64220e+01 -2.38651e+01  5.47958e+01             
       H -7.57138e+01 -1.20465e+01  5.45050e+01             
       H -7.68759e+01 -2.43102e+01  5.54917e+01             
       O -6.07571e+01 -2.26219e+01  5.32358e+01             
       H -6.08139e+01 -2.21736e+01  5.41074e+01             
       H -6.00854e+01 -2.32471e+01  5.35618e+01             
       O -5.90559e+01 -2.12217e+01  5.13863e+01             
       H -5.97270e+01 -2.15700e+01  5.07040e+01             
       H -5.95318e+01 -2.12470e+01  5.22306e+01             
       O -6.17532e+01 -1.90341e+01  6.70698e+01             
       H -6.23882e+01 -1.96546e+01  6.74941e+01             
       H -6.21478e+01 -1.81972e+01  6.73131e+01             
       O -7.54882e+01 -2.22352e+01  3.93298e+01             
       H -7.62042e+01 -2.28979e+01  3.93692e+01             
       H -6.53021e+01  1.07005e+00  5.31567e+01             
       O -5.45952e+01 -1.22145e+01  7.16111e+01             
       H -5.47827e+01 -1.15083e+01  7.09496e+01             
       H -5.39636e+01 -2.42628e+01  7.22824e+01             
       O -7.65650e+01 -7.49254e+00  3.98500e+01             
       H -7.65967e+01 -7.46898e+00  4.08233e+01             
       H -7.60639e+01 -8.35810e+00  3.97187e+01             
       O -6.74860e+01 -2.27796e+01  5.73346e+01             
       H -6.77591e+01 -2.18547e+01  5.74578e+01             
       H -6.77416e+01 -2.30558e+01  5.64390e+01             
       O -7.20815e+01 -6.71832e+00  6.02290e+01             
       H -7.27542e+01 -6.54668e+00  6.08575e+01             
       H -7.24659e+01 -6.95578e+00  5.93878e+01             
       O -6.53077e+01 -8.88657e+00  4.94539e+01             
       H -6.58794e+01 -9.55395e+00  4.97632e+01             
       H -5.75793e+01 -1.32308e+01  4.66227e+01             
       O -6.34196e+01 -3.11392e+01  4.70393e+01             
       H -6.27860e+01 -3.14867e+01  4.63971e+01             
       H -6.18329e+01 -2.68604e+01  6.17501e+01             
       O -7.37807e+01 -1.97905e+01  4.54877e+01             
       H -7.38482e+01 -1.96795e+01  4.45447e+01             
       H -7.38048e+01 -2.07606e+01  4.56093e+01             
       O -5.29996e+01 -2.62885e+01  6.31035e+01             
       H -5.28358e+01 -2.55322e+01  6.24863e+01             
       H -5.25533e+01 -2.70877e+01  6.27904e+01             
       O -7.09015e+01 -1.29236e+01  6.20693e+01             
       H -7.01360e+01 -1.26916e+01  6.14993e+01             
       H -7.06841e+01 -1.36107e+01  6.27110e+01             
       O -7.33021e+01 -1.39566e+01  4.39997e+01             
       H -7.40976e+01 -2.65086e+01  4.45502e+01             
       H -7.36269e+01 -1.35149e+01  4.32088e+01             
       O -7.02646e+01 -2.42463e+01  4.39722e+01             
       H -7.03743e+01 -2.37009e+01  4.47551e+01             
       H -6.93764e+01 -2.44892e+01  4.37933e+01             
       O -7.43830e+01 -1.31792e+01  5.38650e+01             
       H -7.37045e+01 -1.28914e+01  5.32242e+01             
       H -7.48992e+01 -1.38869e+01  5.34367e+01             
       O -6.54819e+01  7.68659e+00  5.26977e+01             
       H -5.16291e+01 -2.43981e+01  4.81376e+01             
       H -6.53352e+01  7.15772e+00  5.19180e+01             
       O -7.04353e+01 -1.85104e+01  6.41722e+01             
       H -6.41203e+01 -2.85257e+01  6.00618e+01             
       H -8.19263e+01 -1.88026e+01  6.42725e+01             
       O -6.60458e+01 -3.12640e+01  5.66224e+01             
       H -6.57871e+01 -3.03848e+01  5.63818e+01             
       H -6.68974e+01 -3.14441e+01  5.62129e+01             
       O -6.89454e+01 -1.58101e+01  5.69109e+01             
       H -6.82536e+01 -1.55995e+01  5.75663e+01             
       H -6.97717e+01 -1.55757e+01  5.73983e+01             
       O -6.24911e+01 -4.26613e+01  5.17243e+01             
       H -6.18710e+01 -4.27069e+01  5.24837e+01             
       H -6.32368e+01 -4.33274e+01  6.42908e+01             
       O -7.24606e+01 -8.87281e+00  5.52916e+01             
       H -7.20919e+01 -7.96882e+00  5.52360e+01             
       H -7.18142e+01 -9.27122e+00  5.58989e+01             
       O -6.41273e+01 -2.06291e+01  5.52508e+01             
       H -6.46130e+01 -2.00290e+01  5.58389e+01             
       H -6.41422e+01 -2.15183e+01  5.56692e+01             
       O -6.77254e+01 -1.76814e+01  7.33799e+01             
       H -6.75796e+01 -1.71331e+01  7.25783e+01             
       H -6.84503e+01 -1.71991e+01  7.39507e+01             
       O -8.35351e+01 -1.46599e+01  4.60180e+01             
       H -8.40343e+01 -1.43965e+01  4.52421e+01             
       H -8.41462e+01 -1.52975e+01  4.64866e+01             
       O -6.18596e+01 -6.33742e+00  6.16149e+01             
       H -6.20635e+01 -6.03846e+00  6.25070e+01             
       H -6.24782e+01 -6.05492e+00  6.09226e+01             
       O -6.36490e+01 -1.48323e+01  5.26027e+01             
       H -6.42226e+01 -1.41825e+01  5.20382e+01             
       H -6.37945e+01 -1.57678e+01  3.99926e+01             
       O -5.89899e+01 -1.23109e+01  2.90741e+01             
       H -5.84221e+01 -1.19750e+01  2.84418e+01             
       H -7.10341e+01 -1.21483e+01  2.99593e+01             
       O -5.47271e+01 -1.55436e+01  3.42902e+01             
       H -5.48081e+01 -1.47310e+01  3.48082e+01             
       H -5.38059e+01 -1.57857e+01  3.44007e+01             
       O -6.99146e+01 -2.36748e+01  3.92634e+01             
       H -7.02945e+01 -2.42603e+01  3.85033e+01             
       H -7.04869e+01 -2.29390e+01  5.15824e+01             
       O -5.58768e+01 -1.41113e+01  3.80384e+01             
       H -6.55546e+01 -1.02066e+01  4.47279e+01             
       H -5.56047e+01 -1.46338e+01  3.72647e+01             
       O -6.55707e+01 -2.54577e+01  5.70497e+01             
       H -6.61778e+01 -2.57525e+01  5.63947e+01             
       H -6.58717e+01 -2.53984e+01  5.79734e+01             
       O -5.69782e+01 -1.85634e+01  4.40893e+01             
       H -5.67953e+01 -1.76472e+01  4.41404e+01             
       H -5.75156e+01 -1.87575e+01  4.33050e+01             
       O -5.95427e+01 -2.73865e+01  5.24530e+01             
       H -5.92019e+01 -2.67588e+01  5.30642e+01             
       H -5.90418e+01 -2.81344e+01  5.27305e+01             
       O -6.57911e+01 -5.95955e+00  6.26267e+01             
       H -6.64317e+01 -5.72979e+00  6.18863e+01             
       H -6.56107e+01 -6.88186e+00  6.25876e+01             
       O -5.70944e+01  4.66784e+00  7.33146e+01             
       H -5.79314e+01  4.95474e+00  7.29860e+01             
       H -5.67295e+01  5.56932e+00  7.35299e+01             
       O -6.17180e+01 -2.78403e+01  6.19106e+01             
       H -7.47788e+01 -2.25757e+01  3.99376e+01             
       H -6.12059e+01 -2.78130e+01  6.27591e+01             
       O -6.54444e+01 -2.03622e+01  5.91010e+01             
       H -5.50174e+01 -1.36594e+01  3.81663e+01             
       H -6.50678e+01 -2.10908e+01  5.85850e+01             
       O -5.72246e+01 -1.25635e+01  4.72544e+01             
       H -6.64035e+01 -4.39849e+00  5.25950e+01             
       H -5.62935e+01 -1.24417e+01  4.71423e+01             
       O -6.33056e+01 -2.67560e+01  5.78134e+01             
       H -7.65582e+01 -2.66971e+01  6.97095e+01             
       H -6.12733e+01 -1.15899e+01  6.13861e+01             
       O -8.91277e+01 -1.60861e+01  6.23176e+01             
       H -8.96362e+01 -1.68535e+01  6.26133e+01             
       H -8.82128e+01 -1.63411e+01  6.24270e+01             
       O -6.48402e+01 -3.67082e+01  4.87909e+01             
       H -6.45603e+01 -3.58955e+01  4.92652e+01             
       H -7.08155e+01 -1.92843e+01  6.37465e+01             
       O -6.47109e+01 -9.87140e+00  4.50809e+01             
       H -6.43222e+01 -1.06715e+01  4.53966e+01             
       H -8.51371e+01 -2.22263e+01  2.16749e+01             
       O -7.56201e+01 -2.44024e+01  4.66802e+01             
       H -7.47294e+01 -2.40758e+01  4.66072e+01             
       H -7.56656e+01 -2.52090e+01  4.61343e+01             
       O -6.80440e+01 -2.44137e+01  4.22866e+01             
       H -6.86767e+01 -2.41623e+01  4.16385e+01             
       H -6.75676e+01 -2.52549e+01  4.19962e+01             
       O -4.85853e+01 -2.87317e+01  5.47682e+01             
       H -4.83559e+01 -1.55464e+01  5.53495e+01             
       H -4.86449e+01 -2.83338e+01  5.39138e+01             
       O -5.88755e+01 -6.50490e+00  5.43870e+01             
       H -4.72658e+01 -6.03147e+00  5.45560e+01             
       H -5.86937e+01 -6.28704e+00  5.34666e+01             
       O -6.52317e+01  1.04844e+00  5.22289e+01             
       H -6.41501e+01 -3.18213e+01  4.70984e+01             
       H -6.55966e+01  3.78215e+00  4.85811e+01             
       O -6.96827e+01 -1.67039e+01  4.98773e+01             
       H -6.99982e+01 -1.74275e+01  5.04151e+01             
       H -7.03291e+01 -1.65640e+01  4.91615e+01             
       O -6.89719e+01 -8.17685e+00  4.60833e+01             
       H -6.91881e+01 -1.97684e+01  4.56334e+01             
       H -6.88954e+01 -8.07057e+00  4.70488e+01             
       O -7.63521e+01 -1.72221e+01  5.51496e+01             
       H -7.56682e+01 -1.65632e+01  5.51614e+01             
       H -7.68547e+01 -1.70768e+01  5.43015e+01             
       O -6.72252e+01 -2.14240e+01  5.44932e+01             
       H -6.72229e+01 -2.21583e+01  5.38551e+01             
       H -6.63019e+01 -2.11147e+01  5.45252e+01             
       O -7.67449e+01 -2.87114e+01  4.67204e+01             
       H -7.62963e+01 -2.95716e+01  5.90688e+01             
       H -7.59571e+01 -3.99336e+01  4.59481e+01             
       O -6.11743e+01 -2.14218e+01  6.20437e+01             
       H -6.19850e+01 -2.15580e+01  6.25989e+01             
       H -6.13220e+01 -2.04140e+01  6.18881e+01             
       O -6.74276e+01 -2.23994e+01  5.12601e+01             
       H -6.75908e+01 -2.14925e+01  5.15535e+01             
       H -6.83453e+01 -2.28626e+01  5.12650e+01             
       O -8.22082e+01 -1.60203e+01  5.43470e+01             
       H -8.17303e+01 -1.58107e+01  5.51343e+01             
       H -8.27281e+01 -1.67339e+01  5.46766e+01             
       O -5.85128e+01 -2.25597e+01  4.59716e+01             
       H -5.79242e+01 -2.17494e+01  4.60918e+01             
       H -5.82122e+01 -2.31964e+01  4.66115e+01             
       O -8.03889e+01 -1.96898e+01  2.70884e+01             
       H -8.00725e+01 -1.99010e+01  2.79717e+01             
       H -7.97841e+01 -1.91326e+01  2.66507e+01             
       O -7.36450e+01 -2.22283e+01  2.19376e+01             
       H -5.36194e+01 -1.08509e+01  3.95293e+01             
       H -7.37576e+01 -2.18249e+01  2.28488e+01             
       O -7.17634e+01 -1.65042e+01  4.80501e+01             
       H -7.18999e+01 -1.74046e+01  4.77208e+01             
       H -7.26651e+01 -1.63349e+01  4.84552e+01             
       O -6.77582e+01 -1.57570e+01  7.74195e+01             
       H -6.79526e+01 -1.52255e+01  7.65443e+01             
       H -6.86278e+01 -1.60645e+01  7.77198e+01             
192                                                         
# CELL(abcABC):   12.41850    12.41850    12.41850    90.00000    90.00000    90.00000  Step:      200000  Bead:       0 x_centroid{angstrom}  cell{angstrom}   
       O -9.51894e+01 -1.82664e+01  7.52398e+01             
       H -9.60991e+01 -1.84290e+01  7.54106e+01             
       H -9.47879e+01 -1.78061e+01  7.60384e+01             
       O -8.26068e+01 -1.84666e+01  7.00321e+01             
       H -7.74579e+01 -2.13258e+01  6.64190e+01             
       H -8.17857e+01 -1.90364e+01  7.00688e+01             
       O -9.01502e+01 -2.91441e+01  5.97540e+01             
       H -9.06829e+01 -1.66010e+01  6.05867e+01             
       H -8.95024e+01 -2.84152e+01  5.97937e+01             
       O -7.69624e+01 -2.72346e+01  5.66728e+01             
       H -7.63355e+01 -2.64997e+01  5.65168e+01             
       H -7.63958e+01 -2.80353e+01  5.66789e+01             
       O -7.58410e+01 -2.51990e+01  5.50627e+01             
       H -7.48839e+01 -2.48958e+01  5.50205e+01             
       H -7.63669e+01 -2.44281e+01  5.53364e+01             
       O -7.08031e+01 -2.22178e+01  7.82992e+01             
       H -7.01200e+01 -2.15779e+01  7.81044e+01             
       H -7.15298e+01 -2.21106e+01  7.76924e+01             
       O -8.92548e+01 -2.53406e+01  4.95123e+01             
       H -9.01044e+01 -2.53509e+01  4.97858e+01             
       H -7.56995e+01  1.87181e+00  6.35638e+01             
       O -6.77215e+01 -1.69825e+01  8.10330e+01             
       H -6.75828e+01 -1.61400e+01  8.05775e+01             
       H -6.86775e+01 -2.93671e+01  8.13590e+01             
       O -9.08426e+01 -7.78595e+00  4.68528e+01             
       H -9.08287e+01 -7.16931e+00  4.61061e+01             
       H -9.11394e+01 -8.59017e+00  4.63981e+01             
       O -7.47482e+01 -2.86010e+01  5.67603e+01             
       H -7.44263e+01 -2.81012e+01  5.75414e+01             
       H -7.47294e+01 -2.94897e+01  5.71870e+01             
       O -8.53112e+01 -1.36809e+01  6.61265e+01             
       H -8.56797e+01 -1.33914e+01  6.52791e+01             
       H -8.55008e+01 -1.29581e+01  6.67680e+01             
       O -7.81344e+01 -1.15237e+01  5.28903e+01             
       H -7.82967e+01 -1.12415e+01  5.38458e+01             
       H -7.11273e+01 -2.18997e+01  5.56264e+01             
       O -7.85596e+01 -3.08334e+01  5.10686e+01             
       H -7.90161e+01 -3.13039e+01  5.18777e+01             
       H -7.39857e+01 -3.15782e+01  7.03904e+01             
       O -8.32232e+01 -2.47682e+01  5.72710e+01             
       H -8.26144e+01 -2.52989e+01  5.67606e+01             
       H -8.31280e+01 -2.39694e+01  5.67046e+01             
       O -6.67949e+01 -2.52228e+01  7.28543e+01             
       H -6.67503e+01 -2.57532e+01  7.20480e+01             
       H -6.77212e+01 -2.51130e+01  7.29628e+01             
       O -7.91374e+01 -1.42978e+01  7.06321e+01             
       H -7.93138e+01 -1.52093e+01  7.09204e+01             
       H -7.82917e+01 -1.43964e+01  7.00692e+01             
       O -8.62570e+01 -2.54807e+01  5.13837e+01             
       H -8.59901e+01 -3.75664e+01  5.05011e+01             
       H -8.70381e+01 -2.48955e+01  5.14380e+01             
       O -8.28691e+01 -3.07429e+01  5.48196e+01             
       H -8.28050e+01 -3.06613e+01  5.57718e+01             
       H -8.38136e+01 -3.09335e+01  5.47414e+01             
       O -8.82108e+01 -1.53439e+01  6.08959e+01             
       H -8.75258e+01 -1.51041e+01  6.03042e+01             
       H -8.86549e+01 -1.45246e+01  6.12011e+01             
       O -7.68000e+01  6.55096e+00  5.48908e+01             
       H -6.60085e+01 -2.58760e+01  5.26152e+01             
       H -7.63050e+01  7.33542e+00  5.44977e+01             
       O -8.62423e+01 -2.10027e+01  6.97260e+01             
       H -8.27467e+01 -2.98984e+01  6.09595e+01             
       H -9.90557e+01 -2.10165e+01  6.88367e+01             
       O -7.55807e+01 -3.39136e+01  6.32540e+01             
       H -7.57103e+01 -3.36910e+01  6.23258e+01             
       H -7.62708e+01 -3.34599e+01  6.37744e+01             
       O -8.06886e+01 -2.35401e+01  6.40290e+01             
       H -8.09504e+01 -2.28442e+01  6.34119e+01             
       H -8.08448e+01 -2.44197e+01  6.36504e+01             
       O -7.33412e+01 -4.89010e+01  5.55449e+01             
       H -7.35405e+01 -4.79741e+01  5.52575e+01             
       H -7.34378e+01 -4.91449e+01  6.88795e+01             
       O -8.57186e+01 -1.23752e+01  5.82464e+01             
       H -8.47413e+01 -1.24117e+01  5.81526e+01             
       H -8.59253e+01 -1.15945e+01  5.88149e+01             
       O -7.42911e+01 -2.80964e+01  6.39318e+01             
       H -7.48289e+01 -2.83663e+01  6.32082e+01             
       H -7.40698e+01 -2.71457e+01  6.38688e+01             
       O -8.07592e+01 -2.02577e+01  8.17194e+01             
       H -8.04712e+01 -2.11443e+01  8.21170e+01             
       H -8.08124e+01 -2.04072e+01  8.07640e+01             
       O -9.46288e+01 -2.10185e+01  4.97360e+01             
       H -9.46510e+01 -2.00430e+01  4.99995e+01             
       H -9.54533e+01 -2.13497e+01  5.01479e+01             
       O -7.43118e+01 -9.11759e+00  6.67019e+01             
       H -7.52421e+01 -9.01772e+00  6.62941e+01             
       H -7.38633e+01 -8.27358e+00  6.66692e+01             
       O -7.29198e+01 -1.61687e+01  5.50037e+01             
       H -7.30699e+01 -1.53506e+01  5.44917e+01             
       H -7.36979e+01 -1.63469e+01  4.31339e+01             
       O -7.02416e+01 -1.55552e+01  3.14316e+01             
       H -6.98469e+01 -1.47716e+01  3.10501e+01             
       H -8.35003e+01 -1.57395e+01  3.10599e+01             
       O -6.67989e+01 -1.46979e+01  4.22232e+01             
       H -6.69349e+01 -1.47777e+01  4.12748e+01             
       H -6.58391e+01 -1.46198e+01  4.24775e+01             
       O -8.34450e+01 -2.75319e+01  4.65729e+01             
       H -8.30788e+01 -2.83376e+01  4.69491e+01             
       H -8.33850e+01 -2.78238e+01  5.80646e+01             
       O -6.89474e+01 -1.30331e+01  4.28540e+01             
       H -8.19069e+01 -1.62961e+01  5.27085e+01             
       H -6.93521e+01 -1.31099e+01  4.19365e+01             
       O -7.92273e+01 -3.10619e+01  6.61965e+01             
       H -7.98616e+01 -3.03109e+01  6.60760e+01             
       H -7.84496e+01 -3.06599e+01  6.65808e+01             
       O -7.29477e+01 -2.40580e+01  4.91420e+01             
       H -7.20694e+01 -2.44224e+01  4.90224e+01             
       H -7.30566e+01 -2.34363e+01  4.84154e+01             
       O -7.70069e+01 -2.33738e+01  6.01354e+01             
       H -7.66255e+01 -2.41260e+01  6.06807e+01             
       H -7.79779e+01 -2.35866e+01  5.99798e+01             
       O -7.77189e+01 -1.03987e+01  6.78871e+01             
       H -7.87095e+01 -1.05226e+01  6.80715e+01             
       H -7.73290e+01 -1.00974e+01  6.87575e+01             
       O -7.02361e+01 -3.37750e-01  8.54308e+01             
       H -7.04676e+01 -1.04674e+00  8.47737e+01             
       H -7.01513e+01  5.27030e-01  8.50268e+01             
       O -7.42770e+01 -3.07286e+01  7.06875e+01             
       H -8.87182e+01 -2.48851e+01  5.02295e+01             
       H -7.47423e+01 -3.08376e+01  7.15765e+01             
       O -7.68276e+01 -2.07231e+01  6.59833e+01             
       H -6.81171e+01 -1.35679e+01  4.28116e+01             
       H -7.69086e+01 -1.98235e+01  6.64328e+01             
       O -7.12151e+01 -2.16700e+01  5.65504e+01             
       H -7.71294e+01 -5.69857e+00  5.58944e+01             
       H -7.04569e+01 -2.10263e+01  5.66809e+01             
       O -7.30905e+01 -3.05374e+01  6.32711e+01             
       H -8.55767e+01 -2.96897e+01  7.61551e+01             
       H -7.02601e+01 -1.80766e+01  7.09618e+01             
       O -1.02861e+02 -1.80584e+01  6.96822e+01             
       H -1.02825e+02 -1.74858e+01  7.05203e+01             
       H -1.03719e+02 -1.77966e+01  6.92825e+01             
       O -7.84268e+01 -3.91138e+01  5.20905e+01             
       H -7.76180e+01 -3.95463e+01  5.24271e+01             
       H -8.52582e+01 -2.11237e+01  6.95489e+01             
       O -8.15692e+01 -1.71871e+01  5.28783e+01             
       H -8.20381e+01 -1.74373e+01  5.37226e+01             
       H -9.43691e+01 -2.58267e+01  2.47331e+01             
       O -8.62964e+01 -2.72906e+01  4.64461e+01             
       H -8.53314e+01 -2.75200e+01  4.65813e+01             
       H -8.62372e+01 -2.64081e+01  4.60296e+01             
       O -8.04998e+01 -2.29953e+01  5.57025e+01             
       H -8.08292e+01 -2.23107e+01  5.50648e+01             
       H -8.08571e+01 -2.38805e+01  5.54358e+01             
       O -6.10207e+01 -3.11408e+01  6.63578e+01             
       H -6.12562e+01 -1.78494e+01  6.66187e+01             
       H -6.06180e+01 -3.11581e+01  6.55075e+01             
       O -7.59519e+01 -8.14629e+00  6.05783e+01             
       H -6.33740e+01 -7.22543e+00  6.09031e+01             
       H -7.69001e+01 -8.11992e+00  6.03265e+01             
       O -7.57255e+01  9.57702e-01  6.39560e+01             
       H -7.91577e+01 -3.11902e+01  5.03287e+01             
       H -7.88927e+01  1.15669e+00  5.23443e+01             
       O -8.25611e+01 -2.25705e+01  5.96342e+01             
       H -8.31215e+01 -2.21705e+01  5.89806e+01             
       H -8.23636e+01 -2.19397e+01  6.03657e+01             
       O -8.09434e+01 -8.14577e+00  5.40416e+01             
       H -8.01046e+01 -1.99538e+01  5.40146e+01             
       H -8.16355e+01 -7.44721e+00  5.40079e+01             
       O -9.22387e+01 -1.94261e+01  6.13578e+01             
       H -9.30592e+01 -1.99138e+01  6.14396e+01             
       H -9.18493e+01 -1.96920e+01  6.04602e+01             
       O -7.98674e+01 -2.24306e+01  5.84590e+01             
       H -8.07412e+01 -2.27005e+01  5.88412e+01             
       H -7.95871e+01 -2.30829e+01  5.77764e+01             
       O -9.45879e+01 -2.99408e+01  4.77964e+01             
       H -9.37109e+01 -2.99989e+01  6.06370e+01             
       H -8.63505e+01 -4.30559e+01  5.03818e+01             
       O -7.62565e+01 -2.81066e+01  6.57989e+01             
       H -7.60435e+01 -2.73090e+01  6.63674e+01             
       H -7.55252e+01 -2.81301e+01  6.52103e+01             
       O -8.24812e+01 -2.67082e+01  5.30961e+01             
       H -8.22813e+01 -2.63395e+01  5.22546e+01             
       H -8.34620e+01 -2.65285e+01  5.31982e+01             
       O -1.00801e+02 -1.81224e+01  6.21748e+01             
       H -1.01593e+02 -1.83927e+01  6.26657e+01             
       H -1.01151e+02 -1.73521e+01  6.16772e+01             
       O -6.70541e+01 -2.84882e+01  4.98476e+01             
       H -6.68085e+01 -2.91092e+01  5.06157e+01             
       H -6.64899e+01 -2.77413e+01  5.01158e+01             
       O -8.92405e+01 -2.20088e+01  3.29065e+01             
       H -8.85869e+01 -2.13104e+01  3.30137e+01             
       H -8.92546e+01 -2.24843e+01  3.38038e+01             
       O -8.16211e+01 -2.61000e+01  2.56322e+01             
       H -6.41052e+01 -1.15304e+01  5.21497e+01             
       H -8.09875e+01 -2.68352e+01  2.54670e+01             
       O -8.67539e+01 -2.26228e+01  5.95884e+01             
       H -8.67499e+01 -2.20020e+01  5.88923e+01             
       H -8.76154e+01 -2.24675e+01  6.00626e+01             
       O -7.25201e+01 -2.16865e+01  8.80736e+01             
       H -7.27198e+01 -2.25356e+01  8.76391e+01             
       H -7.34236e+01 -2.13456e+01  8.81996e+01             
