192                                                         
# CELL(abcABC):   12.41850    12.41850    12.41850    90.00000    90.00000    90.00000  Step:           0  Bead:       0 x_centroid{angstrom}  cell{angstrom}   
       O -7.80765e+01 -1.31886e+01  6.52493e+01             
       H -7.88366e+01 -1.37143e+01  6.49445e+01             
       H -7.74429e+01 -1.31326e+01  6.45320e+01             
       O -7.28229e+01 -1.29573e+01  6.09075e+01             
       H -6.44513e+01 -1.91666e+01  5.71266e+01             
       H -7.22916e+01 -1.22528e+01  6.05165e+01             
       O -7.53418e+01 -2.22518e+01  5.43154e+01             
       H -7.45990e+01 -1.04103e+01  5.42741e+01             
       H -7.60012e+01 -2.27163e+01  5.48959e+01             
       O -5.70923e+01 -2.04989e+01  5.32755e+01             
       H -5.78789e+01 -1.99754e+01  5.33475e+01             
       H -5.64137e+01 -2.01010e+01  5.38728e+01             
       O -5.80411e+01 -2.20645e+01  5.09378e+01             
       H -5.90251e+01 -2.20672e+01  5.10728e+01             
       H -5.77246e+01 -2.18030e+01  5.18096e+01             
       O -5.95518e+01 -1.89473e+01  6.59376e+01             
       H -6.04226e+01 -1.89363e+01  6.54418e+01             
       H -5.99169e+01 -1.90052e+01  6.68147e+01             
       O -7.19712e+01 -2.19864e+01  4.12407e+01             
       H -7.22145e+01 -2.11405e+01  4.09088e+01             
       H -6.34615e+01  2.40424e+00  5.23224e+01             
       O -5.35305e+01 -1.22552e+01  7.01751e+01             
       H -5.43858e+01 -1.18142e+01  7.00205e+01             
       H -5.34996e+01 -2.49169e+01  7.11598e+01             
       O -7.65813e+01 -7.02356e+00  4.09927e+01             
       H -7.65283e+01 -6.57641e+00  4.18006e+01             
       H -7.67494e+01 -7.92793e+00  4.12562e+01             
       O -6.81274e+01 -2.31984e+01  5.63761e+01             
       H -6.84437e+01 -2.22721e+01  5.64423e+01             
       H -6.80923e+01 -2.33911e+01  5.54511e+01             
       O -7.12564e+01 -7.57998e+00  6.02117e+01             
       H -7.17489e+01 -7.60843e+00  6.10794e+01             
       H -7.13882e+01 -6.69120e+00  5.98316e+01             
       O -6.72209e+01 -1.02688e+01  4.89648e+01             
       H -6.78275e+01 -1.07773e+01  4.94909e+01             
       H -5.68620e+01 -1.37561e+01  4.77257e+01             
       O -6.13904e+01 -3.00487e+01  4.56556e+01             
       H -6.04371e+01 -2.98566e+01  4.54553e+01             
       H -6.00147e+01 -2.67910e+01  6.21681e+01             
       O -7.08911e+01 -1.81815e+01  4.53549e+01             
       H -7.00949e+01 -1.77211e+01  4.54882e+01             
       H -7.06325e+01 -1.90250e+01  4.49503e+01             
       O -5.33428e+01 -2.51511e+01  6.03595e+01             
       H -5.37342e+01 -2.42644e+01  6.05468e+01             
       H -5.24440e+01 -2.50551e+01  6.07021e+01             
       O -6.94525e+01 -1.40361e+01  6.29950e+01             
       H -7.01162e+01 -1.41160e+01  6.23336e+01             
       H -6.99559e+01 -1.42238e+01  6.38103e+01             
       O -7.22417e+01 -1.42145e+01  4.47552e+01             
       H -7.31433e+01 -2.62775e+01  4.49867e+01             
       H -7.16923e+01 -1.35367e+01  4.42978e+01             
       O -7.06360e+01 -2.47569e+01  4.33796e+01             
       H -7.03020e+01 -2.41739e+01  4.40846e+01             
       H -6.98280e+01 -2.51861e+01  4.29793e+01             
       O -7.50089e+01 -1.32241e+01  5.40799e+01             
       H -7.42108e+01 -1.28700e+01  5.36240e+01             
       H -7.57655e+01 -1.26894e+01  5.37419e+01             
       O -6.48629e+01  7.78574e+00  4.92263e+01             
       H -5.05714e+01 -2.34182e+01  4.75105e+01             
       H -6.56607e+01  8.18347e+00  4.88901e+01             
       O -6.83121e+01 -1.97778e+01  6.21355e+01             
       H -6.36377e+01 -2.74111e+01  5.93895e+01             
       H -8.00542e+01 -1.93859e+01  6.27358e+01             
       O -6.35402e+01 -2.98664e+01  5.54409e+01             
       H -6.27356e+01 -2.93539e+01  5.52647e+01             
       H -6.43462e+01 -2.94833e+01  5.50658e+01             
       O -6.90673e+01 -1.60812e+01  5.74190e+01             
       H -6.82852e+01 -1.61523e+01  5.79412e+01             
       H -6.95928e+01 -1.54646e+01  5.79017e+01             
       O -6.19035e+01 -4.32454e+01  5.21497e+01             
       H -6.20392e+01 -4.22882e+01  5.20658e+01             
       H -6.26811e+01 -4.36927e+01  6.49310e+01             
       O -6.73199e+01 -6.85803e+00  5.47115e+01             
       H -6.68873e+01 -5.99866e+00  5.46702e+01             
       H -6.67199e+01 -7.59901e+00  5.44443e+01             
       O -6.10229e+01 -1.95450e+01  5.58241e+01             
       H -6.07096e+01 -2.01153e+01  5.65497e+01             
       H -6.18668e+01 -2.00050e+01  5.55855e+01             
       O -6.71440e+01 -1.89702e+01  7.14682e+01             
       H -6.62835e+01 -1.90596e+01  7.10523e+01             
       H -6.72920e+01 -1.79889e+01  7.15402e+01             
       O -8.32967e+01 -1.52182e+01  4.69880e+01             
       H -8.39401e+01 -1.47387e+01  4.64873e+01             
       H -8.36972e+01 -1.60451e+01  4.72493e+01             
       O -6.13352e+01 -7.00060e+00  6.22066e+01             
       H -6.15126e+01 -6.65199e+00  6.30869e+01             
       H -6.21821e+01 -7.03269e+00  6.17119e+01             
       O -6.33589e+01 -1.27715e+01  5.11033e+01             
       H -6.34232e+01 -1.18104e+01  5.09508e+01             
       H -6.33049e+01 -1.30833e+01  3.77976e+01             
       O -6.00454e+01 -1.24416e+01  2.86111e+01             
       H -5.95289e+01 -1.15985e+01  2.82859e+01             
       H -7.22221e+01 -1.24167e+01  2.95028e+01             
       O -5.43622e+01 -1.58343e+01  3.45906e+01             
       H -5.45576e+01 -1.53849e+01  3.54321e+01             
       H -5.35878e+01 -1.53759e+01  3.42087e+01             
       O -6.86166e+01 -2.39771e+01  3.84614e+01             
       H -6.87972e+01 -2.49263e+01  3.83833e+01             
       H -6.94327e+01 -2.34635e+01  5.07915e+01             
       O -5.50429e+01 -1.57942e+01  3.73112e+01             
       H -6.50279e+01 -1.08089e+01  4.47205e+01             
       H -5.56477e+01 -1.64621e+01  3.69424e+01             
       O -6.49912e+01 -2.65041e+01  5.55731e+01             
       H -6.53898e+01 -2.62647e+01  5.47336e+01             
       H -6.54163e+01 -2.59701e+01  5.62894e+01             
       O -5.41006e+01 -1.67078e+01  4.23389e+01             
       H -5.39715e+01 -1.59930e+01  4.29568e+01             
       H -5.43455e+01 -1.62165e+01  4.15200e+01             
       O -5.78217e+01 -2.67776e+01  5.30348e+01             
       H -5.85877e+01 -2.62977e+01  5.32271e+01             
       H -5.78420e+01 -2.76325e+01  5.34962e+01             
       O -6.33648e+01 -6.18833e+00  5.98112e+01             
       H -6.25218e+01 -5.94679e+00  5.93953e+01             
       H -6.38384e+01 -6.84589e+00  5.92478e+01             
       O -5.61269e+01  3.77696e+00  7.19929e+01             
       H -5.67560e+01  4.19397e+00  7.25319e+01             
       H -5.53850e+01  4.42080e+00  7.19304e+01             
       O -5.96524e+01 -2.74954e+01  6.27391e+01             
       H -7.12130e+01 -2.17849e+01  4.17710e+01             
       H -6.02109e+01 -2.76448e+01  6.35185e+01             
       O -6.47673e+01 -1.98028e+01  5.78003e+01             
       H -5.55865e+01 -1.50111e+01  3.74932e+01             
       H -6.48755e+01 -2.06489e+01  5.73819e+01             
       O -5.65371e+01 -1.28958e+01  4.74549e+01             
       H -6.45417e+01 -5.11984e+00  4.84926e+01             
       H -5.58256e+01 -1.26728e+01  4.80888e+01             
       O -6.26337e+01 -2.54242e+01  5.69825e+01             
       H -7.51636e+01 -2.54090e+01  6.84283e+01             
       H -6.12171e+01 -1.24575e+01  6.09076e+01             
       O -8.77444e+01 -1.48745e+01  6.15719e+01             
       H -8.83654e+01 -1.56334e+01  6.17042e+01             
       H -8.68789e+01 -1.52742e+01  6.17862e+01             
       O -6.33684e+01 -3.61047e+01  4.83572e+01             
       H -6.34542e+01 -3.52773e+01  4.88557e+01             
       H -6.87992e+01 -2.04168e+01  6.26266e+01             
       O -6.45380e+01 -9.96389e+00  4.45929e+01             
       H -6.37777e+01 -9.97572e+00  4.51697e+01             
       H -8.41509e+01 -2.23702e+01  2.07282e+01             
       O -7.44423e+01 -2.33357e+01  4.60815e+01             
       H -7.36472e+01 -2.27742e+01  4.58744e+01             
       H -7.44269e+01 -2.41053e+01  4.54755e+01             
       O -6.72875e+01 -2.34847e+01  4.10710e+01             
       H -6.78862e+01 -2.34455e+01  4.03237e+01             
       H -6.67904e+01 -2.43089e+01  4.08098e+01             
       O -4.96972e+01 -2.77441e+01  5.21606e+01             
       H -5.02028e+01 -1.46130e+01  5.17530e+01             
       H -4.96941e+01 -2.75669e+01  5.31235e+01             
       O -5.76121e+01 -4.52040e+00  5.38946e+01             
       H -4.44113e+01 -4.87034e+00  5.43308e+01             
       H -5.79155e+01 -5.26720e+00  5.33973e+01             
       O -6.35109e+01  2.30457e+00  5.13487e+01             
       H -6.16568e+01 -3.03095e+01  4.47431e+01             
       H -6.76385e+01  2.70164e+00  4.82511e+01             
       O -6.89763e+01 -1.75322e+01  4.85239e+01             
       H -6.87036e+01 -1.83938e+01  4.89251e+01             
       H -6.99104e+01 -1.75956e+01  4.85009e+01             
       O -6.92366e+01 -8.08163e+00  4.44461e+01             
       H -6.87466e+01 -1.99032e+01  4.39081e+01             
       H -6.87633e+01 -8.10411e+00  4.52854e+01             
       O -7.31248e+01 -1.63530e+01  5.48945e+01             
       H -7.22539e+01 -1.64393e+01  5.44930e+01             
       H -7.29880e+01 -1.57177e+01  5.55808e+01             
       O -6.59053e+01 -2.14036e+01  5.45021e+01             
       H -6.64429e+01 -2.21566e+01  5.41580e+01             
       H -6.57087e+01 -2.16440e+01  5.54288e+01             
       O -7.64579e+01 -2.74681e+01  4.60549e+01             
       H -7.60780e+01 -2.82212e+01  5.80901e+01             
       H -7.57363e+01 -3.83427e+01  4.50380e+01             
       O -6.07107e+01 -2.19941e+01  6.29150e+01             
       H -6.14866e+01 -2.22819e+01  6.33860e+01             
       H -6.08809e+01 -2.11198e+01  6.25725e+01             
       O -6.50588e+01 -2.12413e+01  4.95453e+01             
       H -6.53478e+01 -2.04802e+01  5.00454e+01             
       H -6.58801e+01 -2.17902e+01  4.93533e+01             
       O -8.04296e+01 -1.37693e+01  5.53982e+01             
       H -8.01424e+01 -1.34988e+01  5.62265e+01             
       H -8.07803e+01 -1.46696e+01  5.56330e+01             
       O -5.80369e+01 -2.33039e+01  4.64900e+01             
       H -5.74751e+01 -2.25523e+01  4.67335e+01             
       H -5.76088e+01 -2.40790e+01  4.69769e+01             
       O -7.85254e+01 -1.86802e+01  2.61685e+01             
       H -7.82876e+01 -1.86725e+01  2.70712e+01             
       H -7.80611e+01 -1.79783e+01  2.57351e+01             
       O -7.22939e+01 -2.15324e+01  2.07031e+01             
       H -5.18534e+01 -9.59828e+00  3.85529e+01             
       H -7.19908e+01 -2.10689e+01  2.14827e+01             
       O -7.16948e+01 -1.70952e+01  4.85994e+01             
       H -7.24621e+01 -1.76812e+01  4.87890e+01             
       H -7.17091e+01 -1.64267e+01  4.92736e+01             
       O -6.73445e+01 -1.52619e+01  7.74631e+01             
       H -6.72872e+01 -1.57159e+01  7.66121e+01             
       H -6.82762e+01 -1.50351e+01  7.76388e+01             
192                                                         
# CELL(abcABC):   12.41850    12.41850    12.41850    90.00000    90.00000    90.00000  Step:      200000  Bead:       0 x_centroid{angstrom}  cell{angstrom}   
       O -9.80598e+01 -1.96519e+01  7.35609e+01             
       H -9.78436e+01 -1.91987e+01  7.43937e+01             
       H -9.86534e+01 -1.90572e+01  7.30208e+01             
       O -8.68232e+01 -1.45434e+01  6.95984e+01             
       H -7.65793e+01 -1.88602e+01  6.72525e+01             
       H -8.70582e+01 -1.40105e+01  6.87961e+01             
       O -9.44743e+01 -2.54512e+01  5.51251e+01             
       H -9.42657e+01 -1.40030e+01  5.51435e+01             
       H -9.46553e+01 -2.52317e+01  5.60466e+01             
       O -7.26485e+01 -2.29652e+01  5.81540e+01             
       H -7.26790e+01 -2.29524e+01  5.72012e+01             
       H -7.29652e+01 -2.38010e+01  5.86096e+01             
       O -7.66146e+01 -2.79640e+01  4.93581e+01             
       H -7.71121e+01 -2.76660e+01  5.01289e+01             
       H -7.72889e+01 -2.80467e+01  4.86038e+01             
       O -7.88831e+01 -2.26207e+01  8.04548e+01             
       H -7.81586e+01 -2.23920e+01  7.98553e+01             
       H -7.96675e+01 -2.27901e+01  7.98746e+01             
       O -8.24625e+01 -2.79205e+01  5.20538e+01             
       H -8.33501e+01 -2.81255e+01  5.20286e+01             
       H -7.41821e+01 -7.00896e-01  5.45499e+01             
       O -7.28724e+01 -1.63946e+01  7.67766e+01             
       H -7.31384e+01 -1.68760e+01  7.75828e+01             
       H -7.36606e+01 -2.85985e+01  7.62274e+01             
       O -9.08364e+01 -1.53473e+01  4.70448e+01             
       H -9.01457e+01 -1.56377e+01  4.64593e+01             
       H -9.16461e+01 -1.57831e+01  4.65946e+01             
       O -8.24942e+01 -2.79353e+01  5.88211e+01             
       H -8.34359e+01 -2.80480e+01  5.88041e+01             
       H -8.23679e+01 -2.72310e+01  5.94722e+01             
       O -8.22394e+01 -1.34398e+01  6.05336e+01             
       H -8.16425e+01 -1.26836e+01  6.03711e+01             
       H -8.28614e+01 -1.31008e+01  6.11807e+01             
       O -8.08034e+01 -8.91693e+00  5.93406e+01             
       H -8.17897e+01 -8.71675e+00  5.94957e+01             
       H -7.57593e+01 -9.61316e+00  5.26062e+01             
       O -7.44682e+01 -3.40416e+01  4.98911e+01             
       H -7.39449e+01 -3.33694e+01  4.93553e+01             
       H -7.73554e+01 -3.11505e+01  7.11194e+01             
       O -8.21302e+01 -2.12005e+01  5.46166e+01             
       H -8.15055e+01 -2.05774e+01  5.42082e+01             
       H -8.17184e+01 -2.20884e+01  5.45456e+01             
       O -6.57949e+01 -2.67726e+01  6.86855e+01             
       H -6.50729e+01 -2.63673e+01  6.90230e+01             
       H -6.65612e+01 -2.64665e+01  6.92172e+01             
       O -8.02836e+01 -1.68292e+01  7.00206e+01             
       H -8.02677e+01 -1.75714e+01  6.94160e+01             
       H -8.12034e+01 -1.66504e+01  7.01783e+01             
       O -8.77266e+01 -2.00076e+01  5.20070e+01             
       H -8.73168e+01 -3.29655e+01  5.12573e+01             
       H -8.82901e+01 -1.93755e+01  5.14481e+01             
       O -8.19371e+01 -3.16303e+01  5.02253e+01             
       H -8.27884e+01 -3.13254e+01  5.06111e+01             
       H -8.16535e+01 -3.11015e+01  4.94605e+01             
       O -9.01062e+01 -1.85065e+01  6.06327e+01             
       H -9.05856e+01 -1.92183e+01  6.11340e+01             
       H -9.07941e+01 -1.79525e+01  6.01973e+01             
       O -7.32953e+01  2.04378e+00  5.54131e+01             
       H -6.24439e+01 -2.73609e+01  5.28536e+01             
       H -7.32226e+01  2.99274e+00  5.50709e+01             
       O -7.55404e+01 -2.55893e+01  7.36144e+01             
       H -7.56164e+01 -2.81565e+01  6.99701e+01             
       H -8.81791e+01 -2.65719e+01  7.38283e+01             
       O -7.81047e+01 -3.29714e+01  6.65887e+01             
       H -7.90080e+01 -3.27175e+01  6.66422e+01             
       H -7.78258e+01 -3.25847e+01  6.57411e+01             
       O -8.34935e+01 -2.08564e+01  5.94110e+01             
       H -8.41207e+01 -2.15032e+01  5.90498e+01             
       H -8.39906e+01 -2.02316e+01  6.00063e+01             
       O -7.22140e+01 -5.61364e+01  6.35677e+01             
       H -7.25328e+01 -5.52047e+01  6.38942e+01             
       H -7.22803e+01 -5.66643e+01  7.67994e+01             
       O -8.00688e+01 -1.02979e+01  6.28809e+01             
       H -7.94580e+01 -1.06993e+01  6.35613e+01             
       H -7.98554e+01 -1.07486e+01  6.20278e+01             
       O -7.26508e+01 -2.26152e+01  6.43163e+01             
       H -7.17777e+01 -2.23647e+01  6.39510e+01             
       H -7.33277e+01 -2.25200e+01  6.35998e+01             
       O -8.07350e+01 -2.36066e+01  7.87276e+01             
       H -8.09089e+01 -2.37327e+01  7.77698e+01             
       H -8.10878e+01 -2.43700e+01  7.91760e+01             
       O -9.59914e+01 -1.75729e+01  5.59338e+01             
       H -9.62908e+01 -1.72285e+01  5.67652e+01             
       H -9.56447e+01 -1.84136e+01  5.63241e+01             
       O -8.04564e+01 -1.14085e+01  7.27647e+01             
       H -7.96550e+01 -1.18988e+01  7.23999e+01             
       H -8.07031e+01 -1.06283e+01  7.22736e+01             
       O -7.77086e+01 -1.25223e+01  5.97231e+01             
       H -7.76954e+01 -1.20388e+01  5.88454e+01             
       H -7.80539e+01 -1.33942e+01  4.71229e+01             
       O -7.33131e+01 -1.28249e+01  3.49370e+01             
       H -7.25270e+01 -1.31107e+01  3.54219e+01             
       H -8.65256e+01 -1.29779e+01  3.55123e+01             
       O -6.61897e+01 -1.59692e+01  4.17053e+01             
       H -6.61570e+01 -1.53501e+01  4.24786e+01             
       H -6.53678e+01 -1.65058e+01  4.18555e+01             
       O -8.49632e+01 -2.85279e+01  4.57526e+01             
       H -8.54166e+01 -2.91055e+01  4.63520e+01             
       H -8.55889e+01 -2.77996e+01  5.79002e+01             
       O -6.91109e+01 -1.56803e+01  4.21924e+01             
       H -7.82935e+01 -1.50545e+01  5.23862e+01             
       H -6.94208e+01 -1.63862e+01  4.27876e+01             
       O -8.05258e+01 -3.15345e+01  6.66777e+01             
       H -8.04750e+01 -3.09398e+01  6.58258e+01             
       H -8.00910e+01 -3.10418e+01  6.73489e+01             
       O -6.81401e+01 -2.60192e+01  4.52154e+01             
       H -6.85622e+01 -2.51620e+01  4.53202e+01             
       H -6.87721e+01 -2.67313e+01  4.53428e+01             
       O -7.24944e+01 -3.29601e+01  6.61842e+01             
       H -7.15584e+01 -3.30855e+01  6.65042e+01             
       H -7.26892e+01 -3.37207e+01  6.55500e+01             
       O -7.17558e+01 -1.21832e+01  6.22910e+01             
       H -7.24689e+01 -1.24890e+01  6.28398e+01             
       H -7.17508e+01 -1.12492e+01  6.20628e+01             
       O -7.37553e+01  4.74069e+00  8.14261e+01             
       H -7.28209e+01  4.67083e+00  8.13592e+01             
       H -7.40031e+01  5.14862e+00  8.05940e+01             
       O -7.72707e+01 -3.14680e+01  7.02233e+01             
       H -8.21684e+01 -2.82879e+01  5.28755e+01             
       H -7.66508e+01 -3.22512e+01  7.02404e+01             
       O -7.64166e+01 -1.79579e+01  6.74071e+01             
       H -6.82011e+01 -1.58041e+01  4.22842e+01             
       H -7.54471e+01 -1.79966e+01  6.73950e+01             
       O -7.57637e+01 -1.05524e+01  5.26586e+01             
       H -7.28390e+01 -1.08987e+01  5.48185e+01             
       H -7.66821e+01 -1.09100e+01  5.25217e+01             
       O -8.06224e+01 -2.76560e+01  6.24604e+01             
       H -9.37517e+01 -2.76864e+01  7.55589e+01             
       H -7.44055e+01 -1.40051e+01  7.04434e+01             
       O -1.00822e+02 -2.16535e+01  7.06226e+01             
       H -9.98993e+01 -2.13857e+01  7.05553e+01             
       H -1.00976e+02 -2.18167e+01  7.15591e+01             
       O -7.51555e+01 -4.00056e+01  5.20028e+01             
       H -7.51105e+01 -3.91446e+01  5.15934e+01             
       H -7.61555e+01 -2.52934e+01  7.29212e+01             
       O -7.83946e+01 -1.45261e+01  5.16039e+01             
       H -7.92582e+01 -1.48739e+01  5.11843e+01             
       H -9.72872e+01 -3.02964e+01  3.01600e+01             
       O -8.99067e+01 -3.03867e+01  5.09888e+01             
       H -8.98731e+01 -3.03100e+01  5.00438e+01             
       H -8.95327e+01 -2.95575e+01  5.12722e+01             
       O -8.22066e+01 -2.34864e+01  4.51323e+01             
       H -8.15731e+01 -2.29329e+01  4.56519e+01             
       H -8.30841e+01 -2.33554e+01  4.54880e+01             
       O -6.19840e+01 -3.05962e+01  5.90347e+01             
       H -6.17878e+01 -1.87104e+01  5.82407e+01             
       H -6.27061e+01 -2.99609e+01  5.88277e+01             
       O -7.09117e+01 -7.68935e+00  5.68240e+01             
       H -5.79676e+01 -8.28487e+00  5.61636e+01             
       H -7.08120e+01 -8.10464e+00  5.76940e+01             
       O -7.50394e+01 -8.53245e-01  5.49872e+01             
       H -7.52096e+01 -3.42359e+01  4.92525e+01             
       H -8.04296e+01  4.02118e+00  5.85998e+01             
       O -7.97271e+01 -1.99763e+01  5.72829e+01             
       H -7.88203e+01 -1.96528e+01  5.75323e+01             
       H -7.95401e+01 -2.08442e+01  5.67524e+01             
       O -8.29679e+01 -9.51340e+00  5.02958e+01             
       H -8.28097e+01 -2.09854e+01  5.02775e+01             
       H -8.20653e+01 -9.87531e+00  5.03977e+01             
       O -9.14059e+01 -2.07203e+01  6.14196e+01             
       H -9.18625e+01 -2.11355e+01  6.06526e+01             
       H -9.18811e+01 -2.10142e+01  6.21953e+01             
       O -7.84313e+01 -2.42029e+01  6.45366e+01             
       H -7.81552e+01 -2.51208e+01  6.43493e+01             
       H -7.88579e+01 -2.43507e+01  6.53717e+01             
       O -8.86738e+01 -2.88535e+01  5.79426e+01             
       H -8.90211e+01 -2.92840e+01  6.95717e+01             
       H -9.35335e+01 -3.94817e+01  4.94430e+01             
       O -7.43986e+01 -2.48987e+01  7.59580e+01             
       H -7.47525e+01 -2.47078e+01  7.50903e+01             
       H -7.48729e+01 -2.41621e+01  7.64156e+01             
       O -7.71753e+01 -2.41422e+01  5.71758e+01             
       H -7.79719e+01 -2.39530e+01  5.66476e+01             
       H -7.65570e+01 -2.34106e+01  5.71436e+01             
       O -9.24277e+01 -1.77676e+01  6.43788e+01             
       H -9.15548e+01 -1.77525e+01  6.39775e+01             
       H -9.29936e+01 -1.82819e+01  6.37962e+01             
       O -7.24180e+01 -2.54481e+01  5.36669e+01             
       H -7.15194e+01 -2.55324e+01  5.41033e+01             
       H -7.22103e+01 -2.48193e+01  5.29098e+01             
       O -8.92066e+01 -2.22753e+01  3.59078e+01             
       H -8.99199e+01 -2.18446e+01  3.64162e+01             
       H -8.95354e+01 -2.31225e+01  3.56351e+01             
       O -8.56801e+01 -3.04199e+01  2.96273e+01             
       H -6.29331e+01 -1.23572e+01  4.26514e+01             
       H -8.54458e+01 -3.12905e+01  2.92315e+01             
       O -8.22542e+01 -2.49138e+01  5.19896e+01             
       H -8.24086e+01 -2.58319e+01  5.21733e+01             
       H -8.27264e+01 -2.47355e+01  5.11957e+01             
       O -8.07176e+01 -1.74200e+01  8.57334e+01             
       H -8.08700e+01 -1.66864e+01  8.63549e+01             
       H -8.10918e+01 -1.72498e+01  8.48320e+01             
