192                                                         
# CELL(abcABC):   12.41850    12.41850    12.41850    90.00000    90.00000    90.00000  Step:           0  Bead:       0 x_centroid{angstrom}  cell{angstrom}   
       O -8.33051e+01 -1.10992e+01  6.75033e+01             
       H -8.35991e+01 -1.13517e+01  6.65758e+01             
       H -8.24794e+01 -1.16135e+01  6.75036e+01             
       O -7.85144e+01 -1.30130e+01  6.22446e+01             
       H -6.78759e+01 -2.08446e+01  6.07715e+01             
       H -7.79555e+01 -1.24045e+01  6.16518e+01             
       O -7.87437e+01 -2.40063e+01  5.54650e+01             
       H -7.79836e+01 -1.19232e+01  5.49171e+01             
       H -7.84084e+01 -2.41938e+01  5.63677e+01             
       O -6.33486e+01 -2.15552e+01  5.59324e+01             
       H -6.30272e+01 -2.20121e+01  5.67318e+01             
       H -6.41939e+01 -2.11638e+01  5.61026e+01             
       O -6.21488e+01 -2.20254e+01  5.35888e+01             
       H -6.27321e+01 -2.23790e+01  5.28600e+01             
       H -6.28107e+01 -2.20058e+01  5.42983e+01             
       O -6.40749e+01 -1.76452e+01  6.86674e+01             
       H -6.39044e+01 -1.66623e+01  6.86788e+01             
       H -6.49039e+01 -1.76508e+01  6.82352e+01             
       O -7.91944e+01 -2.38688e+01  3.95023e+01             
       H -7.94199e+01 -2.31456e+01  3.88726e+01             
       H -6.89461e+01  3.08531e+00  5.32160e+01             
       O -5.81437e+01 -1.60286e+01  7.33219e+01             
       H -5.82527e+01 -1.68725e+01  7.29445e+01             
       H -5.90516e+01 -2.83155e+01  7.36256e+01             
       O -7.85222e+01 -8.66874e+00  4.34089e+01             
       H -7.93714e+01 -8.21953e+00  4.37735e+01             
       H -7.88042e+01 -9.57688e+00  4.33652e+01             
       O -7.01097e+01 -2.40826e+01  5.83340e+01             
       H -7.07255e+01 -2.38893e+01  5.90623e+01             
       H -6.98774e+01 -2.50783e+01  5.83616e+01             
       O -7.20035e+01 -8.22636e+00  6.10855e+01             
       H -7.19594e+01 -8.21246e+00  6.20497e+01             
       H -7.29604e+01 -8.33950e+00  6.09225e+01             
       O -6.90771e+01 -1.05661e+01  4.95947e+01             
       H -6.92517e+01 -1.01378e+01  5.04191e+01             
       H -6.31416e+01 -1.42377e+01  4.93205e+01             
       O -6.45007e+01 -3.38785e+01  4.93728e+01             
       H -6.36588e+01 -3.34980e+01  4.90283e+01             
       H -6.51202e+01 -2.67245e+01  6.25443e+01             
       O -7.46737e+01 -2.07539e+01  4.81834e+01             
       H -7.49312e+01 -1.98308e+01  4.78667e+01             
       H -7.47173e+01 -2.13872e+01  4.74956e+01             
       O -5.64953e+01 -2.68942e+01  6.45390e+01             
       H -5.65131e+01 -2.63868e+01  6.36590e+01             
       H -5.58182e+01 -2.75482e+01  6.44089e+01             
       O -7.34612e+01 -1.49838e+01  6.46201e+01             
       H -7.40005e+01 -1.53859e+01  6.39726e+01             
       H -7.25149e+01 -1.52703e+01  6.45992e+01             
       O -7.52548e+01 -1.82199e+01  4.71654e+01             
       H -7.58352e+01 -3.05429e+01  4.63549e+01             
       H -7.58794e+01 -1.78122e+01  4.77963e+01             
       O -7.47424e+01 -2.53212e+01  4.55304e+01             
       H -7.44592e+01 -2.56286e+01  4.63918e+01             
       H -7.40196e+01 -2.54262e+01  4.49239e+01             
       O -7.69533e+01 -1.27262e+01  5.35673e+01             
       H -7.73263e+01 -1.21376e+01  5.29161e+01             
       H -7.59763e+01 -1.27294e+01  5.34515e+01             
       O -6.72600e+01  9.11745e+00  5.58551e+01             
       H -5.64063e+01 -2.48436e+01  4.98007e+01             
       H -6.73040e+01  8.78180e+00  5.49701e+01             
       O -7.20577e+01 -2.11796e+01  6.41765e+01             
       H -6.83081e+01 -2.87250e+01  6.13364e+01             
       H -8.49141e+01 -2.09811e+01  6.50245e+01             
       O -6.80498e+01 -3.07191e+01  5.81313e+01             
       H -6.71636e+01 -3.03068e+01  5.81991e+01             
       H -6.87682e+01 -3.01322e+01  5.77771e+01             
       O -7.01871e+01 -1.66148e+01  5.76167e+01             
       H -7.09297e+01 -1.71583e+01  5.79604e+01             
       H -7.06112e+01 -1.61617e+01  5.68356e+01             
       O -6.20850e+01 -4.28513e+01  5.20020e+01             
       H -6.14620e+01 -4.35693e+01  5.22525e+01             
       H -6.27957e+01 -4.33729e+01  6.40658e+01             
       O -7.44564e+01 -1.01950e+01  5.83026e+01             
       H -7.36896e+01 -9.72337e+00  5.79524e+01             
       H -7.44202e+01 -1.11210e+01  5.81215e+01             
       O -6.86365e+01 -2.05424e+01  5.68248e+01             
       H -6.84024e+01 -1.97871e+01  5.74147e+01             
       H -6.83965e+01 -2.14171e+01  5.72297e+01             
       O -7.01437e+01 -1.91583e+01  7.63068e+01             
       H -6.96387e+01 -1.88771e+01  7.54872e+01             
       H -7.03607e+01 -1.84267e+01  7.68845e+01             
       O -8.60448e+01 -1.54775e+01  4.71671e+01             
       H -8.61326e+01 -1.61336e+01  4.78148e+01             
       H -8.63112e+01 -1.59577e+01  4.63408e+01             
       O -6.42817e+01 -6.88773e+00  6.36869e+01             
       H -6.49091e+01 -7.18845e+00  6.44250e+01             
       H -6.42808e+01 -7.66497e+00  6.30789e+01             
       O -6.84793e+01 -1.23143e+01  5.40317e+01             
       H -6.86090e+01 -1.31039e+01  5.34765e+01             
       H -6.78493e+01 -1.25939e+01  4.22656e+01             
       O -6.34115e+01 -1.49138e+01  3.16732e+01             
       H -6.32020e+01 -1.44084e+01  3.09080e+01             
       H -7.57215e+01 -1.42768e+01  3.24226e+01             
       O -5.66526e+01 -1.93154e+01  3.57260e+01             
       H -5.75430e+01 -1.97399e+01  3.56826e+01             
       H -5.62877e+01 -1.89736e+01  3.48752e+01             
       O -7.41555e+01 -2.53030e+01  4.12148e+01             
       H -7.36742e+01 -2.58923e+01  4.06021e+01             
       H -7.40199e+01 -2.43848e+01  5.33616e+01             
       O -5.86431e+01 -1.60015e+01  3.97086e+01             
       H -6.86681e+01 -1.10025e+01  4.58556e+01             
       H -5.85043e+01 -1.62542e+01  3.88265e+01             
       O -6.90320e+01 -2.66979e+01  5.93929e+01             
       H -6.95307e+01 -2.74936e+01  5.94339e+01             
       H -6.91149e+01 -2.65359e+01  6.03562e+01             
       O -5.98734e+01 -2.11353e+01  4.51177e+01             
       H -6.02252e+01 -2.07081e+01  4.43117e+01             
       H -5.90163e+01 -2.14981e+01  4.48962e+01             
       O -6.25633e+01 -2.88908e+01  5.41072e+01             
       H -6.23846e+01 -2.95138e+01  5.34467e+01             
       H -6.19717e+01 -2.81951e+01  5.37668e+01             
       O -6.63667e+01 -7.62342e+00  6.56096e+01             
       H -6.70609e+01 -8.24218e+00  6.53698e+01             
       H -6.60943e+01 -7.90760e+00  6.65594e+01             
       O -5.97251e+01  6.39263e+00  7.13997e+01             
       H -5.96669e+01  5.51394e+00  7.10823e+01             
       H -6.04722e+01  6.76618e+00  7.09432e+01             
       O -6.43831e+01 -2.74102e+01  6.26750e+01             
       H -7.99048e+01 -2.38010e+01  4.01285e+01             
       H -6.45274e+01 -2.76053e+01  6.36218e+01             
       O -6.72402e+01 -2.15420e+01  6.06387e+01             
       H -5.79982e+01 -1.52391e+01  3.98071e+01             
       H -6.73125e+01 -2.19456e+01  5.97554e+01             
       O -6.25668e+01 -1.37392e+01  4.86898e+01             
       H -6.80602e+01 -3.45230e+00  5.62774e+01             
       H -6.20065e+01 -1.44646e+01  4.82659e+01             
       O -6.61068e+01 -2.71551e+01  5.93183e+01             
       H -7.94963e+01 -2.72493e+01  7.18167e+01             
       H -6.63188e+01 -1.25298e+01  6.30632e+01             
       O -9.18343e+01 -1.68708e+01  6.57490e+01             
       H -9.16244e+01 -1.77927e+01  6.57377e+01             
       H -9.10142e+01 -1.64303e+01  6.54706e+01             
       O -6.87211e+01 -3.82295e+01  4.96924e+01             
       H -6.77476e+01 -3.83893e+01  4.96881e+01             
       H -7.13721e+01 -2.04445e+01  6.42592e+01             
       O -6.77995e+01 -1.05130e+01  4.58698e+01             
       H -6.70834e+01 -1.11789e+01  4.57595e+01             
       H -8.85463e+01 -2.45743e+01  2.36577e+01             
       O -7.79301e+01 -2.44762e+01  4.59079e+01             
       H -7.71851e+01 -2.41851e+01  4.64313e+01             
       H -7.80463e+01 -2.53658e+01  4.62817e+01             
       O -7.25608e+01 -2.54817e+01  4.36172e+01             
       H -7.28806e+01 -2.51726e+01  4.27203e+01             
       H -7.18521e+01 -2.49184e+01  4.38461e+01             
       O -5.22703e+01 -2.76733e+01  5.28745e+01             
       H -5.15675e+01 -1.58337e+01  5.33194e+01             
       H -5.23487e+01 -2.67750e+01  5.33056e+01             
       O -6.13057e+01 -7.52939e+00  5.58004e+01             
       H -4.84759e+01 -7.34281e+00  5.49591e+01             
       H -6.21585e+01 -7.93399e+00  5.55378e+01             
       O -6.86374e+01  3.26136e+00  5.23206e+01             
       H -6.52675e+01 -3.36423e+01  4.87777e+01             
       H -6.83588e+01  2.40697e+00  4.92326e+01             
       O -7.33282e+01 -1.70118e+01  4.94547e+01             
       H -7.37249e+01 -1.70062e+01  5.03298e+01             
       H -7.32717e+01 -1.79532e+01  4.92134e+01             
       O -7.13647e+01 -1.09492e+01  4.80741e+01             
       H -7.16076e+01 -2.24044e+01  4.81254e+01             
       H -7.05447e+01 -1.09000e+01  4.85748e+01             
       O -7.80514e+01 -1.74581e+01  5.84770e+01             
       H -7.80601e+01 -1.65407e+01  5.89033e+01             
       H -7.75564e+01 -1.72984e+01  5.76463e+01             
       O -7.04068e+01 -2.08662e+01  5.47186e+01             
       H -7.06074e+01 -2.18139e+01  5.49373e+01             
       H -6.96446e+01 -2.07227e+01  5.53245e+01             
       O -8.01912e+01 -2.87811e+01  4.96797e+01             
       H -7.95710e+01 -2.94511e+01  6.17465e+01             
       H -7.82141e+01 -3.94612e+01  4.78495e+01             
       O -6.35048e+01 -2.30089e+01  6.39338e+01             
       H -6.41326e+01 -2.25172e+01  6.33463e+01             
       H -6.28030e+01 -2.33089e+01  6.33395e+01             
       O -7.11577e+01 -2.37031e+01  5.21082e+01             
       H -7.14204e+01 -2.27542e+01  5.21416e+01             
       H -7.17336e+01 -2.41129e+01  5.15042e+01             
       O -8.61035e+01 -1.71567e+01  5.69496e+01             
       H -8.69441e+01 -1.69196e+01  5.65660e+01             
       H -8.59099e+01 -1.79374e+01  5.64422e+01             
       O -6.12238e+01 -2.41334e+01  4.98806e+01             
       H -6.05516e+01 -2.38714e+01  4.92008e+01             
       H -6.16823e+01 -2.49169e+01  4.95861e+01             
       O -8.39621e+01 -1.82656e+01  2.89132e+01             
       H -8.37339e+01 -1.73345e+01  2.89823e+01             
       H -8.33767e+01 -1.87082e+01  2.95515e+01             
       O -7.69287e+01 -2.40446e+01  2.36283e+01             
       H -5.67861e+01 -8.45769e+00  3.95449e+01             
       H -7.67517e+01 -2.32046e+01  2.40407e+01             
       O -7.71297e+01 -1.73216e+01  4.89831e+01             
       H -7.69594e+01 -1.79909e+01  4.96558e+01             
       H -7.70364e+01 -1.64430e+01  4.93374e+01             
       O -7.15320e+01 -1.56580e+01  8.02178e+01             
       H -7.14316e+01 -1.47122e+01  8.00841e+01             
       H -7.23815e+01 -1.56678e+01  8.06845e+01             
192                                                         
# CELL(abcABC):   12.41850    12.41850    12.41850    90.00000    90.00000    90.00000  Step:      200000  Bead:       0 x_centroid{angstrom}  cell{angstrom}   
       O -9.47556e+01 -1.05839e+01  7.68995e+01             
       H -9.38322e+01 -1.02650e+01  7.70584e+01             
       H -9.53012e+01 -9.87653e+00  7.74049e+01             
       O -9.09366e+01 -1.40769e+01  7.01105e+01             
       H -8.15457e+01 -2.89144e+01  6.73520e+01             
       H -9.08818e+01 -1.43382e+01  7.10930e+01             
       O -9.17183e+01 -2.92314e+01  6.14264e+01             
       H -9.10183e+01 -1.72303e+01  6.20391e+01             
       H -9.12812e+01 -2.84520e+01  6.10087e+01             
       O -7.10799e+01 -2.82233e+01  6.01195e+01             
       H -7.19255e+01 -2.79879e+01  5.96744e+01             
       H -7.13103e+01 -2.85692e+01  6.09649e+01             
       O -7.33065e+01 -2.49725e+01  6.08987e+01             
       H -7.34752e+01 -2.49515e+01  6.18488e+01             
       H -7.27919e+01 -2.41780e+01  6.06592e+01             
       O -7.96495e+01 -2.22726e+01  7.71391e+01             
       H -7.93780e+01 -2.30098e+01  7.65858e+01             
       H -7.95584e+01 -2.15152e+01  7.65552e+01             
       O -9.13001e+01 -2.68641e+01  4.78590e+01             
       H -9.07308e+01 -2.62277e+01  4.82028e+01             
       H -8.18184e+01 -9.14760e-01  5.95467e+01             
       O -7.18647e+01 -2.33652e+01  8.28128e+01             
       H -7.25674e+01 -2.40622e+01  8.26216e+01             
       H -7.18030e+01 -3.52747e+01  8.19468e+01             
       O -9.19777e+01 -1.26343e+01  5.11246e+01             
       H -9.18333e+01 -1.24361e+01  5.01421e+01             
       H -9.13017e+01 -1.32150e+01  5.13994e+01             
       O -8.35872e+01 -2.61465e+01  6.83041e+01             
       H -8.32575e+01 -2.53268e+01  6.79405e+01             
       H -8.36994e+01 -2.67037e+01  6.75113e+01             
       O -9.18171e+01 -9.75905e+00  7.07438e+01             
       H -9.20343e+01 -1.04766e+01  7.13899e+01             
       H -9.24140e+01 -9.07264e+00  7.10106e+01             
       O -8.47425e+01 -9.40317e+00  5.27700e+01             
       H -8.50579e+01 -8.50714e+00  5.30711e+01             
       H -7.61679e+01 -2.09898e+01  5.71935e+01             
       O -7.88904e+01 -3.51206e+01  5.56094e+01             
       H -7.93190e+01 -3.47804e+01  5.64503e+01             
       H -7.77171e+01 -2.93185e+01  6.89205e+01             
       O -8.92322e+01 -2.59323e+01  4.99507e+01             
       H -8.86179e+01 -2.55298e+01  5.05462e+01             
       H -8.91514e+01 -2.68735e+01  5.01537e+01             
       O -7.70250e+01 -3.04758e+01  7.55433e+01             
       H -7.66780e+01 -3.06107e+01  7.46962e+01             
       H -7.66457e+01 -2.96660e+01  7.59694e+01             
       O -9.13022e+01 -1.99071e+01  7.55192e+01             
       H -9.21368e+01 -1.96250e+01  7.50750e+01             
       H -9.07280e+01 -1.90896e+01  7.55139e+01             
       O -9.07403e+01 -2.63439e+01  5.30624e+01             
       H -9.15514e+01 -3.85780e+01  5.35719e+01             
       H -9.02899e+01 -2.71658e+01  5.33577e+01             
       O -8.59483e+01 -3.13364e+01  5.17686e+01             
       H -8.68151e+01 -3.13599e+01  5.22033e+01             
       H -8.52677e+01 -3.12629e+01  5.25013e+01             
       O -9.10142e+01 -1.88342e+01  5.83455e+01             
       H -9.18248e+01 -1.92794e+01  5.82428e+01             
       H -9.11077e+01 -1.79291e+01  5.79217e+01             
       O -8.13639e+01  5.44079e+00  6.53153e+01             
       H -7.44460e+01 -2.84211e+01  5.88502e+01             
       H -8.08626e+01  6.32349e+00  6.54106e+01             
       O -8.01795e+01 -2.58148e+01  6.77966e+01             
       H -8.43675e+01 -3.07940e+01  7.05526e+01             
       H -9.22893e+01 -2.59509e+01  6.87063e+01             
       O -8.84912e+01 -2.98094e+01  6.87466e+01             
       H -8.86068e+01 -3.07524e+01  6.91119e+01             
       H -8.79113e+01 -2.94195e+01  6.94497e+01             
       O -8.86460e+01 -1.86162e+01  6.57129e+01             
       H -8.90199e+01 -1.94860e+01  6.58422e+01             
       H -8.81798e+01 -1.84842e+01  6.66099e+01             
       O -7.65569e+01 -4.75813e+01  5.82779e+01             
       H -7.62880e+01 -4.85090e+01  5.84919e+01             
       H -7.74982e+01 -4.73748e+01  7.09533e+01             
       O -8.75582e+01 -1.54128e+01  6.65449e+01             
       H -8.77984e+01 -1.61684e+01  6.70801e+01             
       H -8.65577e+01 -1.53899e+01  6.66527e+01             
       O -8.56179e+01 -2.14304e+01  6.25082e+01             
       H -8.64043e+01 -2.18515e+01  6.21604e+01             
       H -8.60074e+01 -2.06887e+01  6.30780e+01             
       O -8.22360e+01 -2.52514e+01  8.28717e+01             
       H -8.24139e+01 -2.59575e+01  8.21794e+01             
       H -8.29919e+01 -2.47108e+01  8.29678e+01             
       O -1.01804e+02 -2.42115e+01  5.41633e+01             
       H -1.02223e+02 -2.35795e+01  5.47305e+01             
       H -1.02547e+02 -2.46741e+01  5.37409e+01             
       O -7.33937e+01 -1.30304e+01  6.93814e+01             
       H -7.43440e+01 -1.30053e+01  6.89559e+01             
       H -7.27361e+01 -1.34098e+01  6.88011e+01             
       O -8.13017e+01 -1.59711e+01  6.55756e+01             
       H -8.15867e+01 -1.50954e+01  6.52716e+01             
       H -8.03253e+01 -1.58975e+01  5.32311e+01             
       O -8.19915e+01 -1.95992e+01  3.78295e+01             
       H -8.20278e+01 -1.86773e+01  3.75465e+01             
       H -9.43333e+01 -2.02084e+01  3.70908e+01             
       O -7.24591e+01 -2.00348e+01  4.33334e+01             
       H -7.26575e+01 -1.98264e+01  4.42512e+01             
       H -7.32124e+01 -2.05929e+01  4.30146e+01             
       O -8.80193e+01 -2.82985e+01  5.12894e+01             
       H -8.71755e+01 -2.83232e+01  5.08307e+01             
       H -8.79022e+01 -2.79165e+01  6.46096e+01             
       O -7.08674e+01 -2.35134e+01  4.26337e+01             
       H -7.78663e+01 -1.73916e+01  5.37552e+01             
       H -7.15673e+01 -2.30648e+01  4.21701e+01             
       O -8.47201e+01 -2.78983e+01  6.64802e+01             
       H -8.44886e+01 -2.88685e+01  6.64021e+01             
       H -8.45026e+01 -2.75734e+01  6.56193e+01             
       O -7.40757e+01 -2.48122e+01  5.08535e+01             
       H -7.34289e+01 -2.53349e+01  5.13267e+01             
       H -7.44568e+01 -2.40687e+01  5.13224e+01             
       O -7.34175e+01 -3.94919e+01  5.92231e+01             
       H -7.33544e+01 -3.87990e+01  5.98793e+01             
       H -7.34637e+01 -3.88947e+01  5.83801e+01             
       O -8.13062e+01 -7.51110e+00  7.04796e+01             
       H -8.13226e+01 -7.66727e+00  6.95604e+01             
       H -8.18665e+01 -6.73107e+00  7.05371e+01             
       O -7.54735e+01  3.27014e+00  8.53344e+01             
       H -7.58213e+01  4.19394e+00  8.52294e+01             
       H -7.57688e+01  2.82271e+00  8.45182e+01             
       O -7.86211e+01 -2.90847e+01  6.90766e+01             
       H -9.22239e+01 -2.65356e+01  4.79825e+01             
       H -7.87854e+01 -2.81675e+01  6.94773e+01             
       O -8.13120e+01 -2.91625e+01  6.82616e+01             
       H -7.01063e+01 -2.29957e+01  4.24854e+01             
       H -8.03778e+01 -2.92854e+01  6.82813e+01             
       O -7.65990e+01 -2.02848e+01  5.67001e+01             
       H -8.16037e+01 -7.23549e+00  6.43906e+01             
       H -7.74786e+01 -2.01558e+01  5.71782e+01             
       O -7.71347e+01 -3.35213e+01  6.62848e+01             
       H -9.02259e+01 -3.40614e+01  7.81480e+01             
       H -7.76857e+01 -1.36899e+01  6.98363e+01             
       O -1.07553e+02 -1.76177e+01  7.05811e+01             
       H -1.07622e+02 -1.69621e+01  7.13566e+01             
       H -1.07110e+02 -1.71332e+01  6.98879e+01             
       O -8.72097e+01 -4.17202e+01  5.86491e+01             
       H -8.64173e+01 -4.23427e+01  5.85066e+01             
       H -8.10567e+01 -2.54370e+01  6.78520e+01             
       O -7.83267e+01 -1.65539e+01  5.38203e+01             
       H -7.82698e+01 -1.64173e+01  5.47878e+01             
       H -1.01225e+02 -2.49010e+01  3.57335e+01             
       O -9.64725e+01 -3.07134e+01  5.35464e+01             
       H -9.67612e+01 -3.10455e+01  5.44411e+01             
       H -9.55365e+01 -3.10925e+01  5.34831e+01             
       O -8.44402e+01 -2.67306e+01  5.13955e+01             
       H -8.35091e+01 -2.63869e+01  5.13556e+01             
       H -8.44744e+01 -2.73376e+01  5.06518e+01             
       O -6.51486e+01 -3.45242e+01  6.23739e+01             
       H -6.56584e+01 -2.13347e+01  6.26373e+01             
       H -6.43805e+01 -3.42473e+01  6.18123e+01             
       O -7.57863e+01 -1.05282e+01  6.43382e+01             
       H -6.41377e+01 -1.01119e+01  6.38355e+01             
       H -7.61665e+01 -1.09829e+01  6.51271e+01             
       O -8.15838e+01 -1.06366e+00  6.04915e+01             
       H -7.96277e+01 -3.54167e+01  5.50872e+01             
       H -8.50152e+01  2.96694e+00  5.18029e+01             
       O -9.18164e+01 -2.39680e+01  6.07846e+01             
       H -9.12195e+01 -2.34373e+01  6.12774e+01             
       H -9.27294e+01 -2.37938e+01  6.11150e+01             
       O -8.69059e+01 -9.86087e+00  5.50638e+01             
       H -8.78473e+01 -2.22239e+01  5.51118e+01             
       H -8.66579e+01 -9.85205e+00  5.41425e+01             
       O -9.38451e+01 -2.11642e+01  6.06221e+01             
       H -9.42832e+01 -2.19888e+01  6.08836e+01             
       H -9.43589e+01 -2.08017e+01  5.99071e+01             
       O -8.20252e+01 -2.56427e+01  6.47545e+01             
       H -8.23882e+01 -2.47960e+01  6.50287e+01             
       H -8.11787e+01 -2.54482e+01  6.42501e+01             
       O -9.77074e+01 -3.11669e+01  5.82483e+01             
       H -9.75789e+01 -3.18028e+01  7.14599e+01             
       H -8.98760e+01 -4.58994e+01  5.47320e+01             
       O -7.64726e+01 -3.11989e+01  7.28902e+01             
       H -7.71971e+01 -3.12486e+01  7.22262e+01             
       H -7.59327e+01 -3.04883e+01  7.24873e+01             
       O -8.56324e+01 -2.90872e+01  6.22175e+01             
       H -8.56041e+01 -2.99040e+01  6.27829e+01             
       H -8.61342e+01 -2.92734e+01  6.14249e+01             
       O -1.07641e+02 -2.33089e+01  6.15962e+01             
       H -1.07407e+02 -2.42263e+01  6.15542e+01             
       H -1.07649e+02 -2.30950e+01  6.25716e+01             
       O -7.59690e+01 -2.58489e+01  5.60831e+01             
       H -7.58271e+01 -2.66471e+01  5.55902e+01             
       H -7.64123e+01 -2.51412e+01  5.55293e+01             
       O -9.41516e+01 -1.63122e+01  3.79873e+01             
       H -9.40525e+01 -1.64226e+01  3.89594e+01             
       H -9.32349e+01 -1.63712e+01  3.77300e+01             
       O -8.82495e+01 -2.49608e+01  3.49511e+01             
       H -6.96937e+01 -1.42744e+01  4.82247e+01             
       H -8.73475e+01 -2.49995e+01  3.53567e+01             
       O -9.43209e+01 -2.08447e+01  5.52901e+01             
       H -9.40912e+01 -2.04451e+01  5.44867e+01             
       H -9.52783e+01 -2.05765e+01  5.53157e+01             
       O -8.46571e+01 -2.07595e+01  8.48939e+01             
       H -8.46714e+01 -2.15627e+01  8.43897e+01             
       H -8.52651e+01 -2.09700e+01  8.56510e+01             
