192                                                         
# CELL(abcABC):   12.41850    12.41850    12.41850    90.00000    90.00000    90.00000  Step:           0  Bead:       0 x_centroid{angstrom}  cell{angstrom}   
       O -7.95695e+01 -1.26837e+01  6.75145e+01             
       H -7.98291e+01 -1.34717e+01  6.69346e+01             
       H -7.87512e+01 -1.23951e+01  6.70885e+01             
       O -7.47395e+01 -1.31013e+01  6.16610e+01             
       H -6.68623e+01 -1.93483e+01  5.81820e+01             
       H -7.42276e+01 -1.26361e+01  6.09567e+01             
       O -7.72043e+01 -2.32870e+01  5.45335e+01             
       H -7.64028e+01 -1.13829e+01  5.43587e+01             
       H -7.69885e+01 -2.27504e+01  5.53242e+01             
       O -6.21192e+01 -2.03121e+01  5.40527e+01             
       H -6.16831e+01 -2.10326e+01  5.44785e+01             
       H -6.29477e+01 -2.06473e+01  5.36184e+01             
       O -5.96055e+01 -2.10256e+01  5.21439e+01             
       H -5.99954e+01 -2.12453e+01  5.12663e+01             
       H -6.04992e+01 -2.07483e+01  5.25285e+01             
       O -6.22638e+01 -1.86565e+01  6.83891e+01             
       H -6.23044e+01 -1.93784e+01  6.76740e+01             
       H -6.31520e+01 -1.82968e+01  6.84606e+01             
       O -7.54360e+01 -2.35859e+01  3.88803e+01             
       H -7.63738e+01 -2.32940e+01  3.87856e+01             
       H -6.57936e+01  1.68392e+00  5.23751e+01             
       O -5.46854e+01 -1.37773e+01  7.22725e+01             
       H -5.46998e+01 -1.32517e+01  7.14238e+01             
       H -5.42897e+01 -2.55712e+01  7.29218e+01             
       O -7.69396e+01 -7.88070e+00  4.04304e+01             
       H -7.71576e+01 -7.59044e+00  4.13261e+01             
       H -7.72928e+01 -8.71126e+00  4.01449e+01             
       O -6.74609e+01 -2.42659e+01  5.78890e+01             
       H -6.82413e+01 -2.36971e+01  5.78577e+01             
       H -6.72405e+01 -2.44005e+01  5.69186e+01             
       O -7.20835e+01 -8.31027e+00  5.98812e+01             
       H -7.29424e+01 -8.23083e+00  6.03016e+01             
       H -7.23152e+01 -8.54264e+00  5.89944e+01             
       O -6.72525e+01 -9.57741e+00  4.81754e+01             
       H -6.75389e+01 -9.30923e+00  4.90404e+01             
       H -5.79659e+01 -1.48280e+01  4.72230e+01             
       O -6.40911e+01 -3.20309e+01  4.74340e+01             
       H -6.37131e+01 -3.26508e+01  4.67880e+01             
       H -6.13302e+01 -2.68504e+01  6.23385e+01             
       O -7.48184e+01 -2.07149e+01  4.56508e+01             
       H -7.45131e+01 -1.99256e+01  4.52026e+01             
       H -7.46206e+01 -2.14556e+01  4.50313e+01             
       O -5.33445e+01 -2.65452e+01  6.24845e+01             
       H -5.29409e+01 -2.58136e+01  6.20567e+01             
       H -5.27355e+01 -2.72730e+01  6.23210e+01             
       O -7.03457e+01 -1.19277e+01  6.25698e+01             
       H -7.07325e+01 -1.20044e+01  6.17116e+01             
       H -7.01205e+01 -1.28358e+01  6.28510e+01             
       O -7.39130e+01 -1.47127e+01  4.43570e+01             
       H -7.44925e+01 -2.66044e+01  4.49356e+01             
       H -7.44323e+01 -1.55312e+01  4.43141e+01             
       O -7.13568e+01 -2.47998e+01  4.42915e+01             
       H -7.14344e+01 -2.47378e+01  4.52790e+01             
       H -7.06488e+01 -2.42908e+01  4.39436e+01             
       O -7.52809e+01 -1.25292e+01  5.36307e+01             
       H -7.44339e+01 -1.26978e+01  5.40607e+01             
       H -7.57794e+01 -1.33470e+01  5.35168e+01             
       O -6.56642e+01  8.33226e+00  5.37984e+01             
       H -5.22558e+01 -2.39852e+01  4.77765e+01             
       H -6.56702e+01  7.88049e+00  5.29497e+01             
       O -7.13242e+01 -1.79761e+01  6.41437e+01             
       H -6.37395e+01 -2.90040e+01  6.02813e+01             
       H -8.36038e+01 -1.89282e+01  6.41332e+01             
       O -6.71741e+01 -3.05702e+01  5.69308e+01             
       H -6.64718e+01 -2.99238e+01  5.70170e+01             
       H -6.79464e+01 -3.00350e+01  5.71417e+01             
       O -6.90915e+01 -1.62122e+01  5.73877e+01             
       H -6.98412e+01 -1.63363e+01  5.80084e+01             
       H -6.95056e+01 -1.58237e+01  5.66240e+01             
       O -6.19169e+01 -4.28365e+01  5.18894e+01             
       H -6.21314e+01 -4.19715e+01  5.23381e+01             
       H -6.20222e+01 -4.34611e+01  6.50297e+01             
       O -7.30069e+01 -9.44404e+00  5.53420e+01             
       H -7.25475e+01 -8.95504e+00  5.60662e+01             
       H -7.26929e+01 -1.03277e+01  5.54424e+01             
       O -6.65464e+01 -2.04454e+01  5.53352e+01             
       H -6.69082e+01 -1.96720e+01  5.58421e+01             
       H -6.61184e+01 -2.10512e+01  5.59459e+01             
       O -6.74527e+01 -1.85698e+01  7.40160e+01             
       H -6.72223e+01 -1.79857e+01  7.32181e+01             
       H -6.80123e+01 -1.80291e+01  7.45186e+01             
       O -8.39484e+01 -1.58709e+01  4.65916e+01             
       H -8.45182e+01 -1.56395e+01  4.58628e+01             
       H -8.43894e+01 -1.63663e+01  4.72989e+01             
       O -6.21861e+01 -7.02162e+00  6.18063e+01             
       H -6.23592e+01 -6.59394e+00  6.25990e+01             
       H -6.30349e+01 -6.97458e+00  6.12494e+01             
       O -6.51176e+01 -1.39109e+01  5.30433e+01             
       H -6.55453e+01 -1.38603e+01  5.21824e+01             
       H -6.52849e+01 -1.48216e+01  4.08596e+01             
       O -6.05462e+01 -1.26820e+01  2.98635e+01             
       H -5.99655e+01 -1.21810e+01  2.92817e+01             
       H -7.26327e+01 -1.27157e+01  3.07598e+01             
       O -5.43983e+01 -1.64716e+01  3.48244e+01             
       H -5.45557e+01 -1.55870e+01  3.51497e+01             
       H -5.33925e+01 -1.65352e+01  3.48329e+01             
       O -7.14139e+01 -2.36026e+01  4.04391e+01             
       H -7.16049e+01 -2.38875e+01  3.95406e+01             
       H -7.16144e+01 -2.26713e+01  5.27398e+01             
       O -5.60770e+01 -1.42127e+01  3.85264e+01             
       H -6.60954e+01 -1.01188e+01  4.54984e+01             
       H -5.63651e+01 -1.50133e+01  3.81094e+01             
       O -6.64532e+01 -2.76066e+01  5.67447e+01             
       H -6.67132e+01 -2.70922e+01  5.59786e+01             
       H -6.73102e+01 -2.78936e+01  5.72081e+01             
       O -5.83325e+01 -2.05127e+01  4.44108e+01             
       H -5.82110e+01 -1.97995e+01  4.50226e+01             
       H -5.77558e+01 -2.04750e+01  4.36249e+01             
       O -5.91246e+01 -2.72784e+01  5.26196e+01             
       H -5.95204e+01 -2.70808e+01  5.34623e+01             
       H -5.89719e+01 -2.81981e+01  5.26446e+01             
       O -6.54639e+01 -5.59172e+00  6.37834e+01             
       H -6.60472e+01 -5.90446e+00  6.30592e+01             
       H -6.52080e+01 -6.42861e+00  6.42735e+01             
       O -5.71491e+01  5.30844e+00  7.20617e+01             
       H -5.79398e+01  4.90638e+00  7.24817e+01             
       H -5.66196e+01  5.60487e+00  7.27572e+01             
       O -6.10559e+01 -2.75822e+01  6.28846e+01             
       H -7.53196e+01 -2.41466e+01  3.96767e+01             
       H -6.03420e+01 -2.72893e+01  6.34883e+01             
       O -6.65397e+01 -1.98807e+01  5.89063e+01             
       H -5.52126e+01 -1.40590e+01  3.81768e+01             
       H -6.60754e+01 -2.05721e+01  5.84406e+01             
       O -5.74928e+01 -1.41148e+01  4.76670e+01             
       H -6.65562e+01 -3.92516e+00  5.40844e+01             
       H -5.65307e+01 -1.41691e+01  4.74634e+01             
       O -6.38940e+01 -2.64435e+01  5.81345e+01             
       H -7.69619e+01 -2.67622e+01  6.98843e+01             
       H -6.25541e+01 -1.23940e+01  6.23055e+01             
       O -8.85412e+01 -1.64913e+01  6.23768e+01             
       H -8.90140e+01 -1.70817e+01  6.29836e+01             
       H -8.79686e+01 -1.58372e+01  6.28563e+01             
       O -6.53335e+01 -3.63832e+01  4.84805e+01             
       H -6.57603e+01 -3.55232e+01  4.83560e+01             
       H -7.22969e+01 -1.78380e+01  6.39465e+01             
       O -6.53046e+01 -9.60364e+00  4.53620e+01             
       H -6.45573e+01 -1.01417e+01  4.57104e+01             
       H -8.49863e+01 -2.37007e+01  2.25628e+01             
       O -7.54149e+01 -2.36616e+01  4.60415e+01             
       H -7.46149e+01 -2.36037e+01  4.66032e+01             
       H -7.56354e+01 -2.45853e+01  4.59985e+01             
       O -6.92294e+01 -2.34493e+01  4.22846e+01             
       H -6.97719e+01 -2.37916e+01  4.15435e+01             
       H -6.83920e+01 -2.39199e+01  4.22829e+01             
       O -5.01493e+01 -2.82904e+01  5.38122e+01             
       H -4.94381e+01 -1.63946e+01  5.41176e+01             
       H -4.97486e+01 -2.75068e+01  5.34954e+01             
       O -6.00605e+01 -4.73000e+00  5.50809e+01             
       H -4.83856e+01 -5.19607e+00  5.55529e+01             
       H -5.96292e+01 -5.44130e+00  5.46402e+01             
       O -6.54448e+01  2.15177e+00  5.15913e+01             
       H -6.50116e+01 -3.20647e+01  4.72091e+01             
       H -6.69640e+01  3.68696e+00  4.78479e+01             
       O -6.95259e+01 -1.66595e+01  5.01605e+01             
       H -7.01795e+01 -1.71305e+01  5.07318e+01             
       H -7.00866e+01 -1.65037e+01  4.94151e+01             
       O -6.94233e+01 -9.96369e+00  4.59702e+01             
       H -6.99055e+01 -2.17740e+01  4.53649e+01             
       H -6.92637e+01 -9.30609e+00  4.66682e+01             
       O -7.68035e+01 -1.69932e+01  5.65411e+01             
       H -7.69965e+01 -1.68758e+01  5.74577e+01             
       H -7.74208e+01 -1.64621e+01  5.59672e+01             
       O -6.92296e+01 -2.07316e+01  5.45942e+01             
       H -6.92564e+01 -2.16855e+01  5.45431e+01             
       H -6.82724e+01 -2.06309e+01  5.47672e+01             
       O -7.64269e+01 -2.91821e+01  4.69577e+01             
       H -7.62157e+01 -3.01193e+01  5.94014e+01             
       H -7.61911e+01 -3.95829e+01  4.62960e+01             
       O -6.11365e+01 -2.19996e+01  6.24703e+01             
       H -6.17857e+01 -2.26595e+01  6.28350e+01             
       H -6.16636e+01 -2.12051e+01  6.22052e+01             
       O -6.81378e+01 -2.26854e+01  5.06567e+01             
       H -6.85821e+01 -2.20793e+01  5.12811e+01             
       H -6.89096e+01 -2.31353e+01  5.02631e+01             
       O -8.31215e+01 -1.48813e+01  5.56426e+01             
       H -8.33497e+01 -1.43539e+01  5.64052e+01             
       H -8.39440e+01 -1.54071e+01  5.56473e+01             
       O -5.87119e+01 -2.44009e+01  4.68391e+01             
       H -5.79517e+01 -2.37111e+01  4.67894e+01             
       H -5.84099e+01 -2.53077e+01  4.70542e+01             
       O -8.12695e+01 -2.03328e+01  2.71140e+01             
       H -8.13614e+01 -2.03943e+01  2.80641e+01             
       H -8.08044e+01 -1.95538e+01  2.68785e+01             
       O -7.34810e+01 -2.36276e+01  2.28774e+01             
       H -5.38880e+01 -1.01481e+01  3.87494e+01             
       H -7.35980e+01 -2.29444e+01  2.35741e+01             
       O -7.25414e+01 -1.71443e+01  4.88080e+01             
       H -7.31301e+01 -1.79496e+01  4.87624e+01             
       H -7.28786e+01 -1.65503e+01  4.95090e+01             
       O -6.83041e+01 -1.46380e+01  7.85964e+01             
       H -6.85186e+01 -1.46019e+01  7.76309e+01             
       H -6.91875e+01 -1.48445e+01  7.89068e+01             
192                                                         
# CELL(abcABC):   12.41850    12.41850    12.41850    90.00000    90.00000    90.00000  Step:      200000  Bead:       0 x_centroid{angstrom}  cell{angstrom}   
       O -9.19067e+01 -1.48553e+01  7.66184e+01             
       H -9.21446e+01 -1.45887e+01  7.57164e+01             
       H -9.08956e+01 -1.47430e+01  7.65892e+01             
       O -9.46682e+01 -1.54063e+01  6.98653e+01             
       H -7.60698e+01 -2.57767e+01  6.84760e+01             
       H -9.37144e+01 -1.52092e+01  6.96653e+01             
       O -8.90727e+01 -2.68388e+01  6.39516e+01             
       H -8.89998e+01 -1.41267e+01  6.30082e+01             
       H -8.87423e+01 -2.61373e+01  6.45509e+01             
       O -7.58784e+01 -2.34230e+01  6.16293e+01             
       H -7.63507e+01 -2.31401e+01  6.23885e+01             
       H -7.50793e+01 -2.28859e+01  6.15061e+01             
       O -7.30316e+01 -2.92621e+01  5.63394e+01             
       H -7.33890e+01 -2.89095e+01  5.54400e+01             
       H -7.20511e+01 -2.90927e+01  5.62877e+01             
       O -7.93104e+01 -2.40333e+01  7.86831e+01             
       H -7.93709e+01 -2.36397e+01  7.95951e+01             
       H -8.00239e+01 -2.47026e+01  7.88278e+01             
       O -9.41920e+01 -2.47640e+01  5.08640e+01             
       H -9.43449e+01 -2.51685e+01  5.00220e+01             
       H -8.21480e+01 -2.22280e+00  5.93904e+01             
       O -6.81988e+01 -1.39306e+01  7.89151e+01             
       H -6.79897e+01 -1.44756e+01  7.81721e+01             
       H -6.77996e+01 -2.67634e+01  7.97260e+01             
       O -9.03826e+01 -7.89106e+00  5.32966e+01             
       H -9.02634e+01 -7.76571e+00  5.42040e+01             
       H -9.13643e+01 -7.85259e+00  5.31273e+01             
       O -7.90594e+01 -2.95999e+01  6.12752e+01             
       H -7.88535e+01 -2.98274e+01  6.02923e+01             
       H -7.99438e+01 -2.99520e+01  6.14787e+01             
       O -8.89577e+01 -1.00171e+01  6.44618e+01             
       H -8.86938e+01 -1.06073e+01  6.51727e+01             
       H -8.95174e+01 -9.42162e+00  6.49157e+01             
       O -8.54056e+01 -9.98700e+00  5.44998e+01             
       H -8.50524e+01 -9.22187e+00  5.39306e+01             
       H -6.97939e+01 -1.83597e+01  5.11666e+01             
       O -7.43860e+01 -3.37692e+01  5.65377e+01             
       H -7.38442e+01 -3.41743e+01  5.58512e+01             
       H -7.81356e+01 -2.89607e+01  7.02869e+01             
       O -8.92020e+01 -2.47519e+01  5.33435e+01             
       H -9.01489e+01 -2.44969e+01  5.36301e+01             
       H -8.87821e+01 -2.51456e+01  5.41066e+01             
       O -6.87140e+01 -3.09640e+01  6.97040e+01             
       H -6.91165e+01 -3.17866e+01  6.92834e+01             
       H -6.85286e+01 -3.05442e+01  6.88533e+01             
       O -8.57182e+01 -1.42846e+01  7.05853e+01             
       H -8.57632e+01 -1.45124e+01  6.96476e+01             
       H -8.64620e+01 -1.47019e+01  7.09991e+01             
       O -8.56499e+01 -1.89665e+01  5.06865e+01             
       H -8.50141e+01 -3.21213e+01  5.07939e+01             
       H -8.64419e+01 -1.94486e+01  5.04144e+01             
       O -8.49904e+01 -2.64124e+01  4.99329e+01             
       H -8.45226e+01 -2.67039e+01  4.91316e+01             
       H -8.56521e+01 -2.70639e+01  5.00989e+01             
       O -8.65252e+01 -1.74378e+01  6.02805e+01             
       H -8.57204e+01 -1.75103e+01  5.96553e+01             
       H -8.61376e+01 -1.77620e+01  6.11188e+01             
       O -7.91562e+01 -3.41898e-02  5.92257e+01             
       H -7.20749e+01 -2.92811e+01  5.34624e+01             
       H -7.93417e+01 -5.65368e-01  6.00378e+01             
       O -8.53964e+01 -2.64490e+01  6.74078e+01             
       H -7.77832e+01 -3.35028e+01  6.88576e+01             
       H -9.76169e+01 -2.65013e+01  6.64476e+01             
       O -8.06010e+01 -3.31116e+01  6.49871e+01             
       H -8.11973e+01 -3.23634e+01  6.49836e+01             
       H -8.03531e+01 -3.34361e+01  6.41335e+01             
       O -8.44878e+01 -1.97713e+01  6.58805e+01             
       H -8.40052e+01 -1.92858e+01  6.52184e+01             
       H -8.53478e+01 -1.94189e+01  6.57992e+01             
       O -7.18324e+01 -4.60686e+01  6.23736e+01             
       H -7.16766e+01 -4.67075e+01  6.31018e+01             
       H -7.25592e+01 -4.62330e+01  7.41452e+01             
       O -8.36683e+01 -1.07432e+01  6.40519e+01             
       H -8.29452e+01 -1.13485e+01  6.36562e+01             
       H -8.32550e+01 -1.03724e+01  6.48751e+01             
       O -8.27662e+01 -2.53726e+01  6.81949e+01             
       H -8.36737e+01 -2.53828e+01  6.77884e+01             
       H -8.21723e+01 -2.58411e+01  6.75287e+01             
       O -8.00021e+01 -2.32732e+01  8.11430e+01             
       H -7.94489e+01 -2.25678e+01  8.14726e+01             
       H -8.07285e+01 -2.34889e+01  8.17486e+01             
       O -9.98277e+01 -1.92312e+01  5.29822e+01             
       H -9.96302e+01 -1.91013e+01  5.20235e+01             
       H -1.00529e+02 -1.99256e+01  5.31155e+01             
       O -7.63409e+01 -1.37501e+01  7.37998e+01             
       H -7.72311e+01 -1.34731e+01  7.35059e+01             
       H -7.58534e+01 -1.29267e+01  7.38435e+01             
       O -7.87638e+01 -1.79570e+01  5.86955e+01             
       H -7.80024e+01 -1.84979e+01  5.87842e+01             
       H -7.95155e+01 -1.84364e+01  4.58419e+01             
       O -6.95371e+01 -2.09757e+01  3.59926e+01             
       H -7.03144e+01 -2.11278e+01  3.65256e+01             
       H -8.23516e+01 -2.08557e+01  3.51393e+01             
       O -6.69640e+01 -1.75672e+01  4.03251e+01             
       H -6.64204e+01 -1.82404e+01  3.98702e+01             
       H -6.69725e+01 -1.68213e+01  3.97139e+01             
       O -9.20184e+01 -2.68483e+01  4.90344e+01             
       H -9.18665e+01 -2.77969e+01  4.87520e+01             
       H -9.30411e+01 -2.68200e+01  6.13042e+01             
       O -7.05040e+01 -2.05444e+01  4.34195e+01             
       H -8.63496e+01 -1.11730e+01  5.18817e+01             
       H -7.03406e+01 -2.13070e+01  4.28492e+01             
       O -7.58291e+01 -3.28447e+01  6.24475e+01             
       H -7.65304e+01 -3.20803e+01  6.25129e+01             
       H -7.60617e+01 -3.32541e+01  6.32534e+01             
       O -6.96171e+01 -2.38681e+01  4.55989e+01             
       H -7.02000e+01 -2.43225e+01  4.49544e+01             
       H -7.01522e+01 -2.31585e+01  4.59614e+01             
       O -7.57425e+01 -2.78365e+01  5.92978e+01             
       H -7.58510e+01 -2.71488e+01  5.99932e+01             
       H -7.52449e+01 -2.85540e+01  5.97513e+01             
       O -7.36251e+01 -9.62851e+00  7.15567e+01             
       H -7.31968e+01 -1.05392e+01  7.15722e+01             
       H -7.38910e+01 -9.43623e+00  7.06646e+01             
       O -6.98416e+01  2.15551e+00  7.90214e+01             
       H -6.95176e+01  1.45765e+00  7.96539e+01             
       H -6.90214e+01  2.61955e+00  7.86959e+01             
       O -7.76587e+01 -2.82771e+01  6.98331e+01             
       H -9.32266e+01 -2.47052e+01  5.09484e+01             
       H -7.69400e+01 -2.81427e+01  7.04897e+01             
       O -7.56495e+01 -2.62571e+01  6.77392e+01             
       H -7.10015e+01 -1.99928e+01  4.28098e+01             
       H -7.63253e+01 -2.68272e+01  6.73569e+01             
       O -7.00407e+01 -1.86962e+01  5.20426e+01             
       H -7.99531e+01 -1.23801e+01  5.87954e+01             
       H -7.01977e+01 -1.78733e+01  5.26002e+01             
       O -7.46519e+01 -2.86216e+01  6.29352e+01             
       H -8.76890e+01 -2.80449e+01  7.58196e+01             
       H -8.26928e+01 -1.45915e+01  6.97377e+01             
       O -1.05659e+02 -1.70238e+01  6.74226e+01             
       H -1.06614e+02 -1.69769e+01  6.72696e+01             
       H -1.05275e+02 -1.72038e+01  6.65871e+01             
       O -8.35920e+01 -4.14879e+01  5.34728e+01             
       H -8.36706e+01 -4.05906e+01  5.31286e+01             
       H -8.63857e+01 -2.64235e+01  6.75556e+01             
       O -8.60723e+01 -1.17793e+01  5.26410e+01             
       H -8.50700e+01 -1.18912e+01  5.23710e+01             
       H -9.95787e+01 -2.97074e+01  2.86962e+01             
       O -8.96853e+01 -2.83417e+01  5.43973e+01             
       H -9.04617e+01 -2.86896e+01  5.39320e+01             
       H -9.00022e+01 -2.83539e+01  5.53115e+01             
       O -8.14543e+01 -3.07467e+01  4.92035e+01             
       H -8.20883e+01 -3.03296e+01  4.85659e+01             
       H -8.14904e+01 -3.16723e+01  4.90211e+01             
       O -6.37354e+01 -3.13939e+01  5.92333e+01             
       H -6.31476e+01 -1.90502e+01  5.84703e+01             
       H -6.31762e+01 -3.09245e+01  5.98136e+01             
       O -7.11006e+01 -8.22934e+00  5.84325e+01             
       H -5.85103e+01 -8.35738e+00  5.74372e+01             
       H -7.20632e+01 -8.27721e+00  5.86072e+01             
       O -8.23277e+01 -1.75042e+00  6.02042e+01             
       H -7.52969e+01 -3.39861e+01  5.64263e+01             
       H -8.58080e+01  1.75889e+00  5.38707e+01             
       O -8.72041e+01 -1.86402e+01  5.70159e+01             
       H -8.68066e+01 -1.95228e+01  5.66237e+01             
       H -8.65071e+01 -1.79428e+01  5.70408e+01             
       O -8.37769e+01 -1.41275e+01  5.23071e+01             
       H -8.40953e+01 -2.66082e+01  5.12903e+01             
       H -8.29610e+01 -1.36913e+01  5.21720e+01             
       O -8.98456e+01 -2.12609e+01  5.97951e+01             
       H -8.92660e+01 -2.04606e+01  5.99118e+01             
       H -8.95284e+01 -2.18054e+01  6.04422e+01             
       O -7.89418e+01 -2.43287e+01  6.29991e+01             
       H -7.85631e+01 -2.43735e+01  6.38900e+01             
       H -7.88293e+01 -2.34352e+01  6.26182e+01             
       O -8.98135e+01 -3.43398e+01  5.68429e+01             
       H -8.97273e+01 -3.40191e+01  7.01872e+01             
       H -8.63804e+01 -4.12962e+01  5.11673e+01             
       O -7.67029e+01 -2.46407e+01  6.96297e+01             
       H -7.72176e+01 -2.49602e+01  7.03670e+01             
       H -7.70594e+01 -2.37546e+01  6.94798e+01             
       O -8.45882e+01 -2.45939e+01  5.98053e+01             
       H -8.47575e+01 -2.52456e+01  5.90835e+01             
       H -8.52540e+01 -2.49075e+01  6.04663e+01             
       O -8.96530e+01 -1.81254e+01  6.29809e+01             
       H -8.87670e+01 -1.77765e+01  6.27905e+01             
       H -9.02474e+01 -1.76838e+01  6.23441e+01             
       O -6.71659e+01 -3.38489e+01  4.98952e+01             
       H -6.63991e+01 -3.37609e+01  4.92627e+01             
       H -6.79566e+01 -3.41137e+01  4.93997e+01             
       O -9.20840e+01 -2.67646e+01  4.42526e+01             
       H -9.18435e+01 -2.59045e+01  4.45357e+01             
       H -9.13545e+01 -2.74057e+01  4.45468e+01             
       O -8.66582e+01 -2.88644e+01  2.88115e+01             
       H -7.03861e+01 -1.34218e+01  4.74632e+01             
       H -8.73742e+01 -2.83152e+01  2.91571e+01             
       O -8.97580e+01 -1.91534e+01  5.58978e+01             
       H -8.88894e+01 -1.90050e+01  5.62174e+01             
       H -9.02740e+01 -1.84570e+01  5.63692e+01             
       O -8.32919e+01 -1.77164e+01  8.40944e+01             
       H -8.29953e+01 -1.70521e+01  8.34773e+01             
       H -8.31502e+01 -1.86000e+01  8.36578e+01             
