192                                                         
# CELL(abcABC):   12.41850    12.41850    12.41850    90.00000    90.00000    90.00000  Step:           0  Bead:       0 x_centroid{angstrom}  cell{angstrom}   
       O -8.12412e+01 -1.08548e+01  6.67797e+01             
       H -8.16471e+01 -1.12582e+01  6.59353e+01             
       H -8.05434e+01 -1.14164e+01  6.70615e+01             
       O -7.82413e+01 -1.27160e+01  6.17105e+01             
       H -6.82574e+01 -2.07379e+01  6.08771e+01             
       H -7.78466e+01 -1.23311e+01  6.08761e+01             
       O -7.86767e+01 -2.38585e+01  5.52756e+01             
       H -7.79363e+01 -1.19071e+01  5.48036e+01             
       H -7.84598e+01 -2.42045e+01  5.61820e+01             
       O -6.32546e+01 -2.11797e+01  5.55906e+01             
       H -6.30674e+01 -2.14479e+01  5.65100e+01             
       H -6.42053e+01 -2.09810e+01  5.55806e+01             
       O -6.20960e+01 -2.26082e+01  5.36448e+01             
       H -6.27200e+01 -2.27929e+01  5.29219e+01             
       H -6.25695e+01 -2.20470e+01  5.42485e+01             
       O -6.41535e+01 -1.76209e+01  6.73578e+01             
       H -6.39391e+01 -1.67383e+01  6.69590e+01             
       H -6.32812e+01 -1.79781e+01  6.76487e+01             
       O -7.87822e+01 -2.39176e+01  3.93321e+01             
       H -7.92943e+01 -2.31044e+01  3.94033e+01             
       H -6.82092e+01  3.01007e+00  5.30269e+01             
       O -5.81824e+01 -1.65199e+01  7.34068e+01             
       H -5.77602e+01 -1.73703e+01  7.34540e+01             
       H -5.91135e+01 -2.92611e+01  7.35091e+01             
       O -7.83610e+01 -8.68788e+00  4.29280e+01             
       H -7.90235e+01 -8.44339e+00  4.35649e+01             
       H -7.84507e+01 -9.61565e+00  4.27867e+01             
       O -6.99188e+01 -2.42090e+01  5.86210e+01             
       H -7.07722e+01 -2.37210e+01  5.87392e+01             
       H -7.01010e+01 -2.51753e+01  5.85833e+01             
       O -7.30758e+01 -8.23899e+00  6.22651e+01             
       H -7.27192e+01 -8.67107e+00  6.30665e+01             
       H -7.38434e+01 -8.73404e+00  6.20498e+01             
       O -6.96064e+01 -1.10344e+01  4.95680e+01             
       H -6.97683e+01 -1.10017e+01  5.05349e+01             
       H -6.19703e+01 -1.43882e+01  4.94921e+01             
       O -6.49498e+01 -3.40807e+01  4.92689e+01             
       H -6.44989e+01 -3.34318e+01  4.87102e+01             
       H -6.45571e+01 -2.64098e+01  6.21863e+01             
       O -7.52291e+01 -2.03818e+01  4.78778e+01             
       H -7.53953e+01 -1.95715e+01  4.74535e+01             
       H -7.48134e+01 -2.09849e+01  4.72002e+01             
       O -5.61791e+01 -2.72083e+01  6.38218e+01             
       H -5.60464e+01 -2.67866e+01  6.29555e+01             
       H -5.55035e+01 -2.78910e+01  6.38364e+01             
       O -7.20641e+01 -1.31362e+01  6.38603e+01             
       H -7.26479e+01 -1.32850e+01  6.30674e+01             
       H -7.17717e+01 -1.40650e+01  6.39100e+01             
       O -7.57937e+01 -1.75118e+01  4.70282e+01             
       H -7.64778e+01 -2.96274e+01  4.64122e+01             
       H -7.60325e+01 -1.71782e+01  4.79289e+01             
       O -7.34492e+01 -2.46882e+01  4.53698e+01             
       H -7.34408e+01 -2.46263e+01  4.63419e+01             
       H -7.25315e+01 -2.48918e+01  4.50627e+01             
       O -7.64678e+01 -1.27929e+01  5.47268e+01             
       H -7.58740e+01 -1.20732e+01  5.45272e+01             
       H -7.59766e+01 -1.32273e+01  5.54368e+01             
       O -6.81397e+01  9.79931e+00  5.52696e+01             
       H -5.64563e+01 -2.50167e+01  4.93290e+01             
       H -6.73203e+01  9.37232e+00  5.51740e+01             
       O -7.24115e+01 -2.13965e+01  6.48812e+01             
       H -6.68043e+01 -2.77942e+01  6.15764e+01             
       H -8.55245e+01 -2.17566e+01  6.55242e+01             
       O -6.76688e+01 -3.04864e+01  5.85386e+01             
       H -6.67935e+01 -3.01751e+01  5.82277e+01             
       H -6.84107e+01 -3.01049e+01  5.80166e+01             
       O -7.02865e+01 -1.68781e+01  5.79555e+01             
       H -7.05132e+01 -1.72850e+01  5.87869e+01             
       H -7.10954e+01 -1.68391e+01  5.74606e+01             
       O -6.11746e+01 -4.32733e+01  5.25702e+01             
       H -6.07017e+01 -4.32652e+01  5.16824e+01             
       H -6.20706e+01 -4.34564e+01  6.47312e+01             
       O -7.42773e+01 -9.42583e+00  5.77073e+01             
       H -7.34431e+01 -9.00625e+00  5.74494e+01             
       H -7.40101e+01 -1.03693e+01  5.76964e+01             
       O -6.78364e+01 -2.03994e+01  5.72224e+01             
       H -6.75208e+01 -1.95791e+01  5.76488e+01             
       H -6.78965e+01 -2.11063e+01  5.78601e+01             
       O -6.93710e+01 -1.95714e+01  7.59443e+01             
       H -6.90340e+01 -1.88730e+01  7.54193e+01             
       H -6.98627e+01 -1.91720e+01  7.66787e+01             
       O -8.56187e+01 -1.67996e+01  4.70236e+01             
       H -8.52566e+01 -1.63252e+01  4.62828e+01             
       H -8.65748e+01 -1.69014e+01  4.68780e+01             
       O -6.35582e+01 -6.79878e+00  6.36392e+01             
       H -6.43072e+01 -7.06150e+00  6.41913e+01             
       H -6.35966e+01 -7.27801e+00  6.28269e+01             
       O -6.73933e+01 -1.33038e+01  5.31836e+01             
       H -6.78341e+01 -1.38961e+01  5.25761e+01             
       H -6.78348e+01 -1.34012e+01  4.16234e+01             
       O -6.17931e+01 -1.40144e+01  3.10450e+01             
       H -6.13404e+01 -1.34497e+01  3.03500e+01             
       H -7.39830e+01 -1.35027e+01  3.18148e+01             
       O -5.67712e+01 -1.89018e+01  3.59225e+01             
       H -5.74434e+01 -1.94492e+01  3.55535e+01             
       H -5.62199e+01 -1.85500e+01  3.52410e+01             
       O -7.29075e+01 -2.48134e+01  4.16015e+01             
       H -7.27025e+01 -2.48756e+01  4.06391e+01             
       H -7.33973e+01 -2.39669e+01  5.40441e+01             
       O -5.85953e+01 -1.57828e+01  3.93114e+01             
       H -6.85102e+01 -1.09884e+01  4.61010e+01             
       H -5.88233e+01 -1.63189e+01  3.85260e+01             
       O -6.92290e+01 -2.69216e+01  5.87628e+01             
       H -6.97158e+01 -2.76969e+01  5.84601e+01             
       H -6.91626e+01 -2.67797e+01  5.96906e+01             
       O -5.94409e+01 -2.06072e+01  4.43828e+01             
       H -5.99596e+01 -1.99437e+01  4.38920e+01             
       H -5.86792e+01 -2.07603e+01  4.37512e+01             
       O -6.13194e+01 -2.82079e+01  5.32248e+01             
       H -6.12676e+01 -2.90829e+01  5.28259e+01             
       H -6.05255e+01 -2.76635e+01  5.29319e+01             
       O -6.59606e+01 -7.10740e+00  6.51142e+01             
       H -6.66814e+01 -7.73683e+00  6.48168e+01             
       H -6.57828e+01 -7.43051e+00  6.59742e+01             
       O -5.92036e+01  5.61446e+00  7.19106e+01             
       H -5.95936e+01  5.07934e+00  7.11958e+01             
       H -5.97788e+01  6.42946e+00  7.20305e+01             
       O -6.37360e+01 -2.68244e+01  6.24836e+01             
       H -7.92549e+01 -2.45550e+01  3.99177e+01             
       H -6.36943e+01 -2.66957e+01  6.34598e+01             
       O -6.78804e+01 -2.15848e+01  6.10144e+01             
       H -5.77218e+01 -1.54090e+01  3.91326e+01             
       H -6.78180e+01 -2.19965e+01  6.01035e+01             
       O -6.09824e+01 -1.43862e+01  4.93178e+01             
       H -6.87686e+01 -3.30638e+00  5.53271e+01             
       H -6.08918e+01 -1.50464e+01  4.86390e+01             
       O -6.66534e+01 -2.70564e+01  5.81723e+01             
       H -8.00547e+01 -2.70338e+01  7.04844e+01             
       H -6.60547e+01 -1.20415e+01  6.23542e+01             
       O -9.13856e+01 -1.67892e+01  6.46607e+01             
       H -9.14808e+01 -1.77763e+01  6.49216e+01             
       H -9.05219e+01 -1.65277e+01  6.50554e+01             
       O -6.83931e+01 -3.82609e+01  4.91068e+01             
       H -6.74451e+01 -3.79998e+01  4.90699e+01             
       H -7.19268e+01 -2.06387e+01  6.52716e+01             
       O -6.77510e+01 -1.03807e+01  4.61870e+01             
       H -6.69351e+01 -1.08426e+01  4.59157e+01             
       H -8.81043e+01 -2.43133e+01  2.31135e+01             
       O -7.80584e+01 -2.44826e+01  4.55176e+01             
       H -7.72968e+01 -2.42405e+01  4.60339e+01             
       H -7.82940e+01 -2.54232e+01  4.56779e+01             
       O -7.13636e+01 -2.44783e+01  4.37539e+01             
       H -7.15360e+01 -2.45627e+01  4.27815e+01             
       H -7.03828e+01 -2.43181e+01  4.38236e+01             
       O -5.14921e+01 -2.74516e+01  5.30587e+01             
       H -5.04924e+01 -1.51227e+01  5.32189e+01             
       H -5.18001e+01 -2.65888e+01  5.34538e+01             
       O -6.13815e+01 -6.51485e+00  5.52011e+01             
       H -4.87871e+01 -6.59702e+00  5.42852e+01             
       H -6.19234e+01 -7.26555e+00  5.55005e+01             
       O -6.77624e+01  3.32850e+00  5.22528e+01             
       H -6.59349e+01 -3.39129e+01  4.90412e+01             
       H -6.87528e+01  1.89390e+00  4.92958e+01             
       O -7.31185e+01 -1.79470e+01  4.99968e+01             
       H -7.32179e+01 -1.88246e+01  4.95821e+01             
       H -7.39782e+01 -1.74771e+01  5.01142e+01             
       O -7.13181e+01 -9.48978e+00  4.78821e+01             
       H -7.18067e+01 -2.10971e+01  4.79496e+01             
       H -7.05084e+01 -9.43348e+00  4.83773e+01             
       O -7.79810e+01 -1.69757e+01  5.73701e+01             
       H -7.82943e+01 -1.60844e+01  5.74629e+01             
       H -7.76266e+01 -1.71334e+01  5.64908e+01             
       O -6.96786e+01 -2.07919e+01  5.54109e+01             
       H -6.93371e+01 -2.16880e+01  5.51355e+01             
       H -6.90385e+01 -2.04377e+01  5.60628e+01             
       O -7.90169e+01 -2.83766e+01  4.84303e+01             
       H -7.96730e+01 -2.90578e+01  6.09118e+01             
       H -7.90416e+01 -3.96893e+01  4.66843e+01             
       O -6.38758e+01 -2.30997e+01  6.42330e+01             
       H -6.47657e+01 -2.35376e+01  6.42964e+01             
       H -6.37453e+01 -2.27697e+01  6.33593e+01             
       O -7.05139e+01 -2.34934e+01  5.20923e+01             
       H -7.09448e+01 -2.26378e+01  5.19975e+01             
       H -7.10900e+01 -2.41904e+01  5.17864e+01             
       O -8.51652e+01 -1.63818e+01  5.64431e+01             
       H -8.56812e+01 -1.56558e+01  5.60585e+01             
       H -8.56710e+01 -1.72241e+01  5.64473e+01             
       O -6.06863e+01 -2.41142e+01  4.82987e+01             
       H -5.98450e+01 -2.36085e+01  4.84232e+01             
       H -6.05060e+01 -2.50067e+01  4.86390e+01             
       O -8.31799e+01 -1.95789e+01  2.84904e+01             
       H -8.35816e+01 -1.87562e+01  2.88297e+01             
       H -8.25058e+01 -1.99254e+01  2.91040e+01             
       O -7.65110e+01 -2.38265e+01  2.28305e+01             
       H -5.59305e+01 -8.52129e+00  3.93601e+01             
       H -7.67121e+01 -2.30179e+01  2.33683e+01             
       O -7.58108e+01 -1.69651e+01  4.97524e+01             
       H -7.60144e+01 -1.74409e+01  5.06073e+01             
       H -7.59438e+01 -1.59506e+01  4.98168e+01             
       O -7.05091e+01 -1.64286e+01  7.93692e+01             
       H -7.05986e+01 -1.63044e+01  7.83820e+01             
       H -7.13822e+01 -1.63043e+01  7.97456e+01             
192                                                         
# CELL(abcABC):   12.41850    12.41850    12.41850    90.00000    90.00000    90.00000  Step:      200000  Bead:       0 x_centroid{angstrom}  cell{angstrom}   
       O -9.18187e+01 -1.41803e+01  7.59437e+01             
       H -9.20979e+01 -1.38440e+01  7.50720e+01             
       H -9.18472e+01 -1.33299e+01  7.64484e+01             
       O -8.89382e+01 -1.92885e+01  6.67574e+01             
       H -8.53344e+01 -2.56508e+01  7.07990e+01             
       H -8.85781e+01 -1.83705e+01  6.67432e+01             
       O -9.23393e+01 -2.74902e+01  6.02627e+01             
       H -9.14852e+01 -1.46399e+01  6.05924e+01             
       H -9.21711e+01 -2.74447e+01  5.92678e+01             
       O -7.76148e+01 -2.61154e+01  6.06593e+01             
       H -7.75996e+01 -2.53444e+01  6.12614e+01             
       H -7.73973e+01 -2.57258e+01  5.97039e+01             
       O -8.16183e+01 -2.31501e+01  5.95707e+01             
       H -8.18454e+01 -2.33768e+01  5.86574e+01             
       H -8.13713e+01 -2.21701e+01  5.95229e+01             
       O -7.91512e+01 -1.72202e+01  7.47914e+01             
       H -7.97221e+01 -1.75560e+01  7.55458e+01             
       H -7.92848e+01 -1.62746e+01  7.46356e+01             
       O -8.77794e+01 -2.78357e+01  4.84958e+01             
       H -8.85713e+01 -2.73651e+01  4.86933e+01             
       H -7.82959e+01  1.41468e+00  6.26460e+01             
       O -7.24624e+01 -1.94960e+01  8.05741e+01             
       H -7.16771e+01 -1.90653e+01  8.09152e+01             
       H -7.30692e+01 -3.11622e+01  8.02915e+01             
       O -9.00217e+01 -1.00413e+01  4.65033e+01             
       H -9.07214e+01 -9.49054e+00  4.61085e+01             
       H -8.95864e+01 -9.62746e+00  4.72859e+01             
       O -8.61307e+01 -2.94180e+01  6.85571e+01             
       H -8.67769e+01 -2.94259e+01  6.93066e+01             
       H -8.53505e+01 -2.89560e+01  6.89423e+01             
       O -8.95842e+01 -1.13621e+01  6.63966e+01             
       H -8.89673e+01 -1.17752e+01  6.58403e+01             
       H -8.92546e+01 -1.04261e+01  6.62860e+01             
       O -8.11483e+01 -1.28937e+01  6.12053e+01             
       H -8.09055e+01 -1.21199e+01  6.06013e+01             
       H -7.10643e+01 -1.89004e+01  5.23405e+01             
       O -7.74715e+01 -3.78677e+01  5.59858e+01             
       H -7.75689e+01 -3.87805e+01  5.54964e+01             
       H -7.97235e+01 -2.84773e+01  6.93919e+01             
       O -9.08241e+01 -2.15234e+01  5.06271e+01             
       H -9.10022e+01 -2.13643e+01  5.15970e+01             
       H -9.16650e+01 -2.13158e+01  5.02242e+01             
       O -7.06652e+01 -2.86238e+01  7.35173e+01             
       H -7.08609e+01 -2.76503e+01  7.34084e+01             
       H -6.97479e+01 -2.87151e+01  7.33744e+01             
       O -8.32665e+01 -2.38465e+01  6.86020e+01             
       H -8.40876e+01 -2.34313e+01  6.82371e+01             
       H -8.29283e+01 -2.44574e+01  6.78626e+01             
       O -8.61608e+01 -2.25870e+01  5.51486e+01             
       H -8.66493e+01 -3.45541e+01  5.43486e+01             
       H -8.68745e+01 -2.25936e+01  5.58691e+01             
       O -8.59955e+01 -3.21513e+01  4.58616e+01             
       H -8.56146e+01 -3.19131e+01  4.49684e+01             
       H -8.53385e+01 -3.17538e+01  4.65051e+01             
       O -8.63703e+01 -1.49764e+01  6.34317e+01             
       H -8.54425e+01 -1.53565e+01  6.35378e+01             
       H -8.67616e+01 -1.53190e+01  6.25883e+01             
       O -8.35662e+01  6.50686e+00  5.93325e+01             
       H -7.04124e+01 -2.86727e+01  5.70459e+01             
       H -8.34452e+01  7.13486e+00  5.86059e+01             
       O -8.92760e+01 -2.49815e+01  7.08132e+01             
       H -7.98602e+01 -2.79022e+01  6.64660e+01             
       H -1.01759e+02 -2.53818e+01  6.99180e+01             
       O -7.87030e+01 -3.27772e+01  6.55156e+01             
       H -7.80350e+01 -3.22018e+01  6.58945e+01             
       H -7.93520e+01 -3.21218e+01  6.51390e+01             
       O -8.13063e+01 -2.57699e+01  6.74984e+01             
       H -8.07152e+01 -2.57362e+01  6.67355e+01             
       H -8.20528e+01 -2.62657e+01  6.72224e+01             
       O -7.53079e+01 -4.65020e+01  5.74537e+01             
       H -7.58824e+01 -4.70656e+01  5.80295e+01             
       H -7.46088e+01 -4.60752e+01  7.04062e+01             
       O -8.22340e+01 -1.34877e+01  6.43854e+01             
       H -8.21860e+01 -1.30496e+01  6.35387e+01             
       H -8.26757e+01 -1.27419e+01  6.49476e+01             
       O -7.62281e+01 -2.11856e+01  6.13554e+01             
       H -7.68502e+01 -2.10926e+01  6.21210e+01             
       H -7.55837e+01 -2.04224e+01  6.12943e+01             
       O -8.09195e+01 -2.07304e+01  7.98107e+01             
       H -8.03487e+01 -2.08394e+01  8.05931e+01             
       H -8.03463e+01 -2.06524e+01  7.90301e+01             
       O -9.71119e+01 -1.73197e+01  5.32939e+01             
       H -9.66666e+01 -1.68001e+01  5.40221e+01             
       H -9.68287e+01 -1.67489e+01  5.25723e+01             
       O -8.39421e+01 -9.61486e+00  7.34644e+01             
       H -8.33178e+01 -1.01565e+01  7.28393e+01             
       H -8.47352e+01 -1.01329e+01  7.36116e+01             
       O -7.96132e+01 -2.14192e+01  5.74545e+01             
       H -7.98775e+01 -2.23197e+01  5.72178e+01             
       H -8.02924e+01 -2.09352e+01  4.55773e+01             
       O -7.80695e+01 -1.54789e+01  4.22242e+01             
       H -7.75290e+01 -1.56938e+01  4.15071e+01             
       H -9.02751e+01 -1.61387e+01  4.29009e+01             
       O -6.97671e+01 -1.85351e+01  4.41683e+01             
       H -6.95709e+01 -1.91434e+01  4.34273e+01             
       H -6.95448e+01 -1.90124e+01  4.49952e+01             
       O -9.01919e+01 -2.93944e+01  4.44511e+01             
       H -8.97745e+01 -3.03025e+01  4.45300e+01             
       H -8.96679e+01 -2.89340e+01  5.75250e+01             
       O -7.70596e+01 -1.95750e+01  4.46009e+01             
       H -7.65302e+01 -1.58880e+01  5.16665e+01             
       H -7.78079e+01 -2.00227e+01  4.50017e+01             
       O -7.95797e+01 -3.68508e+01  6.51573e+01             
       H -8.01164e+01 -3.60731e+01  6.47970e+01             
       H -7.87400e+01 -3.65263e+01  6.54143e+01             
       O -7.15515e+01 -2.69970e+01  5.45196e+01             
       H -7.16147e+01 -2.67775e+01  5.35830e+01             
       H -7.22786e+01 -2.64173e+01  5.48246e+01             
       O -7.43607e+01 -3.77681e+01  5.94109e+01             
       H -7.44991e+01 -3.70961e+01  6.00794e+01             
       H -7.51587e+01 -3.76264e+01  5.88317e+01             
       O -7.44634e+01 -1.09182e+01  7.40147e+01             
       H -7.44602e+01 -1.15016e+01  7.47658e+01             
       H -7.52175e+01 -1.03537e+01  7.40394e+01             
       O -6.87503e+01  4.86383e+00  7.16307e+01             
       H -6.96371e+01  5.18078e+00  7.19294e+01             
       H -6.80297e+01  5.45680e+00  7.21003e+01             
       O -8.04359e+01 -2.79059e+01  6.96417e+01             
       H -8.72448e+01 -2.71781e+01  4.80024e+01             
       H -8.02937e+01 -2.70948e+01  6.90625e+01             
       O -8.43713e+01 -2.56991e+01  7.06945e+01             
       H -7.62888e+01 -2.01480e+01  4.48490e+01             
       H -8.40829e+01 -2.52593e+01  6.98748e+01             
       O -7.04116e+01 -1.92587e+01  5.17213e+01             
       H -8.38637e+01 -5.42488e+00  6.00654e+01             
       H -7.02972e+01 -2.02464e+01  5.19701e+01             
       O -8.02060e+01 -3.06797e+01  6.47067e+01             
       H -9.35219e+01 -3.10173e+01  7.68154e+01             
       H -7.66966e+01 -1.95445e+01  6.77436e+01             
       O -9.95759e+01 -1.87156e+01  7.35426e+01             
       H -9.86260e+01 -1.86796e+01  7.38588e+01             
       H -1.00057e+02 -1.81312e+01  7.41105e+01             
       O -8.36657e+01 -4.10011e+01  5.74586e+01             
       H -8.37557e+01 -4.00617e+01  5.76097e+01             
       H -8.97373e+01 -2.40999e+01  7.08741e+01             
       O -7.68762e+01 -1.50772e+01  5.19851e+01             
       H -7.78380e+01 -1.49751e+01  5.17306e+01             
       H -9.88145e+01 -2.18043e+01  2.55616e+01             
       O -8.89034e+01 -3.01002e+01  5.07580e+01             
       H -8.98675e+01 -2.98877e+01  5.04502e+01             
       H -8.88553e+01 -3.09057e+01  5.12593e+01             
       O -8.36605e+01 -2.80184e+01  5.13667e+01             
       H -8.29878e+01 -2.73628e+01  5.15428e+01             
       H -8.33712e+01 -2.83638e+01  5.04851e+01             
       O -6.28188e+01 -2.96215e+01  5.86244e+01             
       H -6.31044e+01 -1.65717e+01  5.92887e+01             
       H -6.25024e+01 -3.04361e+01  5.90494e+01             
       O -7.12417e+01 -1.13102e+01  6.54470e+01             
       H -5.97057e+01 -1.13297e+01  6.50411e+01             
       H -7.12923e+01 -1.04673e+01  6.60413e+01             
       O -7.77473e+01  6.89405e-01  6.23460e+01             
       H -7.71416e+01 -3.73205e+01  5.52559e+01             
       H -8.07814e+01 -1.29678e+00  6.07447e+01             
       O -8.45723e+01 -1.91003e+01  6.17719e+01             
       H -8.40164e+01 -1.89786e+01  6.24973e+01             
       H -8.42967e+01 -1.99282e+01  6.12889e+01             
       O -8.82289e+01 -1.24826e+01  5.18560e+01             
       H -8.84352e+01 -2.58291e+01  5.19478e+01             
       H -8.73412e+01 -1.23219e+01  5.21189e+01             
       O -8.77458e+01 -2.16201e+01  6.57350e+01             
       H -8.80578e+01 -2.07250e+01  6.60643e+01             
       H -8.73273e+01 -2.14639e+01  6.48659e+01             
       O -8.56014e+01 -2.48686e+01  6.34362e+01             
       H -8.57827e+01 -2.58373e+01  6.32977e+01             
       H -8.47942e+01 -2.46597e+01  6.29511e+01             
       O -9.30336e+01 -2.82653e+01  5.35127e+01             
       H -9.32938e+01 -2.76524e+01  6.52012e+01             
       H -9.28799e+01 -4.22905e+01  5.28427e+01             
       O -7.97369e+01 -2.41126e+01  6.93167e+01             
       H -8.04053e+01 -2.44166e+01  6.86472e+01             
       H -7.88799e+01 -2.43563e+01  6.89235e+01             
       O -8.37914e+01 -2.59449e+01  6.11531e+01             
       H -8.41267e+01 -2.56795e+01  6.03006e+01             
       H -8.28424e+01 -2.57038e+01  6.10334e+01             
       O -9.59209e+01 -2.15096e+01  6.66575e+01             
       H -9.65161e+01 -2.09346e+01  6.71323e+01             
       H -9.49799e+01 -2.13839e+01  6.69708e+01             
       O -7.52099e+01 -2.94424e+01  5.40715e+01             
       H -7.45846e+01 -2.91556e+01  5.47917e+01             
       H -7.46289e+01 -2.96107e+01  5.33480e+01             
       O -9.86591e+01 -2.54139e+01  3.01924e+01             
       H -9.95184e+01 -2.58367e+01  3.02629e+01             
       H -9.88040e+01 -2.44358e+01  3.02774e+01             
       O -8.60800e+01 -2.12871e+01  2.63908e+01             
       H -6.45578e+01 -1.18204e+01  5.04616e+01             
       H -8.59051e+01 -2.04606e+01  2.59965e+01             
       O -9.15981e+01 -1.87523e+01  6.00618e+01             
       H -9.16174e+01 -1.81626e+01  6.08210e+01             
       H -9.13333e+01 -1.82722e+01  5.93008e+01             
       O -8.16056e+01 -2.18658e+01  8.87156e+01             
       H -8.20820e+01 -2.23657e+01  8.93714e+01             
       H -8.22350e+01 -2.19774e+01  8.79402e+01             
