192                                                         
# CELL(abcABC):   12.41850    12.41850    12.41850    90.00000    90.00000    90.00000  Step:           0  Bead:       0 x_centroid{angstrom}  cell{angstrom}   
       O -7.62242e+01 -1.20025e+01  6.41264e+01             
       H -7.67337e+01 -1.15087e+01  6.34935e+01             
       H -7.52858e+01 -1.17934e+01  6.39969e+01             
       O -6.77613e+01 -8.02281e+00  6.14286e+01             
       H -6.27678e+01 -1.89555e+01  5.12566e+01             
       H -6.71375e+01 -7.72375e+00  6.21015e+01             
       O -6.75457e+01 -2.32101e+01  5.10310e+01             
       H -6.75116e+01 -1.03910e+01  5.19346e+01             
       H -6.75937e+01 -2.41483e+01  5.12771e+01             
       O -5.51241e+01 -2.17418e+01  5.36500e+01             
       H -5.56071e+01 -2.24965e+01  5.40442e+01             
       H -5.41864e+01 -2.19241e+01  5.37964e+01             
       O -5.44005e+01 -1.94177e+01  5.15760e+01             
       H -5.50951e+01 -1.87706e+01  5.14778e+01             
       H -5.48258e+01 -2.00140e+01  5.21945e+01             
       O -5.83410e+01 -1.87132e+01  6.48709e+01             
       H -5.91285e+01 -1.81620e+01  6.46764e+01             
       H -5.82201e+01 -1.92044e+01  6.40575e+01             
       O -6.70071e+01 -2.17240e+01  4.56308e+01             
       H -6.71951e+01 -2.08189e+01  4.59573e+01             
       H -5.69229e+01  2.18795e+00  5.09433e+01             
       O -5.11673e+01 -1.51247e+01  6.74134e+01             
       H -5.16617e+01 -1.42847e+01  6.75086e+01             
       H -5.05870e+01 -2.74913e+01  6.81841e+01             
       O -7.07093e+01 -8.98206e+00  4.11166e+01             
       H -7.15642e+01 -9.29691e+00  4.14131e+01             
       H -7.08833e+01 -8.03753e+00  4.09049e+01             
       O -6.49968e+01 -2.28018e+01  5.35584e+01             
       H -6.49127e+01 -2.35469e+01  5.41347e+01             
       H -6.43318e+01 -2.31290e+01  5.29202e+01             
       O -7.06797e+01 -5.05203e+00  5.83778e+01             
       H -7.09334e+01 -4.70542e+00  5.92347e+01             
       H -6.99228e+01 -4.50119e+00  5.81414e+01             
       O -6.33147e+01 -8.80938e+00  4.58534e+01             
       H -6.35215e+01 -8.33845e+00  4.66647e+01             
       H -5.69558e+01 -1.07487e+01  4.87576e+01             
       O -6.00745e+01 -2.94015e+01  4.39152e+01             
       H -5.94379e+01 -2.95952e+01  4.46713e+01             
       H -5.89667e+01 -2.53954e+01  6.09316e+01             
       O -6.98043e+01 -2.03221e+01  4.68965e+01             
       H -7.02230e+01 -2.03851e+01  4.59978e+01             
       H -6.98502e+01 -1.94043e+01  4.71009e+01             
       O -5.05477e+01 -2.35841e+01  5.71819e+01             
       H -5.08218e+01 -2.27621e+01  5.76625e+01             
       H -4.95738e+01 -2.36535e+01  5.73212e+01             
       O -6.53033e+01 -1.06070e+01  6.19674e+01             
       H -6.61704e+01 -1.05184e+01  6.23735e+01             
       H -6.55514e+01 -1.09622e+01  6.10168e+01             
       O -6.95335e+01 -1.09437e+01  4.53080e+01             
       H -6.85825e+01 -2.31862e+01  4.54756e+01             
       H -6.98492e+01 -1.10079e+01  4.62371e+01             
       O -6.72062e+01 -2.58547e+01  4.19179e+01             
       H -6.64677e+01 -2.53094e+01  4.16376e+01             
       H -6.70185e+01 -2.67533e+01  4.16550e+01             
       O -7.09322e+01 -1.24992e+01  5.25881e+01             
       H -7.06274e+01 -1.24060e+01  5.34992e+01             
       H -7.02191e+01 -1.26182e+01  5.19723e+01             
       O -6.56650e+01  8.49450e+00  4.44318e+01             
       H -4.65736e+01 -2.12479e+01  4.71558e+01             
       H -6.52808e+01  8.94862e+00  4.36767e+01             
       O -6.26199e+01 -1.66911e+01  5.94022e+01             
       H -6.21076e+01 -1.99107e+01  5.51307e+01             
       H -7.43380e+01 -1.70012e+01  5.99616e+01             
       O -5.93366e+01 -2.81273e+01  5.40872e+01             
       H -5.95050e+01 -2.86352e+01  5.49208e+01             
       H -5.94514e+01 -2.71711e+01  5.42021e+01             
       O -6.87756e+01 -1.54864e+01  5.67621e+01             
       H -6.79384e+01 -1.59548e+01  5.66994e+01             
       H -6.92367e+01 -1.60669e+01  5.60936e+01             
       O -6.04073e+01 -4.17096e+01  5.17984e+01             
       H -6.02316e+01 -4.11860e+01  5.25684e+01             
       H -6.05004e+01 -4.11101e+01  6.34887e+01             
       O -6.48877e+01 -3.62629e+00  4.90393e+01             
       H -6.57592e+01 -3.58316e+00  4.86008e+01             
       H -6.50089e+01 -2.95143e+00  4.97556e+01             
       O -5.81386e+01 -2.10738e+01  5.65876e+01             
       H -5.78202e+01 -2.19350e+01  5.69596e+01             
       H -5.73842e+01 -2.06832e+01  5.61881e+01             
       O -6.51714e+01 -2.07241e+01  6.81701e+01             
       H -6.44713e+01 -2.01243e+01  6.79427e+01             
       H -6.50349e+01 -2.14645e+01  6.75291e+01             
       O -8.13894e+01 -1.45902e+01  4.69935e+01             
       H -8.17461e+01 -1.45807e+01  4.61225e+01             
       H -8.21095e+01 -1.42541e+01  4.75769e+01             
       O -5.90382e+01 -4.83653e+00  6.10211e+01             
       H -5.87919e+01 -4.48281e+00  6.18597e+01             
       H -5.88767e+01 -5.80355e+00  6.11867e+01             
       O -6.02311e+01 -1.14957e+01  4.84170e+01             
       H -6.02154e+01 -1.06280e+01  4.79048e+01             
       H -6.03027e+01 -1.12926e+01  3.69329e+01             
       O -5.63985e+01 -1.14880e+01  2.98643e+01             
       H -5.58984e+01 -1.23013e+01  2.96677e+01             
       H -6.90201e+01 -1.15167e+01  3.08016e+01             
       O -5.15980e+01 -1.66055e+01  2.78643e+01             
       H -5.11936e+01 -1.63317e+01  2.87244e+01             
       H -5.14649e+01 -1.75303e+01  2.76677e+01             
       O -6.38162e+01 -2.06125e+01  3.60894e+01             
       H -6.44525e+01 -2.12548e+01  3.64670e+01             
       H -6.38755e+01 -1.97393e+01  4.89969e+01             
       O -5.00040e+01 -1.29910e+01  3.46363e+01             
       H -6.40994e+01 -1.19820e+01  4.38374e+01             
       H -5.04540e+01 -1.24080e+01  3.39498e+01             
       O -6.12483e+01 -2.57421e+01  5.23671e+01             
       H -6.03685e+01 -2.53636e+01  5.26445e+01             
       H -6.15160e+01 -2.62794e+01  5.31150e+01             
       O -5.27777e+01 -1.43023e+01  3.90219e+01             
       H -5.24082e+01 -1.51079e+01  3.94828e+01             
       H -5.21760e+01 -1.35268e+01  3.90315e+01             
       O -5.54284e+01 -2.64704e+01  5.07339e+01             
       H -5.53816e+01 -2.66591e+01  4.97740e+01             
       H -5.45263e+01 -2.65299e+01  5.10036e+01             
       O -6.07422e+01 -7.28500e+00  5.65171e+01             
       H -6.13783e+01 -7.84688e+00  5.70771e+01             
       H -5.98722e+01 -7.64374e+00  5.68150e+01             
       O -5.16390e+01  6.42081e+00  6.99130e+01             
       H -5.09009e+01  6.83601e+00  7.03215e+01             
       H -5.21619e+01  7.16843e+00  6.95339e+01             
       O -5.83968e+01 -2.61014e+01  6.12138e+01             
       H -6.64470e+01 -2.15928e+01  4.48360e+01             
       H -5.89050e+01 -2.66598e+01  6.17760e+01             
       O -6.20706e+01 -1.90634e+01  5.18886e+01             
       H -4.91556e+01 -1.25493e+01  3.47715e+01             
       H -6.16110e+01 -1.81785e+01  5.19670e+01             
       O -5.63295e+01 -1.06437e+01  4.80527e+01             
       H -6.56202e+01 -3.41496e+00  4.52377e+01             
       H -5.62288e+01 -9.71549e+00  4.80870e+01             
       O -6.04160e+01 -2.53922e+01  5.50801e+01             
       H -7.31737e+01 -2.44773e+01  6.73589e+01             
       H -5.50301e+01 -7.74289e+00  6.05445e+01             
       O -8.65346e+01 -1.45377e+01  5.69373e+01             
       H -8.68151e+01 -1.43917e+01  5.78864e+01             
       H -8.59242e+01 -1.52486e+01  5.70105e+01             
       O -5.98018e+01 -3.40068e+01  4.67153e+01             
       H -6.04811e+01 -3.35282e+01  4.71569e+01             
       H -6.33212e+01 -1.62636e+01  5.99883e+01             
       O -6.46793e+01 -1.23562e+01  4.31088e+01             
       H -6.53950e+01 -1.27543e+01  4.36811e+01             
       H -7.82043e+01 -1.88902e+01  2.14140e+01             
       O -7.27771e+01 -2.39223e+01  4.51177e+01             
       H -7.24545e+01 -2.31633e+01  4.56037e+01             
       H -7.23419e+01 -2.39510e+01  4.42656e+01             
       O -6.11112e+01 -2.28991e+01  3.88363e+01             
       H -6.11976e+01 -2.20541e+01  3.83868e+01             
       H -6.02428e+01 -2.31349e+01  3.91642e+01             
       O -4.52921e+01 -2.79700e+01  5.13034e+01             
       H -4.56409e+01 -1.58170e+01  5.21925e+01             
       H -4.45181e+01 -2.73879e+01  5.13898e+01             
       O -5.55634e+01 -7.43492e+00  5.55821e+01             
       H -4.24393e+01 -7.42502e+00  5.62194e+01             
       H -5.54518e+01 -8.16198e+00  5.49264e+01             
       O -5.78423e+01  2.43533e+00  5.10116e+01             
       H -6.06267e+01 -3.02159e+01  4.39562e+01             
       H -6.37027e+01  4.23417e+00  4.52339e+01             
       O -6.77454e+01 -1.68253e+01  4.78682e+01             
       H -6.79058e+01 -1.69430e+01  4.87756e+01             
       H -6.83743e+01 -1.60867e+01  4.76423e+01             
       O -6.43313e+01 -6.14077e+00  3.78183e+01             
       H -6.45565e+01 -1.76936e+01  3.74575e+01             
       H -6.51664e+01 -6.45750e+00  3.82480e+01             
       O -6.88818e+01 -1.75699e+01  5.48636e+01             
       H -6.85850e+01 -1.84293e+01  5.51571e+01             
       H -6.94773e+01 -1.77304e+01  5.41345e+01             
       O -6.09429e+01 -2.27889e+01  5.44025e+01             
       H -6.10815e+01 -2.27285e+01  5.34717e+01             
       H -6.14649e+01 -2.20981e+01  5.48349e+01             
       O -7.50992e+01 -2.01230e+01  4.19882e+01             
       H -7.48848e+01 -1.95481e+01  5.36168e+01             
       H -7.34259e+01 -3.81946e+01  4.33933e+01             
       O -5.78072e+01 -1.96480e+01  6.22306e+01             
       H -5.70840e+01 -1.98394e+01  6.16978e+01             
       H -5.81089e+01 -2.05351e+01  6.24676e+01             
       O -6.11180e+01 -2.06880e+01  4.92955e+01             
       H -6.20520e+01 -2.09200e+01  4.90331e+01             
       H -6.10713e+01 -1.99938e+01  4.99823e+01             
       O -7.92425e+01 -1.60742e+01  5.36269e+01             
       H -7.84766e+01 -1.66390e+01  5.34957e+01             
       H -7.99327e+01 -1.65963e+01  5.40456e+01             
       O -5.38359e+01 -2.38106e+01  4.71623e+01             
       H -5.40976e+01 -2.28438e+01  4.68256e+01             
       H -5.45998e+01 -2.41135e+01  4.76962e+01             
       O -7.31585e+01 -1.50510e+01  2.52787e+01             
       H -7.39613e+01 -1.52123e+01  2.47339e+01             
       H -7.33964e+01 -1.42902e+01  2.58730e+01             
       O -6.66367e+01 -1.91169e+01  2.19506e+01             
       H -4.56018e+01 -9.54569e+00  3.94925e+01             
       H -6.70963e+01 -1.83327e+01  2.22664e+01             
       O -6.80368e+01 -1.71327e+01  5.06914e+01             
       H -6.73464e+01 -1.67592e+01  5.12538e+01             
       H -6.88868e+01 -1.66349e+01  5.07518e+01             
       O -6.64533e+01 -1.35402e+01  6.97306e+01             
       H -6.73903e+01 -1.38161e+01  6.94120e+01             
       H -6.67655e+01 -1.28816e+01  7.03761e+01             
192                                                         
# CELL(abcABC):   12.41850    12.41850    12.41850    90.00000    90.00000    90.00000  Step:      200000  Bead:       0 x_centroid{angstrom}  cell{angstrom}   
       O -9.18989e+01 -1.27119e+01  7.01902e+01             
       H -9.11637e+01 -1.22341e+01  6.97747e+01             
       H -9.25624e+01 -1.29210e+01  6.94598e+01             
       O -8.15400e+01 -1.30527e+01  6.84208e+01             
       H -7.77574e+01 -2.55723e+01  6.21686e+01             
       H -8.14246e+01 -1.37277e+01  6.77281e+01             
       O -8.97556e+01 -2.94599e+01  6.08445e+01             
       H -9.06273e+01 -1.65330e+01  6.07287e+01             
       H -8.91384e+01 -2.90954e+01  6.02161e+01             
       O -7.48226e+01 -2.68154e+01  6.15071e+01             
       H -7.57294e+01 -2.65642e+01  6.19058e+01             
       H -7.44710e+01 -2.60774e+01  6.10087e+01             
       O -7.47521e+01 -2.84890e+01  5.96082e+01             
       H -7.49040e+01 -2.77701e+01  6.02801e+01             
       H -7.50634e+01 -2.80516e+01  5.86916e+01             
       O -7.12890e+01 -2.49174e+01  7.04047e+01             
       H -7.05487e+01 -2.50047e+01  6.98081e+01             
       H -7.14131e+01 -2.57327e+01  7.08946e+01             
       O -8.44088e+01 -2.57616e+01  5.43006e+01             
       H -8.38956e+01 -2.60952e+01  5.35826e+01             
       H -7.05844e+01  1.88004e+00  5.18222e+01             
       O -6.57857e+01 -2.12108e+01  7.65611e+01             
       H -6.57940e+01 -2.21856e+01  7.66684e+01             
       H -6.67310e+01 -3.32967e+01  7.67439e+01             
       O -8.96888e+01 -1.16731e+01  5.62384e+01             
       H -8.88882e+01 -1.17168e+01  5.68227e+01             
       H -8.99241e+01 -1.07100e+01  5.62186e+01             
       O -7.90855e+01 -2.46699e+01  6.13609e+01             
       H -7.89954e+01 -2.36869e+01  6.14554e+01             
       H -7.92508e+01 -2.47716e+01  6.04542e+01             
       O -7.89694e+01 -9.63371e+00  6.15350e+01             
       H -7.90423e+01 -8.96258e+00  6.07981e+01             
       H -7.85743e+01 -9.13552e+00  6.23400e+01             
       O -7.67134e+01 -1.18103e+01  5.37496e+01             
       H -7.60692e+01 -1.25575e+01  5.35125e+01             
       H -7.30308e+01 -9.74643e+00  5.80103e+01             
       O -7.44686e+01 -3.11381e+01  5.17895e+01             
       H -7.52002e+01 -3.12206e+01  5.24551e+01             
       H -7.29949e+01 -2.94772e+01  6.55079e+01             
       O -8.22516e+01 -2.14964e+01  5.11448e+01             
       H -8.20221e+01 -2.18126e+01  5.02946e+01             
       H -8.14996e+01 -2.09589e+01  5.15733e+01             
       O -6.81575e+01 -2.30314e+01  6.73461e+01             
       H -6.87265e+01 -2.22070e+01  6.74800e+01             
       H -6.81085e+01 -2.31622e+01  6.63809e+01             
       O -8.20574e+01 -1.66209e+01  6.92419e+01             
       H -8.16372e+01 -1.62322e+01  7.00111e+01             
       H -8.13338e+01 -1.64825e+01  6.86258e+01             
       O -8.45558e+01 -1.77457e+01  4.99197e+01             
       H -8.46644e+01 -3.00925e+01  4.88414e+01             
       H -8.47786e+01 -1.86820e+01  5.01499e+01             
       O -7.55123e+01 -2.81966e+01  5.27373e+01             
       H -7.50130e+01 -2.74549e+01  5.29220e+01             
       H -7.50833e+01 -2.84070e+01  5.19049e+01             
       O -8.49589e+01 -1.73126e+01  5.97515e+01             
       H -8.58215e+01 -1.67527e+01  5.97341e+01             
       H -8.50293e+01 -1.80258e+01  5.91147e+01             
       O -8.01329e+01  8.14445e+00  5.22972e+01             
       H -6.00453e+01 -2.42405e+01  5.15040e+01             
       H -7.92611e+01  8.55291e+00  5.22833e+01             
       O -7.65809e+01 -1.89712e+01  6.24022e+01             
       H -7.36930e+01 -2.58226e+01  6.61999e+01             
       H -8.93841e+01 -1.83490e+01  6.17628e+01             
       O -7.05205e+01 -3.50128e+01  6.09157e+01             
       H -7.01232e+01 -3.53280e+01  6.00879e+01             
       H -7.15136e+01 -3.49677e+01  6.08680e+01             
       O -8.24625e+01 -2.06047e+01  6.71792e+01             
       H -8.24630e+01 -2.02729e+01  6.81073e+01             
       H -8.31663e+01 -2.12525e+01  6.71501e+01             
       O -7.77543e+01 -4.61767e+01  5.62964e+01             
       H -7.76798e+01 -4.55378e+01  5.55535e+01             
       H -7.87433e+01 -4.61027e+01  6.89653e+01             
       O -7.70046e+01 -3.93849e+00  5.64665e+01             
       H -7.64100e+01 -4.63736e+00  5.61290e+01             
       H -7.63789e+01 -3.22253e+00  5.66226e+01             
       O -7.04830e+01 -2.73397e+01  6.47301e+01             
       H -7.12486e+01 -2.76921e+01  6.42354e+01             
       H -6.98136e+01 -2.70106e+01  6.41306e+01             
       O -7.92052e+01 -2.37582e+01  7.73610e+01             
       H -7.94789e+01 -2.45696e+01  7.68962e+01             
       H -7.85136e+01 -2.41432e+01  7.78749e+01             
       O -9.75393e+01 -2.02765e+01  5.86871e+01             
       H -9.71951e+01 -1.99638e+01  5.77829e+01             
       H -9.66891e+01 -2.04209e+01  5.91605e+01             
       O -7.65439e+01 -6.67931e+00  7.08486e+01             
       H -7.68913e+01 -5.76630e+00  7.10084e+01             
       H -7.63543e+01 -6.67546e+00  6.98536e+01             
       O -7.22573e+01 -1.55581e+01  5.62999e+01             
       H -7.14000e+01 -1.57935e+01  5.66537e+01             
       H -7.23723e+01 -1.62728e+01  4.32374e+01             
       O -6.94742e+01 -1.84560e+01  3.71981e+01             
       H -6.93210e+01 -1.88827e+01  3.80291e+01             
       H -8.28749e+01 -1.81090e+01  3.72668e+01             
       O -6.95377e+01 -1.94370e+01  3.24018e+01             
       H -6.97381e+01 -1.84807e+01  3.23070e+01             
       H -6.95591e+01 -1.96147e+01  3.33846e+01             
       O -7.51806e+01 -2.42989e+01  4.55365e+01             
       H -7.44386e+01 -2.37035e+01  4.53163e+01             
       H -7.57888e+01 -2.39172e+01  5.86982e+01             
       O -6.07933e+01 -2.20829e+01  3.62709e+01             
       H -7.88147e+01 -1.58647e+01  5.53267e+01             
       H -6.14273e+01 -2.15321e+01  3.58266e+01             
       O -8.00956e+01 -2.88797e+01  6.09747e+01             
       H -8.06402e+01 -2.96840e+01  6.12647e+01             
       H -8.01009e+01 -2.87520e+01  6.00587e+01             
       O -6.31051e+01 -2.05915e+01  4.80569e+01             
       H -6.35564e+01 -2.02214e+01  4.88393e+01             
       H -6.33110e+01 -1.99892e+01  4.73414e+01             
       O -7.01016e+01 -3.25280e+01  5.99479e+01             
       H -6.96638e+01 -3.19201e+01  6.05769e+01             
       H -7.00033e+01 -3.33941e+01  6.03317e+01             
       O -7.59261e+01 -1.09497e+01  6.29332e+01             
       H -7.50004e+01 -1.10196e+01  6.25893e+01             
       H -7.57578e+01 -1.04581e+01  6.37620e+01             
       O -6.24121e+01  2.35713e+00  7.80371e+01             
       H -6.16221e+01  1.86185e+00  7.82383e+01             
       H -6.30847e+01  1.72170e+00  7.83836e+01             
       O -7.31443e+01 -2.97222e+01  6.64407e+01             
       H -8.42706e+01 -2.63784e+01  5.50320e+01             
       H -7.40703e+01 -2.98172e+01  6.65434e+01             
       O -7.70367e+01 -2.58362e+01  6.27170e+01             
       H -6.05764e+01 -2.16008e+01  3.71099e+01             
       H -7.66519e+01 -2.49631e+01  6.29778e+01             
       O -7.30209e+01 -1.05510e+01  5.74994e+01             
       H -8.07953e+01 -3.71249e+00  5.19649e+01             
       H -7.24093e+01 -1.12586e+01  5.78075e+01             
       O -6.56501e+01 -2.73549e+01  6.49401e+01             
       H -7.80253e+01 -2.68455e+01  7.64710e+01             
       H -6.88748e+01 -1.21949e+01  6.78925e+01             
       O -9.84458e+01 -2.48558e+01  6.01125e+01             
       H -9.83967e+01 -2.39010e+01  6.04729e+01             
       H -9.90765e+01 -2.47953e+01  5.93819e+01             
       O -7.32780e+01 -3.69921e+01  5.10988e+01             
       H -7.29098e+01 -3.77304e+01  5.05916e+01             
       H -7.72604e+01 -1.91629e+01  6.30625e+01             
       O -7.97583e+01 -1.61740e+01  5.51615e+01             
       H -7.97191e+01 -1.61775e+01  5.41606e+01             
       H -9.76884e+01 -2.10785e+01  3.05372e+01             
       O -8.56179e+01 -2.78914e+01  5.10246e+01             
       H -8.51743e+01 -2.86631e+01  5.04936e+01             
       H -8.62077e+01 -2.75335e+01  5.03233e+01             
       O -7.23374e+01 -2.24592e+01  4.23262e+01             
       H -7.22377e+01 -2.28908e+01  4.32104e+01             
       H -7.17413e+01 -2.30417e+01  4.17617e+01             
       O -6.40169e+01 -3.53939e+01  5.97474e+01             
       H -6.43791e+01 -2.32869e+01  6.06424e+01             
       H -6.36668e+01 -3.44996e+01  6.00331e+01             
       O -6.83409e+01 -1.42077e+01  6.24274e+01             
       H -5.52865e+01 -1.35089e+01  6.22730e+01             
       H -6.80856e+01 -1.49290e+01  6.18408e+01             
       O -7.09543e+01  1.14102e+00  5.23634e+01             
       H -7.50803e+01 -3.10669e+01  5.10282e+01             
       H -7.67195e+01  6.75981e-01  5.47726e+01             
       O -8.34368e+01 -1.46625e+01  5.95689e+01             
       H -8.34853e+01 -1.44348e+01  6.05453e+01             
       H -8.39490e+01 -1.55349e+01  5.95250e+01             
       O -7.90132e+01 -7.99349e+00  4.69113e+01             
       H -7.80791e+01 -2.01891e+01  4.65626e+01             
       H -7.95566e+01 -7.20639e+00  4.67528e+01             
       O -8.31766e+01 -2.53609e+01  6.22742e+01             
       H -8.22814e+01 -2.57429e+01  6.21299e+01             
       H -8.32627e+01 -2.46940e+01  6.16323e+01             
       O -7.26103e+01 -3.28685e+01  6.32673e+01             
       H -7.31786e+01 -3.23949e+01  6.38521e+01             
       H -7.16575e+01 -3.29915e+01  6.35448e+01             
       O -8.69878e+01 -2.57580e+01  5.32965e+01             
       H -8.67964e+01 -2.52196e+01  6.48759e+01             
       H -7.71172e+01 -3.99289e+01  5.27419e+01             
       O -7.61087e+01 -2.01668e+01  6.63149e+01             
       H -7.69480e+01 -2.01513e+01  6.58252e+01             
       H -7.55193e+01 -2.09246e+01  6.60951e+01             
       O -7.88458e+01 -1.93455e+01  5.44889e+01             
       H -7.89438e+01 -1.86459e+01  5.50772e+01             
       H -7.96379e+01 -1.93992e+01  5.39351e+01             
       O -9.35223e+01 -2.28854e+01  5.89253e+01             
       H -9.28139e+01 -2.22384e+01  5.91147e+01             
       H -9.30557e+01 -2.36956e+01  5.87068e+01             
       O -6.73031e+01 -2.81028e+01  5.82615e+01             
       H -6.72210e+01 -2.71314e+01  5.82417e+01             
       H -6.68323e+01 -2.84210e+01  5.74865e+01             
       O -8.71918e+01 -1.47369e+01  3.24388e+01             
       H -8.62639e+01 -1.49378e+01  3.21348e+01             
       H -8.73413e+01 -1.37908e+01  3.25272e+01             
       O -8.52873e+01 -2.02331e+01  3.11425e+01             
       H -5.81855e+01 -1.20976e+01  3.95037e+01             
       H -8.50349e+01 -1.96034e+01  3.04809e+01             
       O -8.77078e+01 -1.87239e+01  5.59834e+01             
       H -8.68600e+01 -1.90734e+01  5.62642e+01             
       H -8.80172e+01 -1.92334e+01  5.52355e+01             
       O -8.09666e+01 -1.91802e+01  7.73981e+01             
       H -8.06321e+01 -1.83300e+01  7.70973e+01             
       H -8.16899e+01 -1.90735e+01  7.80073e+01             
