192                                                         
# CELL(abcABC):   12.41850    12.41850    12.41850    90.00000    90.00000    90.00000  Step:           0  Bead:       0 x_centroid{angstrom}  cell{angstrom}   
       O -7.93818e+01 -1.16936e+01  6.69954e+01             
       H -7.89973e+01 -1.24780e+01  6.65736e+01             
       H -7.86409e+01 -1.13112e+01  6.75041e+01             
       O -7.51375e+01 -1.29291e+01  6.18144e+01             
       H -6.59924e+01 -1.90669e+01  5.90574e+01             
       H -7.45869e+01 -1.23677e+01  6.12415e+01             
       O -7.69246e+01 -2.31567e+01  5.49898e+01             
       H -7.64287e+01 -1.13895e+01  5.45040e+01             
       H -7.64930e+01 -2.32267e+01  5.58925e+01             
       O -6.24337e+01 -2.11383e+01  5.41963e+01             
       H -6.18829e+01 -2.16181e+01  5.48204e+01             
       H -6.32359e+01 -2.16031e+01  5.41251e+01             
       O -6.07101e+01 -2.23447e+01  5.20555e+01             
       H -6.09379e+01 -2.20457e+01  5.11593e+01             
       H -6.14447e+01 -2.18333e+01  5.25882e+01             
       O -6.21323e+01 -1.85579e+01  6.86184e+01             
       H -6.21822e+01 -1.95007e+01  6.84330e+01             
       H -6.30767e+01 -1.82110e+01  6.85300e+01             
       O -7.64570e+01 -2.29163e+01  3.83697e+01             
       H -7.73376e+01 -2.26460e+01  3.86802e+01             
       H -6.68292e+01  1.33508e+00  5.27298e+01             
       O -5.63375e+01 -1.38292e+01  7.22952e+01             
       H -5.59222e+01 -1.32895e+01  7.16746e+01             
       H -5.62868e+01 -2.57656e+01  7.30940e+01             
       O -7.86268e+01 -8.10738e+00  4.07853e+01             
       H -7.87776e+01 -7.98694e+00  4.17326e+01             
       H -7.85618e+01 -9.05508e+00  4.05968e+01             
       O -6.76750e+01 -2.42926e+01  5.80297e+01             
       H -6.80880e+01 -2.35229e+01  5.76525e+01             
       H -6.72832e+01 -2.49361e+01  5.74052e+01             
       O -7.16629e+01 -7.80100e+00  6.02824e+01             
       H -7.16853e+01 -7.07065e+00  6.08847e+01             
       H -7.25605e+01 -8.02683e+00  6.00532e+01             
       O -6.84164e+01 -9.33443e+00  4.80157e+01             
       H -6.87353e+01 -9.92903e+00  4.86912e+01             
       H -5.94920e+01 -1.36334e+01  4.70648e+01             
       O -6.31653e+01 -3.03295e+01  4.73343e+01             
       H -6.27267e+01 -3.08800e+01  4.67376e+01             
       H -6.18924e+01 -2.69798e+01  6.24408e+01             
       O -7.41055e+01 -2.04968e+01  4.66245e+01             
       H -7.36974e+01 -1.99679e+01  4.58871e+01             
       H -7.43520e+01 -2.13902e+01  4.62227e+01             
       O -5.38766e+01 -2.70717e+01  6.31264e+01             
       H -5.36898e+01 -2.64871e+01  6.24396e+01             
       H -5.33047e+01 -2.78590e+01  6.30623e+01             
       O -7.04471e+01 -1.31760e+01  6.27417e+01             
       H -7.08678e+01 -1.31836e+01  6.18344e+01             
       H -6.99435e+01 -1.39883e+01  6.29366e+01             
       O -7.33418e+01 -1.42089e+01  4.59279e+01             
       H -7.34629e+01 -2.63609e+01  4.50121e+01             
       H -7.41663e+01 -1.42955e+01  4.63658e+01             
       O -7.16076e+01 -2.46523e+01  4.39184e+01             
       H -7.15164e+01 -2.44001e+01  4.48311e+01             
       H -7.09767e+01 -2.41095e+01  4.34185e+01             
       O -7.55917e+01 -1.24909e+01  5.33188e+01             
       H -7.49307e+01 -1.30282e+01  5.37742e+01             
       H -7.63659e+01 -1.30229e+01  5.31784e+01             
       O -6.63804e+01  8.23691e+00  5.38707e+01             
       H -5.23359e+01 -2.51100e+01  4.89657e+01             
       H -6.62882e+01  7.73162e+00  5.30557e+01             
       O -7.23201e+01 -1.88352e+01  6.45712e+01             
       H -6.33931e+01 -2.75995e+01  6.06902e+01             
       H -8.40811e+01 -1.93798e+01  6.49858e+01             
       O -6.67615e+01 -3.05667e+01  5.76432e+01             
       H -6.60408e+01 -2.99814e+01  5.73601e+01             
       H -6.74575e+01 -2.99171e+01  5.78602e+01             
       O -6.83786e+01 -1.60178e+01  5.78593e+01             
       H -6.84429e+01 -1.56594e+01  5.87706e+01             
       H -6.92964e+01 -1.59422e+01  5.75896e+01             
       O -6.27740e+01 -4.36157e+01  5.26224e+01             
       H -6.29812e+01 -4.29700e+01  5.33581e+01             
       H -6.28561e+01 -4.44921e+01  6.54791e+01             
       O -7.35770e+01 -9.53562e+00  5.65033e+01             
       H -7.27619e+01 -9.06828e+00  5.63924e+01             
       H -7.34557e+01 -1.04421e+01  5.65975e+01             
       O -6.70281e+01 -2.04107e+01  5.58688e+01             
       H -6.70242e+01 -1.95800e+01  5.63616e+01             
       H -6.66089e+01 -2.08925e+01  5.66533e+01             
       O -6.73761e+01 -1.91456e+01  7.44503e+01             
       H -6.67651e+01 -1.91045e+01  7.37064e+01             
       H -6.80195e+01 -1.84280e+01  7.42425e+01             
       O -8.34002e+01 -1.64541e+01  4.67049e+01             
       H -8.39226e+01 -1.57192e+01  4.63569e+01             
       H -8.39393e+01 -1.67897e+01  4.74067e+01             
       O -6.18077e+01 -6.47856e+00  6.22982e+01             
       H -6.20014e+01 -6.10273e+00  6.31840e+01             
       H -6.23535e+01 -6.03652e+00  6.16167e+01             
       O -6.55012e+01 -1.39405e+01  5.31972e+01             
       H -6.59397e+01 -1.41205e+01  5.23368e+01             
       H -6.54084e+01 -1.47832e+01  4.12053e+01             
       O -6.06950e+01 -1.36203e+01  2.97970e+01             
       H -6.00008e+01 -1.38708e+01  2.91561e+01             
       H -7.26422e+01 -1.29003e+01  3.02648e+01             
       O -5.43964e+01 -1.63725e+01  3.59011e+01             
       H -5.47499e+01 -1.55754e+01  3.63511e+01             
       H -5.35696e+01 -1.65039e+01  3.62381e+01             
       O -7.13686e+01 -2.46303e+01  4.04974e+01             
       H -7.11475e+01 -2.51755e+01  3.97279e+01             
       H -7.20554e+01 -2.39151e+01  5.26152e+01             
       O -5.64823e+01 -1.50033e+01  3.92936e+01             
       H -6.64205e+01 -1.00674e+01  4.60751e+01             
       H -5.67460e+01 -1.59100e+01  3.91894e+01             
       O -6.66570e+01 -2.65835e+01  5.66598e+01             
       H -6.69196e+01 -2.62796e+01  5.58095e+01             
       H -6.73858e+01 -2.72369e+01  5.69331e+01             
       O -5.94043e+01 -1.98807e+01  4.32757e+01             
       H -5.94372e+01 -1.94829e+01  4.41408e+01             
       H -5.85368e+01 -2.01780e+01  4.31508e+01             
       O -6.00310e+01 -2.83164e+01  5.26917e+01             
       H -6.01307e+01 -2.87083e+01  5.35882e+01             
       H -5.97173e+01 -2.90701e+01  5.21619e+01             
       O -6.57725e+01 -5.69799e+00  6.39365e+01             
       H -6.63438e+01 -6.15249e+00  6.32909e+01             
       H -6.54642e+01 -6.43657e+00  6.45318e+01             
       O -5.81727e+01  5.64834e+00  7.04067e+01             
       H -5.85027e+01  5.40222e+00  7.12698e+01             
       H -5.79637e+01  6.57398e+00  7.04560e+01             
       O -6.18260e+01 -2.78632e+01  6.29559e+01             
       H -7.61134e+01 -2.34631e+01  3.91401e+01             
       H -6.11786e+01 -2.77224e+01  6.36342e+01             
       O -6.56289e+01 -1.95545e+01  5.97895e+01             
       H -5.55956e+01 -1.50066e+01  3.89204e+01             
       H -6.56455e+01 -2.04920e+01  5.94703e+01             
       O -5.88333e+01 -1.34934e+01  4.77407e+01             
       H -6.73199e+01 -4.27044e+00  5.41075e+01             
       H -5.80241e+01 -1.39889e+01  4.75412e+01             
       O -6.39767e+01 -2.67945e+01  5.74565e+01             
       H -7.73199e+01 -2.68435e+01  6.96501e+01             
       H -6.27315e+01 -1.25080e+01  6.26623e+01             
       O -8.91878e+01 -1.66217e+01  6.24880e+01             
       H -8.96482e+01 -1.73094e+01  6.29930e+01             
       H -8.83645e+01 -1.64278e+01  6.29261e+01             
       O -6.57073e+01 -3.77240e+01  4.88203e+01             
       H -6.60479e+01 -3.69972e+01  4.83697e+01             
       H -7.30771e+01 -1.87463e+01  6.51280e+01             
       O -6.56920e+01 -9.50151e+00  4.58308e+01             
       H -6.50360e+01 -1.01604e+01  4.55299e+01             
       H -8.55047e+01 -2.36706e+01  2.24803e+01             
       O -7.60914e+01 -2.39822e+01  4.50605e+01             
       H -7.56901e+01 -2.38053e+01  4.59018e+01             
       H -7.62386e+01 -2.49798e+01  4.49866e+01             
       O -6.96900e+01 -2.37382e+01  4.22060e+01             
       H -7.01822e+01 -2.39972e+01  4.13902e+01             
       H -6.87323e+01 -2.39241e+01  4.22525e+01             
       O -5.05258e+01 -2.85380e+01  5.37930e+01             
       H -5.07210e+01 -1.61707e+01  5.28413e+01             
       H -4.96342e+01 -2.83118e+01  5.39897e+01             
       O -5.99434e+01 -4.72243e+00  5.51690e+01             
       H -4.83375e+01 -5.26987e+00  5.53578e+01             
       H -5.92852e+01 -5.42177e+00  5.51854e+01             
       O -6.66510e+01  1.83963e+00  5.18914e+01             
       H -6.40481e+01 -3.07606e+01  4.74448e+01             
       H -6.78823e+01  3.79283e+00  4.84746e+01             
       O -6.96333e+01 -1.76685e+01  5.09616e+01             
       H -6.96068e+01 -1.83623e+01  5.16392e+01             
       H -7.05599e+01 -1.76384e+01  5.06940e+01             
       O -6.94680e+01 -9.63926e+00  4.54403e+01             
       H -6.94959e+01 -2.12541e+01  4.50072e+01             
       H -6.90444e+01 -9.46524e+00  4.63252e+01             
       O -7.69988e+01 -1.72297e+01  5.60818e+01             
       H -7.66476e+01 -1.63393e+01  5.60140e+01             
       H -7.74100e+01 -1.73584e+01  5.52037e+01             
       O -6.94266e+01 -2.10345e+01  5.49209e+01             
       H -6.96906e+01 -2.19287e+01  5.48021e+01             
       H -6.85146e+01 -2.09944e+01  5.52655e+01             
       O -7.55961e+01 -2.77344e+01  4.73396e+01             
       H -7.54397e+01 -2.86734e+01  5.96852e+01             
       H -7.63449e+01 -3.95648e+01  4.59598e+01             
       O -6.18774e+01 -2.14935e+01  6.20087e+01             
       H -6.27219e+01 -2.19392e+01  6.23599e+01             
       H -6.18939e+01 -2.05629e+01  6.22635e+01             
       O -6.90688e+01 -2.33497e+01  5.05727e+01             
       H -6.97036e+01 -2.28005e+01  5.10552e+01             
       H -6.95703e+01 -2.41393e+01  5.05291e+01             
       O -8.32855e+01 -1.52196e+01  5.62692e+01             
       H -8.34224e+01 -1.42916e+01  5.63685e+01             
       H -8.40506e+01 -1.55923e+01  5.57932e+01             
       O -5.89588e+01 -2.35489e+01  4.63960e+01             
       H -5.85395e+01 -2.27736e+01  4.59088e+01             
       H -5.82509e+01 -2.40121e+01  4.68909e+01             
       O -8.18943e+01 -2.03027e+01  2.73915e+01             
       H -8.18833e+01 -2.05672e+01  2.83236e+01             
       H -8.10610e+01 -2.04900e+01  2.70503e+01             
       O -7.40182e+01 -2.35223e+01  2.26720e+01             
       H -5.50801e+01 -1.05074e+01  3.89005e+01             
       H -7.39423e+01 -2.28242e+01  2.33519e+01             
       O -7.21696e+01 -1.72395e+01  4.93776e+01             
       H -7.26878e+01 -1.80270e+01  4.96281e+01             
       H -7.28086e+01 -1.65361e+01  4.94664e+01             
       O -6.86338e+01 -1.52777e+01  7.93206e+01             
       H -6.88190e+01 -1.50756e+01  7.84195e+01             
       H -6.94397e+01 -1.51714e+01  7.98809e+01             
192                                                         
# CELL(abcABC):   12.41850    12.41850    12.41850    90.00000    90.00000    90.00000  Step:      200000  Bead:       0 x_centroid{angstrom}  cell{angstrom}   
       O -9.23974e+01 -1.38472e+01  6.62426e+01             
       H -9.22166e+01 -1.30578e+01  6.67511e+01             
       H -9.26363e+01 -1.33876e+01  6.53951e+01             
       O -8.37330e+01 -1.90847e+01  6.40291e+01             
       H -7.97738e+01 -1.89507e+01  6.57791e+01             
       H -8.40637e+01 -1.82849e+01  6.35078e+01             
       O -9.42963e+01 -2.81945e+01  5.97344e+01             
       H -9.46416e+01 -1.57906e+01  5.88222e+01             
       H -9.41671e+01 -2.72989e+01  6.00212e+01             
       O -7.85399e+01 -2.12092e+01  6.29038e+01             
       H -7.85915e+01 -2.16390e+01  6.37567e+01             
       H -7.95045e+01 -2.10562e+01  6.28073e+01             
       O -7.20604e+01 -2.22921e+01  6.13988e+01             
       H -7.20589e+01 -2.13306e+01  6.11624e+01             
       H -7.27624e+01 -2.23748e+01  6.20879e+01             
       O -7.62373e+01 -2.46467e+01  7.94291e+01             
       H -7.53783e+01 -2.45540e+01  7.89928e+01             
       H -7.68297e+01 -2.41071e+01  7.89324e+01             
       O -8.51528e+01 -2.70671e+01  4.67589e+01             
       H -8.51817e+01 -2.60926e+01  4.69625e+01             
       H -8.23515e+01 -2.78437e+00  5.58853e+01             
       O -7.26256e+01 -1.75376e+01  7.96080e+01             
       H -7.27725e+01 -1.74119e+01  8.05436e+01             
       H -7.16337e+01 -2.98034e+01  7.94157e+01             
       O -8.50014e+01 -1.04971e+01  4.45163e+01             
       H -8.43839e+01 -1.11647e+01  4.41628e+01             
       H -8.53633e+01 -1.10522e+01  4.51912e+01             
       O -8.26643e+01 -2.96220e+01  6.60730e+01             
       H -8.28167e+01 -3.02049e+01  6.52860e+01             
       H -8.28574e+01 -2.87723e+01  6.57279e+01             
       O -8.26059e+01 -1.07911e+01  6.36043e+01             
       H -8.25666e+01 -9.88722e+00  6.32181e+01             
       H -8.33289e+01 -1.13054e+01  6.30827e+01             
       O -9.10941e+01 -1.35072e+01  5.85805e+01             
       H -9.02942e+01 -1.33093e+01  5.80397e+01             
       H -7.19494e+01 -1.46116e+01  5.50140e+01             
       O -6.95273e+01 -3.30637e+01  5.07179e+01             
       H -7.03158e+01 -3.25533e+01  5.08063e+01             
       H -7.12906e+01 -3.24246e+01  7.06350e+01             
       O -8.96083e+01 -2.74569e+01  5.19238e+01             
       H -9.00442e+01 -2.67841e+01  5.24673e+01             
       H -8.89665e+01 -2.70999e+01  5.12956e+01             
       O -6.34838e+01 -3.02235e+01  6.80190e+01             
       H -6.30624e+01 -3.09565e+01  6.85600e+01             
       H -6.29061e+01 -2.95571e+01  6.83146e+01             
       O -8.93356e+01 -1.48358e+01  6.74428e+01             
       H -8.86754e+01 -1.48782e+01  6.81273e+01             
       H -8.93858e+01 -1.38641e+01  6.72338e+01             
       O -7.72365e+01 -2.19546e+01  4.77692e+01             
       H -7.78668e+01 -3.47565e+01  4.71238e+01             
       H -7.76257e+01 -2.17565e+01  4.86618e+01             
       O -8.43345e+01 -2.50393e+01  5.00357e+01             
       H -8.51600e+01 -2.45840e+01  5.02096e+01             
       H -8.43431e+01 -2.59403e+01  5.04721e+01             
       O -9.29211e+01 -1.98738e+01  5.85264e+01             
       H -9.20805e+01 -1.94752e+01  5.83795e+01             
       H -9.34602e+01 -1.95222e+01  5.77683e+01             
       O -7.92860e+01 -1.62107e+00  6.19380e+01             
       H -7.10922e+01 -2.90624e+01  5.72743e+01             
       H -7.98441e+01 -1.31042e+00  6.12232e+01             
       O -7.87908e+01 -2.22489e+01  7.04487e+01             
       H -7.45778e+01 -3.42532e+01  6.35679e+01             
       H -9.16765e+01 -2.14550e+01  7.02727e+01             
       O -7.54144e+01 -3.61877e+01  6.08054e+01             
       H -7.52040e+01 -3.57779e+01  6.16463e+01             
       H -7.61987e+01 -3.56546e+01  6.05363e+01             
       O -7.68665e+01 -1.88876e+01  6.27705e+01             
       H -7.69079e+01 -1.83276e+01  6.35640e+01             
       H -7.75319e+01 -1.95952e+01  6.29353e+01             
       O -7.27344e+01 -4.27576e+01  5.78236e+01             
       H -7.35619e+01 -4.26684e+01  5.82558e+01             
       H -7.26045e+01 -4.36770e+01  7.00582e+01             
       O -8.86098e+01 -1.43854e+01  6.18176e+01             
       H -8.83708e+01 -1.34723e+01  6.15804e+01             
       H -8.79312e+01 -1.49634e+01  6.13572e+01             
       O -7.83046e+01 -2.30135e+01  6.53817e+01             
       H -7.89258e+01 -2.36508e+01  6.50035e+01             
       H -7.87060e+01 -2.26433e+01  6.62271e+01             
       O -7.62845e+01 -1.73133e+01  8.54514e+01             
       H -7.71795e+01 -1.69563e+01  8.52579e+01             
       H -7.64278e+01 -1.79006e+01  8.62439e+01             
       O -9.27194e+01 -1.66538e+01  4.99940e+01             
       H -9.35703e+01 -1.63942e+01  4.95027e+01             
       H -9.23173e+01 -1.57818e+01  5.01681e+01             
       O -7.37879e+01 -7.15836e+00  6.60936e+01             
       H -7.32140e+01 -6.44457e+00  6.64820e+01             
       H -7.47201e+01 -7.04512e+00  6.63541e+01             
       O -7.38572e+01 -1.96356e+01  6.09239e+01             
       H -7.44462e+01 -2.00284e+01  6.02609e+01             
       H -7.42855e+01 -1.98429e+01  4.93743e+01             
       O -7.89676e+01 -1.62853e+01  3.44758e+01             
       H -7.88638e+01 -1.67943e+01  3.36801e+01             
       H -9.23457e+01 -1.61820e+01  3.46226e+01             
       O -6.39296e+01 -1.74274e+01  4.02572e+01             
       H -6.42871e+01 -1.65398e+01  4.00236e+01             
       H -6.40071e+01 -1.76469e+01  4.12175e+01             
       O -8.35500e+01 -1.97159e+01  4.76761e+01             
       H -8.44076e+01 -1.92855e+01  4.78893e+01             
       H -8.28756e+01 -1.93182e+01  6.06217e+01             
       O -6.92492e+01 -1.06490e+01  4.67542e+01             
       H -7.84729e+01 -1.74039e+01  5.64406e+01             
       H -6.99504e+01 -1.01938e+01  4.71617e+01             
       O -7.88764e+01 -2.87551e+01  6.74700e+01             
       H -7.80470e+01 -2.81228e+01  6.73861e+01             
       H -7.94187e+01 -2.82158e+01  6.69163e+01             
       O -6.81398e+01 -1.86275e+01  5.18371e+01             
       H -6.85754e+01 -1.94111e+01  5.13546e+01             
       H -6.80124e+01 -1.78441e+01  5.13203e+01             
       O -6.99194e+01 -3.50942e+01  5.39943e+01             
       H -7.00037e+01 -3.53818e+01  5.30839e+01             
       H -7.08883e+01 -3.48218e+01  5.41126e+01             
       O -8.00505e+01 -1.18364e+01  6.93081e+01             
       H -8.10114e+01 -1.17341e+01  6.92275e+01             
       H -7.99703e+01 -1.24172e+01  7.00222e+01             
       O -6.36385e+01  1.38922e-02  8.20661e+01             
       H -6.33715e+01  8.47833e-01  8.25822e+01             
       H -6.37217e+01  2.40296e-01  8.10700e+01             
       O -7.14763e+01 -3.25590e+01  6.96811e+01             
       H -8.57772e+01 -2.71384e+01  4.60303e+01             
       H -7.20121e+01 -3.33941e+01  6.96935e+01             
       O -7.92907e+01 -1.88109e+01  6.66232e+01             
       H -6.88352e+01 -1.00712e+01  4.61463e+01             
       H -7.91465e+01 -1.78287e+01  6.67318e+01             
       O -7.28660e+01 -1.46130e+01  5.47201e+01             
       H -7.84175e+01 -1.42763e+01  6.16423e+01             
       H -7.29837e+01 -1.54934e+01  5.41900e+01             
       O -7.13692e+01 -2.94754e+01  6.20458e+01             
       H -8.46884e+01 -2.91455e+01  7.41182e+01             
       H -7.20678e+01 -1.95721e+01  6.43742e+01             
       O -1.00976e+02 -2.15686e+01  6.98322e+01             
       H -1.01900e+02 -2.18193e+01  6.99811e+01             
       H -1.00989e+02 -2.14506e+01  6.89226e+01             
       O -8.25776e+01 -4.13391e+01  5.71755e+01             
       H -8.21759e+01 -4.21270e+01  5.66963e+01             
       H -7.92797e+01 -2.29554e+01  6.99793e+01             
       O -7.85390e+01 -1.79240e+01  5.72344e+01             
       H -7.75409e+01 -1.80160e+01  5.73945e+01             
       H -9.81008e+01 -2.37137e+01  2.89224e+01             
       O -8.70965e+01 -3.26200e+01  5.10380e+01             
       H -8.79291e+01 -3.20702e+01  5.08936e+01             
       H -8.67530e+01 -3.22713e+01  5.18546e+01             
       O -8.60546e+01 -2.89388e+01  5.15695e+01             
       H -8.67991e+01 -2.93276e+01  5.20436e+01             
       H -8.64262e+01 -2.86817e+01  5.07222e+01             
       O -6.06751e+01 -3.67267e+01  5.95022e+01             
       H -6.15599e+01 -2.42111e+01  5.98208e+01             
       H -6.00746e+01 -3.63785e+01  6.01544e+01             
       O -6.89122e+01 -6.19224e+00  5.60053e+01             
       H -5.72097e+01 -6.70514e+00  5.56168e+01             
       H -6.80876e+01 -6.26470e+00  5.54224e+01             
       O -8.23788e+01 -2.02384e+00  5.52349e+01             
       H -6.92731e+01 -3.28767e+01  4.97950e+01             
       H -9.11394e+01 -2.08192e+00  5.87165e+01             
       O -8.07119e+01 -1.92625e+01  6.12468e+01             
       H -8.04417e+01 -1.95811e+01  6.03696e+01             
       H -8.00713e+01 -1.85000e+01  6.14011e+01             
       O -8.63262e+01 -1.60552e+01  4.86571e+01             
       H -8.66678e+01 -2.92275e+01  4.81415e+01             
       H -8.58703e+01 -1.54372e+01  4.80247e+01             
       O -8.91373e+01 -2.01480e+01  6.67545e+01             
       H -8.99791e+01 -1.96674e+01  6.69941e+01             
       H -8.93141e+01 -2.10333e+01  6.65060e+01             
       O -8.00292e+01 -2.47667e+01  6.41177e+01             
       H -7.97411e+01 -2.53433e+01  6.34279e+01             
       H -8.08814e+01 -2.43829e+01  6.36817e+01             
       O -8.66085e+01 -3.51696e+01  5.09482e+01             
       H -8.65949e+01 -3.57152e+01  6.41788e+01             
       H -8.32301e+01 -4.18392e+01  4.88878e+01             
       O -7.23751e+01 -2.21570e+01  6.67367e+01             
       H -7.24686e+01 -2.21426e+01  6.76897e+01             
       H -7.28377e+01 -2.13141e+01  6.64835e+01             
       O -8.28370e+01 -2.43671e+01  5.60587e+01             
       H -8.28022e+01 -2.53478e+01  5.58824e+01             
       H -8.24432e+01 -2.37979e+01  5.53709e+01             
       O -1.00538e+02 -1.88507e+01  5.83378e+01             
       H -1.00825e+02 -1.84256e+01  5.91213e+01             
       H -1.00486e+02 -1.98234e+01  5.84975e+01             
       O -7.45750e+01 -2.71142e+01  5.71504e+01             
       H -7.48270e+01 -2.61732e+01  5.72594e+01             
       H -7.40220e+01 -2.72094e+01  5.63245e+01             
       O -9.38394e+01 -2.54463e+01  3.56855e+01             
       H -9.44955e+01 -2.51148e+01  3.63216e+01             
       H -9.39100e+01 -2.47346e+01  3.50432e+01             
       O -8.62769e+01 -2.44222e+01  2.86391e+01             
       H -6.91627e+01 -1.45703e+01  4.22953e+01             
       H -8.58027e+01 -2.52326e+01  2.88818e+01             
       O -7.97859e+01 -2.16352e+01  5.48075e+01             
       H -8.06724e+01 -2.19254e+01  5.44991e+01             
       H -7.97438e+01 -2.07592e+01  5.44166e+01             
       O -8.38597e+01 -1.49228e+01  8.86796e+01             
       H -8.33379e+01 -1.55772e+01  8.81924e+01             
       H -8.47203e+01 -1.53965e+01  8.88436e+01             
