192                                                         
# CELL(abcABC):   12.41850    12.41850    12.41850    90.00000    90.00000    90.00000  Step:           0  Bead:       0 x_centroid{angstrom}  cell{angstrom}   
       O -7.69044e+01 -1.37053e+01  6.48021e+01             
       H -7.74838e+01 -1.40920e+01  6.41055e+01             
       H -7.66481e+01 -1.28357e+01  6.44715e+01             
       O -7.21159e+01 -1.10897e+01  6.04488e+01             
       H -6.27810e+01 -1.69197e+01  5.51507e+01             
       H -7.29088e+01 -1.10242e+01  6.09675e+01             
       O -7.01316e+01 -2.36168e+01  5.33894e+01             
       H -6.94328e+01 -1.06476e+01  5.38032e+01             
       H -7.01826e+01 -2.44264e+01  5.39553e+01             
       O -5.58785e+01 -2.19129e+01  5.47605e+01             
       H -5.63854e+01 -2.17259e+01  5.55658e+01             
       H -5.49616e+01 -2.20880e+01  5.50097e+01             
       O -5.56668e+01 -2.04234e+01  5.14140e+01             
       H -5.66122e+01 -2.04248e+01  5.14499e+01             
       H -5.53847e+01 -2.00822e+01  5.22133e+01             
       O -5.86207e+01 -1.98231e+01  6.36381e+01             
       H -5.90332e+01 -2.03305e+01  6.29402e+01             
       H -5.92135e+01 -1.99779e+01  6.44036e+01             
       O -7.04904e+01 -2.15412e+01  4.46539e+01             
       H -7.06247e+01 -2.05974e+01  4.47124e+01             
       H -5.93497e+01  1.82167e+00  5.25829e+01             
       O -5.24016e+01 -1.39614e+01  6.92549e+01             
       H -5.30322e+01 -1.35947e+01  6.85962e+01             
       H -5.26346e+01 -2.60172e+01  7.01602e+01             
       O -7.33405e+01 -7.46077e+00  4.07578e+01             
       H -7.33926e+01 -7.24775e+00  4.17020e+01             
       H -7.39156e+01 -8.22604e+00  4.06080e+01             
       O -6.57837e+01 -2.51061e+01  5.46748e+01             
       H -6.54978e+01 -2.41963e+01  5.49125e+01             
       H -6.53303e+01 -2.53409e+01  5.38489e+01             
       O -7.17682e+01 -5.85392e+00  5.99237e+01             
       H -7.25809e+01 -5.41397e+00  6.02500e+01             
       H -7.09957e+01 -5.42915e+00  6.03979e+01             
       O -6.67224e+01 -9.69973e+00  4.87432e+01             
       H -6.67129e+01 -9.92739e+00  4.96942e+01             
       H -5.64529e+01 -1.31406e+01  4.82778e+01             
       O -6.13463e+01 -2.82584e+01  4.54395e+01             
       H -6.04536e+01 -2.81077e+01  4.57482e+01             
       H -5.87496e+01 -2.49679e+01  6.07310e+01             
       O -7.11772e+01 -1.88319e+01  4.48636e+01             
       H -7.06642e+01 -1.79807e+01  4.47662e+01             
       H -7.13656e+01 -1.86380e+01  4.58683e+01             
       O -5.17612e+01 -2.16248e+01  6.15096e+01             
       H -5.26157e+01 -2.17114e+01  6.11158e+01             
       H -5.10680e+01 -2.17037e+01  6.08132e+01             
       O -6.93277e+01 -1.20770e+01  6.32540e+01             
       H -6.95187e+01 -1.19587e+01  6.41646e+01             
       H -6.88433e+01 -1.29309e+01  6.33251e+01             
       O -7.12926e+01 -1.23570e+01  4.46017e+01             
       H -7.07655e+01 -2.41441e+01  4.51051e+01             
       H -7.22084e+01 -1.21628e+01  4.45036e+01             
       O -6.80268e+01 -2.68529e+01  4.12930e+01             
       H -6.79381e+01 -2.59555e+01  4.15411e+01             
       H -6.72942e+01 -2.72523e+01  4.17744e+01             
       O -7.28965e+01 -1.32234e+01  5.34462e+01             
       H -7.20041e+01 -1.36084e+01  5.37014e+01             
       H -7.27183e+01 -1.24805e+01  5.28690e+01             
       O -6.67261e+01  8.34464e+00  4.71478e+01             
       H -4.95458e+01 -2.17062e+01  4.59100e+01             
       H -6.60483e+01  8.13512e+00  4.64802e+01             
       O -6.75671e+01 -1.94493e+01  6.13659e+01             
       H -6.45549e+01 -2.23162e+01  5.86417e+01             
       H -7.90434e+01 -1.91904e+01  6.12586e+01             
       O -6.01776e+01 -2.80715e+01  5.53414e+01             
       H -6.04825e+01 -2.83913e+01  5.62259e+01             
       H -6.10004e+01 -2.76453e+01  5.49902e+01             
       O -6.91661e+01 -1.66649e+01  5.75998e+01             
       H -6.86582e+01 -1.68171e+01  5.84112e+01             
       H -6.98396e+01 -1.59842e+01  5.78789e+01             
       O -6.19876e+01 -4.24388e+01  5.15827e+01             
       H -6.13018e+01 -4.18289e+01  5.15274e+01             
       H -6.16279e+01 -4.31645e+01  6.45471e+01             
       O -6.56329e+01 -6.75134e+00  5.21974e+01             
       H -6.54832e+01 -5.81567e+00  5.21181e+01             
       H -6.48009e+01 -7.07776e+00  5.17778e+01             
       O -6.08117e+01 -1.94895e+01  5.59473e+01             
       H -5.99563e+01 -1.92384e+01  5.63717e+01             
       H -6.09250e+01 -2.04206e+01  5.61193e+01             
       O -6.70592e+01 -1.94824e+01  6.93063e+01             
       H -6.65517e+01 -1.95123e+01  6.84622e+01             
       H -6.74636e+01 -1.86209e+01  6.92109e+01             
       O -8.35440e+01 -1.47821e+01  4.59563e+01             
       H -8.35694e+01 -1.40207e+01  4.53857e+01             
       H -8.33209e+01 -1.43533e+01  4.68384e+01             
       O -6.11374e+01 -3.85250e+00  6.10170e+01             
       H -6.03854e+01 -3.20889e+00  6.10269e+01             
       H -6.13655e+01 -4.02223e+00  6.19621e+01             
       O -6.15723e+01 -1.26550e+01  4.95433e+01             
       H -6.19943e+01 -1.31370e+01  4.87936e+01             
       H -6.09249e+01 -1.32516e+01  3.74914e+01             
       O -5.80169e+01 -1.34940e+01  2.97807e+01             
       H -5.75636e+01 -1.43124e+01  2.96905e+01             
       H -7.07784e+01 -1.34679e+01  3.06879e+01             
       O -5.28440e+01 -1.66514e+01  3.21671e+01             
       H -5.26801e+01 -1.56648e+01  3.23503e+01             
       H -5.19349e+01 -1.69460e+01  3.19399e+01             
       O -6.69271e+01 -2.33022e+01  3.87500e+01             
       H -6.78242e+01 -2.36503e+01  3.85241e+01             
       H -6.71277e+01 -2.26354e+01  5.18540e+01             
       O -5.34726e+01 -1.37777e+01  3.44140e+01             
       H -6.48713e+01 -9.31639e+00  4.31962e+01             
       H -5.37542e+01 -1.46548e+01  3.46209e+01             
       O -6.28950e+01 -2.75849e+01  5.44423e+01             
       H -6.33435e+01 -2.72122e+01  5.36341e+01             
       H -6.36000e+01 -2.73722e+01  5.51242e+01             
       O -5.21845e+01 -1.67958e+01  3.94247e+01             
       H -5.12095e+01 -1.69398e+01  3.94994e+01             
       H -5.24103e+01 -1.63857e+01  4.02400e+01             
       O -5.62440e+01 -2.71459e+01  5.10961e+01             
       H -5.61447e+01 -2.73473e+01  5.20749e+01             
       H -5.67333e+01 -2.79609e+01  5.08874e+01             
       O -6.24526e+01 -6.08235e+00  5.85593e+01             
       H -6.17933e+01 -6.17960e+00  5.78651e+01             
       H -6.23773e+01 -6.84657e+00  5.91217e+01             
       O -5.27732e+01  4.32011e+00  7.10371e+01             
       H -5.19435e+01  4.61252e+00  7.06480e+01             
       H -5.34860e+01  4.70137e+00  7.05490e+01             
       O -5.84749e+01 -2.58821e+01  6.10315e+01             
       H -6.98015e+01 -2.17434e+01  4.53205e+01             
       H -5.81383e+01 -2.57912e+01  6.18806e+01             
       O -6.29356e+01 -1.77942e+01  5.55645e+01             
       H -5.42512e+01 -1.32563e+01  3.48165e+01             
       H -6.21146e+01 -1.83634e+01  5.56702e+01             
       O -5.57620e+01 -1.25126e+01  4.79099e+01             
       H -6.63950e+01 -4.16896e+00  4.80425e+01             
       H -5.54752e+01 -1.18599e+01  4.85894e+01             
       O -6.15540e+01 -2.47245e+01  5.59934e+01             
       H -7.38385e+01 -2.50333e+01  6.74700e+01             
       H -5.92713e+01 -1.02645e+01  6.06708e+01             
       O -8.80460e+01 -1.34334e+01  5.97587e+01             
       H -8.90041e+01 -1.35464e+01  5.99970e+01             
       H -8.77301e+01 -1.43215e+01  5.95444e+01             
       O -6.21972e+01 -3.38193e+01  4.67862e+01             
       H -6.14081e+01 -3.38130e+01  4.72601e+01             
       H -6.75733e+01 -1.96158e+01  6.23591e+01             
       O -6.46412e+01 -1.02377e+01  4.32809e+01             
       H -6.46663e+01 -1.04561e+01  4.41828e+01             
       H -8.23418e+01 -2.11434e+01  2.37980e+01             
       O -7.33009e+01 -2.20203e+01  4.42137e+01             
       H -7.24116e+01 -2.22189e+01  4.44493e+01             
       H -7.36948e+01 -2.27583e+01  4.37478e+01             
       O -6.34645e+01 -2.37430e+01  3.87798e+01             
       H -6.41324e+01 -2.31757e+01  3.82852e+01             
       H -6.27662e+01 -2.39405e+01  3.81130e+01             
       O -4.79249e+01 -2.74756e+01  5.10622e+01             
       H -4.79714e+01 -1.46116e+01  5.19007e+01             
       H -4.70136e+01 -2.77009e+01  5.10644e+01             
       O -5.65880e+01 -6.24790e+00  5.38654e+01             
       H -4.33338e+01 -5.72029e+00  5.41803e+01             
       H -5.64312e+01 -7.14493e+00  5.42194e+01             
       O -6.02804e+01  1.80683e+00  5.23365e+01             
       H -6.16147e+01 -2.91182e+01  4.57462e+01             
       H -6.70896e+01  3.62496e+00  4.87609e+01             
       O -6.93813e+01 -1.71674e+01  4.85404e+01             
       H -6.88706e+01 -1.80256e+01  4.86780e+01             
       H -6.98979e+01 -1.70219e+01  4.93571e+01             
       O -6.51239e+01 -7.30591e+00  4.25389e+01             
       H -6.50688e+01 -1.95656e+01  4.15546e+01             
       H -6.45310e+01 -6.76612e+00  4.30316e+01             
       O -7.05579e+01 -1.66600e+01  5.37687e+01             
       H -7.01565e+01 -1.74807e+01  5.40531e+01             
       H -7.13483e+01 -1.64169e+01  5.42563e+01             
       O -6.26553e+01 -2.22284e+01  5.33206e+01             
       H -6.30450e+01 -2.26621e+01  5.25067e+01             
       H -6.32953e+01 -2.23332e+01  5.40056e+01             
       O -7.69043e+01 -2.32694e+01  4.60497e+01             
       H -7.62665e+01 -2.36898e+01  5.91065e+01             
       H -7.49199e+01 -3.72433e+01  4.37536e+01             
       O -6.11654e+01 -2.14601e+01  6.23679e+01             
       H -6.12384e+01 -2.20502e+01  6.31340e+01             
       H -6.16038e+01 -2.06694e+01  6.26502e+01             
       O -6.34435e+01 -1.99095e+01  5.09161e+01             
       H -6.31582e+01 -1.91124e+01  5.05296e+01             
       H -6.38448e+01 -2.03978e+01  5.02011e+01             
       O -7.96111e+01 -1.66939e+01  5.50671e+01             
       H -7.87793e+01 -1.67334e+01  5.55490e+01             
       H -8.02952e+01 -1.65913e+01  5.57410e+01             
       O -5.59456e+01 -2.25066e+01  4.59787e+01             
       H -5.51875e+01 -2.19353e+01  4.60745e+01             
       H -5.58253e+01 -2.31888e+01  4.66987e+01             
       O -7.67342e+01 -1.76338e+01  2.36897e+01             
       H -7.68279e+01 -1.67794e+01  2.40686e+01             
       H -7.61650e+01 -1.76585e+01  2.29285e+01             
       O -7.08595e+01 -2.09574e+01  2.36212e+01             
       H -4.84529e+01 -1.03891e+01  4.06216e+01             
       H -7.08110e+01 -2.01715e+01  2.30307e+01             
       O -7.04833e+01 -1.70551e+01  5.11799e+01             
       H -7.06562e+01 -1.69162e+01  5.21540e+01             
       H -7.05215e+01 -1.80779e+01  5.11088e+01             
       O -6.59821e+01 -1.52133e+01  7.47933e+01             
       H -6.68548e+01 -1.50080e+01  7.51534e+01             
       H -6.55685e+01 -1.58624e+01  7.53719e+01             
192                                                         
# CELL(abcABC):   12.41850    12.41850    12.41850    90.00000    90.00000    90.00000  Step:      200000  Bead:       0 x_centroid{angstrom}  cell{angstrom}   
       O -8.29839e+01 -2.06401e+01  7.00282e+01             
       H -8.24194e+01 -2.04060e+01  7.07850e+01             
       H -8.28242e+01 -1.98722e+01  6.94708e+01             
       O -8.73737e+01 -1.38344e+01  6.69714e+01             
       H -8.05288e+01 -2.37330e+01  6.07116e+01             
       H -8.75283e+01 -1.38707e+01  6.79352e+01             
       O -8.26985e+01 -2.74284e+01  6.06245e+01             
       H -8.25044e+01 -1.54436e+01  6.14334e+01             
       H -8.35699e+01 -2.70497e+01  6.07453e+01             
       O -7.43990e+01 -2.32291e+01  6.44811e+01             
       H -7.40184e+01 -2.38998e+01  6.39064e+01             
       H -7.41017e+01 -2.23392e+01  6.41800e+01             
       O -6.68226e+01 -2.13852e+01  5.93278e+01             
       H -6.72585e+01 -2.05338e+01  5.93335e+01             
       H -6.71102e+01 -2.19205e+01  6.01959e+01             
       O -7.43832e+01 -2.38855e+01  7.37327e+01             
       H -7.42653e+01 -2.48150e+01  7.37940e+01             
       H -7.52592e+01 -2.36580e+01  7.39525e+01             
       O -8.92488e+01 -2.49920e+01  5.26816e+01             
       H -8.86112e+01 -2.43261e+01  5.25064e+01             
       H -7.38470e+01 -2.52039e+00  5.39815e+01             
       O -6.77046e+01 -1.95974e+01  7.47157e+01             
       H -6.86059e+01 -1.97109e+01  7.49804e+01             
       H -6.78584e+01 -3.18208e+01  7.37479e+01             
       O -8.97337e+01 -1.07049e+01  4.91180e+01             
       H -8.98834e+01 -1.00542e+01  4.98299e+01             
       H -9.04327e+01 -1.14048e+01  4.92414e+01             
       O -8.11512e+01 -2.79982e+01  5.66083e+01             
       H -8.06869e+01 -2.75673e+01  5.59195e+01             
       H -8.12316e+01 -2.74041e+01  5.73740e+01             
       O -8.22327e+01 -1.14195e+01  6.83142e+01             
       H -8.19854e+01 -1.23589e+01  6.82063e+01             
       H -8.21235e+01 -1.13719e+01  6.92778e+01             
       O -8.36101e+01 -1.43308e+01  5.52948e+01             
       H -8.41211e+01 -1.48351e+01  5.46670e+01             
       H -6.37867e+01 -2.02235e+01  5.41771e+01             
       O -7.27492e+01 -3.24051e+01  5.39114e+01             
       H -7.20579e+01 -3.16558e+01  5.37069e+01             
       H -6.72621e+01 -2.74705e+01  6.67200e+01             
       O -8.58308e+01 -2.41217e+01  5.43429e+01             
       H -8.61547e+01 -2.37080e+01  5.34575e+01             
       H -8.49582e+01 -2.44407e+01  5.41601e+01             
       O -6.40006e+01 -2.94348e+01  6.69694e+01             
       H -6.34079e+01 -2.88611e+01  6.64443e+01             
       H -6.36824e+01 -3.03472e+01  6.68169e+01             
       O -7.84854e+01 -1.74359e+01  7.14275e+01             
       H -7.85057e+01 -1.77118e+01  7.05260e+01             
       H -7.83700e+01 -1.64490e+01  7.13064e+01             
       O -9.07263e+01 -1.24581e+01  5.53583e+01             
       H -9.03190e+01 -2.46030e+01  5.45497e+01             
       H -9.13288e+01 -1.31741e+01  5.50831e+01             
       O -8.31711e+01 -2.95496e+01  4.62517e+01             
       H -8.30845e+01 -2.88982e+01  4.69054e+01             
       H -8.40432e+01 -2.95628e+01  4.58733e+01             
       O -8.64176e+01 -1.59788e+01  5.96348e+01             
       H -8.68655e+01 -1.59969e+01  5.87208e+01             
       H -8.70620e+01 -1.64216e+01  6.01639e+01             
       O -7.64348e+01  3.34282e+00  5.56371e+01             
       H -6.36837e+01 -2.11615e+01  6.06894e+01             
       H -7.73007e+01  3.27327e+00  5.60896e+01             
       O -8.11175e+01 -2.60421e+01  6.46072e+01             
       H -7.92924e+01 -2.98826e+01  6.31139e+01             
       H -9.27111e+01 -2.57167e+01  6.41398e+01             
       O -7.20168e+01 -3.46549e+01  6.03768e+01             
       H -7.23215e+01 -3.37615e+01  6.02178e+01             
       H -7.28358e+01 -3.51374e+01  6.06658e+01             
       O -8.09698e+01 -2.24218e+01  6.62771e+01             
       H -8.15198e+01 -2.29590e+01  6.56783e+01             
       H -8.13513e+01 -2.27847e+01  6.71001e+01             
       O -8.01615e+01 -4.49270e+01  5.52414e+01             
       H -7.97271e+01 -4.55214e+01  5.58848e+01             
       H -8.04263e+01 -4.53158e+01  6.68205e+01             
       O -8.29327e+01 -1.13053e+01  5.86616e+01             
       H -8.37133e+01 -1.18687e+01  5.83470e+01             
       H -8.33864e+01 -1.05914e+01  5.92120e+01             
       O -7.78474e+01 -2.09253e+01  6.33150e+01             
       H -7.80151e+01 -2.15308e+01  6.40991e+01             
       H -7.86568e+01 -2.05375e+01  6.29509e+01             
       O -8.33133e+01 -2.40497e+01  7.71841e+01             
       H -8.39779e+01 -2.47286e+01  7.68316e+01             
       H -8.31724e+01 -2.35014e+01  7.63817e+01             
       O -9.44800e+01 -1.58180e+01  5.07789e+01             
       H -9.43515e+01 -1.51241e+01  5.14503e+01             
       H -9.53941e+01 -1.61216e+01  5.08944e+01             
       O -7.21657e+01 -4.58286e+00  6.28639e+01             
       H -7.30648e+01 -4.59546e+00  6.32458e+01             
       H -7.22071e+01 -5.18226e+00  6.21095e+01             
       O -7.51129e+01 -1.68311e+01  5.19230e+01             
       H -7.53971e+01 -1.61441e+01  5.12702e+01             
       H -7.54235e+01 -1.76772e+01  3.91705e+01             
       O -7.29280e+01 -1.32372e+01  3.89624e+01             
       H -7.30333e+01 -1.37343e+01  3.81724e+01             
       H -8.55717e+01 -1.38749e+01  3.96289e+01             
       O -6.65917e+01 -2.21180e+01  4.44191e+01             
       H -6.66790e+01 -2.20756e+01  4.53854e+01             
       H -6.66677e+01 -2.29836e+01  4.40634e+01             
       O -7.53229e+01 -2.81860e+01  4.46459e+01             
       H -7.59043e+01 -2.86836e+01  4.41055e+01             
       H -7.59266e+01 -2.73839e+01  5.72660e+01             
       O -6.60247e+01 -1.86188e+01  4.41959e+01             
       H -7.84395e+01 -1.21921e+01  5.16056e+01             
       H -6.68110e+01 -1.88518e+01  4.36537e+01             
       O -7.82798e+01 -3.50499e+01  6.55944e+01             
       H -7.77487e+01 -3.47369e+01  6.64327e+01             
       H -7.92185e+01 -3.51003e+01  6.57778e+01             
       O -6.37325e+01 -1.72879e+01  4.86181e+01             
       H -6.46384e+01 -1.69614e+01  4.87483e+01             
       H -6.39124e+01 -1.79356e+01  4.79213e+01             
       O -6.82926e+01 -3.10672e+01  5.95660e+01             
       H -6.90705e+01 -3.06243e+01  5.91956e+01             
       H -6.74853e+01 -3.05205e+01  5.93154e+01             
       O -7.21792e+01 -9.56580e+00  6.80391e+01             
       H -7.25870e+01 -1.04172e+01  6.78111e+01             
       H -7.14979e+01 -9.82911e+00  6.86190e+01             
       O -6.89804e+01 -1.20287e+00  7.08942e+01             
       H -6.94300e+01 -2.99191e-01  7.08770e+01             
       H -6.93682e+01 -1.76938e+00  7.16093e+01             
       O -6.77676e+01 -2.66575e+01  6.69519e+01             
       H -8.86277e+01 -2.55966e+01  5.31498e+01             
       H -6.81829e+01 -2.62681e+01  6.61137e+01             
       O -8.01000e+01 -2.30040e+01  6.11565e+01             
       H -6.54926e+01 -1.80787e+01  4.36548e+01             
       H -8.05322e+01 -2.28615e+01  6.20530e+01             
       O -6.32904e+01 -1.95224e+01  5.37907e+01             
       H -7.57522e+01 -8.79929e+00  5.62406e+01             
       H -6.23003e+01 -1.97130e+01  5.37653e+01             
       O -7.54597e+01 -2.68030e+01  6.25374e+01             
       H -8.86500e+01 -2.71557e+01  7.43952e+01             
       H -7.42919e+01 -1.30962e+01  6.69250e+01             
       O -1.00420e+02 -1.91317e+01  6.29266e+01             
       H -1.01181e+02 -1.96854e+01  6.33247e+01             
       H -1.00733e+02 -1.87413e+01  6.21044e+01             
       O -7.64501e+01 -3.28992e+01  6.01587e+01             
       H -7.72814e+01 -3.33033e+01  5.98198e+01             
       H -8.17631e+01 -2.53261e+01  6.46786e+01             
       O -7.90355e+01 -1.26468e+01  5.09724e+01             
       H -7.84283e+01 -1.32749e+01  5.05190e+01             
       H -9.68904e+01 -2.56250e+01  3.20584e+01             
       O -9.13644e+01 -2.90647e+01  5.37654e+01             
       H -9.15961e+01 -2.91007e+01  5.28122e+01             
       H -9.04184e+01 -2.93019e+01  5.37310e+01             
       O -7.86965e+01 -2.69686e+01  4.67513e+01             
       H -7.80073e+01 -2.64333e+01  4.63009e+01             
       H -7.95354e+01 -2.64992e+01  4.64843e+01             
       O -6.02138e+01 -2.99697e+01  5.66135e+01             
       H -5.94200e+01 -1.80005e+01  5.61632e+01             
       H -6.06563e+01 -2.94355e+01  5.59479e+01             
       O -7.21077e+01 -6.53459e+00  6.07202e+01             
       H -6.04932e+01 -6.28978e+00  6.01858e+01             
       H -7.13416e+01 -6.21965e+00  6.01574e+01             
       O -7.32457e+01 -3.06341e+00  5.34751e+01             
       H -7.23207e+01 -3.30390e+01  5.44561e+01             
       H -8.29295e+01 -2.48805e+00  5.56997e+01             
       O -8.33261e+01 -1.81339e+01  5.35049e+01             
       H -8.38442e+01 -1.73189e+01  5.33918e+01             
       H -8.28529e+01 -1.80874e+01  5.44209e+01             
       O -8.26370e+01 -1.01171e+01  5.00919e+01             
       H -8.27806e+01 -2.16589e+01  5.04825e+01             
       H -8.31080e+01 -1.01041e+01  4.92626e+01             
       O -8.64432e+01 -2.13988e+01  5.76473e+01             
       H -8.62551e+01 -2.06959e+01  5.82996e+01             
       H -8.57235e+01 -2.12920e+01  5.69720e+01             
       O -7.79794e+01 -2.76192e+01  6.16551e+01             
       H -7.83534e+01 -2.73659e+01  6.07893e+01             
       H -7.87134e+01 -2.80284e+01  6.21107e+01             
       O -9.19166e+01 -2.89495e+01  5.09555e+01             
       H -9.29103e+01 -2.88254e+01  6.32813e+01             
       H -8.83448e+01 -3.88016e+01  5.08207e+01             
       O -7.27442e+01 -2.61465e+01  7.29290e+01             
       H -7.32235e+01 -2.69666e+01  7.28403e+01             
       H -7.27919e+01 -2.57518e+01  7.20320e+01             
       O -7.68252e+01 -2.57574e+01  5.74422e+01             
       H -7.62517e+01 -2.50227e+01  5.77401e+01             
       H -7.73763e+01 -2.54640e+01  5.66848e+01             
       O -9.57904e+01 -2.01171e+01  6.32359e+01             
       H -9.57223e+01 -1.94577e+01  6.38804e+01             
       H -9.67433e+01 -2.01556e+01  6.31371e+01             
       O -7.47312e+01 -2.41563e+01  5.82732e+01             
       H -7.45295e+01 -2.31986e+01  5.80951e+01             
       H -7.45415e+01 -2.41643e+01  5.92593e+01             
       O -8.68995e+01 -1.88874e+01  3.41829e+01             
       H -8.76103e+01 -1.95000e+01  3.44818e+01             
       H -8.72534e+01 -1.83922e+01  3.34552e+01             
       O -8.48892e+01 -2.54296e+01  3.28801e+01             
       H -6.13128e+01 -1.61050e+01  4.04300e+01             
       H -8.56230e+01 -2.47579e+01  3.27784e+01             
       O -8.22769e+01 -1.80641e+01  5.58720e+01             
       H -8.19106e+01 -1.72548e+01  5.62782e+01             
       H -8.14818e+01 -1.86918e+01  5.57445e+01             
       O -7.35328e+01 -2.07207e+01  8.86732e+01             
       H -7.42065e+01 -2.00867e+01  8.84031e+01             
       H -7.32593e+01 -2.04642e+01  8.95930e+01             
