192                                                         
# CELL(abcABC):   12.41850    12.41850    12.41850    90.00000    90.00000    90.00000  Step:           0  Bead:       0 x_centroid{angstrom}  cell{angstrom}   
       O -7.48585e+01 -1.04932e+01  6.42948e+01             
       H -7.55227e+01 -1.01976e+01  6.36608e+01             
       H -7.47551e+01 -1.14241e+01  6.40482e+01             
       O -6.58328e+01 -8.87164e+00  5.99019e+01             
       H -6.22328e+01 -1.87137e+01  5.08844e+01             
       H -6.57936e+01 -8.65802e+00  6.07747e+01             
       O -6.70546e+01 -2.42741e+01  5.01157e+01             
       H -6.70685e+01 -1.27284e+01  5.04640e+01             
       H -6.69531e+01 -2.44976e+01  4.91935e+01             
       O -5.53596e+01 -2.17702e+01  5.30247e+01             
       H -5.57734e+01 -2.13814e+01  5.37736e+01             
       H -5.49443e+01 -2.25359e+01  5.34994e+01             
       O -5.34110e+01 -1.99116e+01  5.14957e+01             
       H -5.43347e+01 -1.94150e+01  5.16212e+01             
       H -5.34398e+01 -2.07179e+01  5.19980e+01             
       O -5.76550e+01 -1.77970e+01  6.32711e+01             
       H -5.81698e+01 -1.70190e+01  6.29983e+01             
       H -5.73276e+01 -1.81633e+01  6.24860e+01             
       O -6.55430e+01 -2.14763e+01  4.41637e+01             
       H -6.59314e+01 -2.08197e+01  4.47741e+01             
       H -5.53852e+01  2.64621e+00  4.96810e+01             
       O -4.96785e+01 -1.33690e+01  6.70066e+01             
       H -5.00459e+01 -1.26130e+01  6.75139e+01             
       H -4.94325e+01 -2.63144e+01  6.78154e+01             
       O -7.01255e+01 -7.77372e+00  4.06955e+01             
       H -7.05870e+01 -8.32837e+00  4.00256e+01             
       H -7.00533e+01 -6.85617e+00  4.03565e+01             
       O -6.43909e+01 -2.23718e+01  5.35852e+01             
       H -6.42916e+01 -2.25916e+01  5.45170e+01             
       H -6.35437e+01 -2.27210e+01  5.32357e+01             
       O -7.02338e+01 -4.41584e+00  5.85108e+01             
       H -7.06125e+01 -4.20254e+00  5.94046e+01             
       H -6.95709e+01 -3.76195e+00  5.82331e+01             
       O -6.25464e+01 -8.84208e+00  4.52712e+01             
       H -6.24089e+01 -8.69950e+00  4.61965e+01             
       H -5.61695e+01 -1.23648e+01  4.53375e+01             
       O -5.99083e+01 -2.95518e+01  4.40920e+01             
       H -5.91851e+01 -2.94561e+01  4.47575e+01             
       H -5.94772e+01 -2.64755e+01  5.79986e+01             
       O -6.93422e+01 -1.94972e+01  4.57593e+01             
       H -6.96231e+01 -1.85365e+01  4.58266e+01             
       H -6.83841e+01 -1.95526e+01  4.57577e+01             
       O -5.01278e+01 -2.38683e+01  5.99868e+01             
       H -5.04345e+01 -2.36659e+01  5.91158e+01             
       H -4.91911e+01 -2.38263e+01  5.98735e+01             
       O -6.46536e+01 -1.01574e+01  6.24801e+01             
       H -6.52303e+01 -1.08181e+01  6.28550e+01             
       H -6.45976e+01 -1.03920e+01  6.16008e+01             
       O -6.78883e+01 -1.05854e+01  4.34659e+01             
       H -6.69317e+01 -2.27123e+01  4.37140e+01             
       H -6.84291e+01 -9.80936e+00  4.36343e+01             
       O -6.63844e+01 -2.41882e+01  4.07291e+01             
       H -6.55133e+01 -2.37487e+01  4.06306e+01             
       H -6.64281e+01 -2.49355e+01  4.01026e+01             
       O -6.95264e+01 -1.17518e+01  5.19054e+01             
       H -6.94084e+01 -1.15185e+01  5.28249e+01             
       H -6.86902e+01 -1.14842e+01  5.15287e+01             
       O -6.47072e+01  8.98573e+00  4.39773e+01             
       H -4.50002e+01 -2.12681e+01  4.58706e+01             
       H -6.44035e+01  9.82366e+00  4.43043e+01             
       O -6.23140e+01 -1.78291e+01  5.93231e+01             
       H -6.18421e+01 -1.82854e+01  5.46861e+01             
       H -7.39060e+01 -1.72847e+01  5.94122e+01             
       O -5.81669e+01 -2.86923e+01  5.40411e+01             
       H -5.87957e+01 -2.90044e+01  5.47014e+01             
       H -5.81955e+01 -2.77417e+01  5.42551e+01             
       O -6.82863e+01 -1.49429e+01  5.77654e+01             
       H -6.77155e+01 -1.48210e+01  5.84889e+01             
       H -6.78876e+01 -1.54767e+01  5.70441e+01             
       O -5.94887e+01 -4.06743e+01  5.14104e+01             
       H -5.90990e+01 -4.10490e+01  5.22417e+01             
       H -5.90778e+01 -3.97842e+01  6.36266e+01             
       O -6.44872e+01 -4.57245e+00  4.86269e+01             
       H -6.54814e+01 -4.75150e+00  4.85641e+01             
       H -6.45150e+01 -3.81115e+00  4.92583e+01             
       O -5.77253e+01 -2.09371e+01  5.58117e+01             
       H -5.73014e+01 -2.02392e+01  5.63256e+01             
       H -5.78480e+01 -2.05903e+01  5.49342e+01             
       O -6.45268e+01 -1.99848e+01  6.70839e+01             
       H -6.39811e+01 -1.91692e+01  6.70249e+01             
       H -6.44328e+01 -2.05701e+01  6.63735e+01             
       O -8.03374e+01 -1.47077e+01  4.85040e+01             
       H -7.99069e+01 -1.51491e+01  4.92285e+01             
       H -8.11351e+01 -1.42688e+01  4.86795e+01             
       O -5.93322e+01 -4.40041e+00  6.09193e+01             
       H -5.97478e+01 -3.95832e+00  6.16589e+01             
       H -5.94582e+01 -5.34551e+00  6.11042e+01             
       O -5.99018e+01 -1.22328e+01  4.82566e+01             
       H -5.93577e+01 -1.26022e+01  4.75501e+01             
       H -5.95606e+01 -1.13191e+01  3.60590e+01             
       O -5.49015e+01 -1.31801e+01  3.02911e+01             
       H -5.46189e+01 -1.28157e+01  2.94368e+01             
       H -6.78599e+01 -1.24664e+01  3.07309e+01             
       O -5.11266e+01 -1.52465e+01  2.84130e+01             
       H -5.08181e+01 -1.44858e+01  2.89204e+01             
       H -5.06675e+01 -1.60001e+01  2.88070e+01             
       O -6.20565e+01 -2.11187e+01  3.58509e+01             
       H -6.22367e+01 -2.20302e+01  3.60404e+01             
       H -6.26563e+01 -2.06731e+01  4.88775e+01             
       O -4.97583e+01 -1.41899e+01  3.45390e+01             
       H -6.27951e+01 -1.05096e+01  4.40536e+01             
       H -5.02311e+01 -1.33761e+01  3.48131e+01             
       O -6.01277e+01 -2.54195e+01  5.25940e+01             
       H -5.92781e+01 -2.52294e+01  5.29745e+01             
       H -6.08352e+01 -2.55294e+01  5.32397e+01             
       O -5.15578e+01 -1.48527e+01  3.79983e+01             
       H -5.11102e+01 -1.49444e+01  3.88869e+01             
       H -5.11084e+01 -1.40575e+01  3.76519e+01             
       O -5.41533e+01 -2.66300e+01  5.11630e+01             
       H -5.44570e+01 -2.70245e+01  5.19374e+01             
       H -5.33030e+01 -2.69631e+01  5.08878e+01             
       O -6.08414e+01 -7.35659e+00  5.62602e+01             
       H -6.14487e+01 -7.95991e+00  5.67221e+01             
       H -5.99511e+01 -7.71655e+00  5.63033e+01             
       O -5.11952e+01  6.57942e+00  6.93149e+01             
       H -5.06222e+01  6.45271e+00  7.00751e+01             
       H -5.13141e+01  7.49943e+00  6.91888e+01             
       O -5.88759e+01 -2.61891e+01  5.86824e+01             
       H -6.49676e+01 -2.09938e+01  4.35523e+01             
       H -5.79478e+01 -2.62655e+01  5.84722e+01             
       O -6.14648e+01 -1.83501e+01  5.13432e+01             
       H -4.89937e+01 -1.43651e+01  3.51474e+01             
       H -6.13716e+01 -1.74687e+01  5.11478e+01             
       O -5.64630e+01 -1.21972e+01  4.62545e+01             
       H -6.56483e+01 -3.30403e+00  4.39466e+01             
       H -5.68811e+01 -1.13449e+01  4.62183e+01             
       O -5.79917e+01 -2.57023e+01  5.46287e+01             
       H -6.94387e+01 -2.55146e+01  6.70787e+01             
       H -5.36297e+01 -8.08053e+00  5.94213e+01             
       O -8.59927e+01 -1.47207e+01  5.68215e+01             
       H -8.64659e+01 -1.45554e+01  5.76635e+01             
       H -8.56237e+01 -1.56488e+01  5.68853e+01             
       O -5.76375e+01 -3.45797e+01  4.61144e+01             
       H -5.81870e+01 -3.45413e+01  4.69074e+01             
       H -6.30046e+01 -1.72277e+01  5.97077e+01             
       O -6.32970e+01 -1.12446e+01  4.35544e+01             
       H -6.38980e+01 -1.16603e+01  4.42375e+01             
       H -7.75474e+01 -1.88644e+01  2.04211e+01             
       O -7.13416e+01 -2.35019e+01  4.37354e+01             
       H -7.14533e+01 -2.35260e+01  4.46598e+01             
       H -7.09023e+01 -2.26374e+01  4.36273e+01             
       O -5.87306e+01 -2.21660e+01  3.60992e+01             
       H -5.89763e+01 -2.13172e+01  3.64917e+01             
       H -5.79239e+01 -2.22835e+01  3.65955e+01             
       O -4.59156e+01 -2.60863e+01  5.00550e+01             
       H -4.65693e+01 -1.32508e+01  4.94782e+01             
       H -4.55858e+01 -2.53789e+01  5.06014e+01             
       O -5.47513e+01 -6.73068e+00  5.49687e+01             
       H -4.13813e+01 -7.00248e+00  5.50012e+01             
       H -5.49284e+01 -6.51403e+00  5.40595e+01             
       O -5.60817e+01  3.23300e+00  4.99720e+01             
       H -6.03861e+01 -3.03642e+01  4.43788e+01             
       H -6.34654e+01  3.90516e+00  4.51720e+01             
       O -6.71088e+01 -1.73663e+01  4.76635e+01             
       H -6.77946e+01 -1.79723e+01  4.81439e+01             
       H -6.73840e+01 -1.64548e+01  4.77809e+01             
       O -6.35089e+01 -6.88012e+00  3.75846e+01             
       H -6.38858e+01 -1.85435e+01  3.70436e+01             
       H -6.42202e+01 -6.97853e+00  3.82316e+01             
       O -6.75492e+01 -1.64123e+01  5.56838e+01             
       H -6.73480e+01 -1.74132e+01  5.55377e+01             
       H -6.82078e+01 -1.61662e+01  5.50108e+01             
       O -5.90925e+01 -2.20323e+01  5.13506e+01             
       H -5.86281e+01 -2.28466e+01  5.16574e+01             
       H -6.00299e+01 -2.22166e+01  5.12482e+01             
       O -7.49944e+01 -1.80603e+01  4.16471e+01             
       H -7.46725e+01 -1.83590e+01  5.31831e+01             
       H -7.07872e+01 -3.75525e+01  4.28871e+01             
       O -5.64466e+01 -1.91977e+01  6.12619e+01             
       H -5.70215e+01 -1.96502e+01  6.06167e+01             
       H -5.61342e+01 -1.99018e+01  6.18726e+01             
       O -5.98780e+01 -1.96288e+01  4.92640e+01             
       H -6.06126e+01 -2.00973e+01  4.88228e+01             
       H -6.01091e+01 -1.93990e+01  5.01517e+01             
       O -7.87677e+01 -1.60275e+01  5.32914e+01             
       H -7.78399e+01 -1.60617e+01  5.36631e+01             
       H -7.92558e+01 -1.57367e+01  5.40547e+01             
       O -5.40615e+01 -2.43555e+01  4.71827e+01             
       H -5.39531e+01 -2.34537e+01  4.71422e+01             
       H -5.49886e+01 -2.46168e+01  4.69895e+01             
       O -7.41045e+01 -1.32681e+01  2.52226e+01             
       H -7.35422e+01 -1.30009e+01  2.44756e+01             
       H -7.35078e+01 -1.33899e+01  2.60060e+01             
       O -6.60049e+01 -1.91951e+01  2.07604e+01             
       H -4.36058e+01 -9.30165e+00  3.85367e+01             
       H -6.63392e+01 -1.84366e+01  2.12801e+01             
       O -6.79875e+01 -1.83434e+01  5.22422e+01             
       H -6.74242e+01 -1.76049e+01  5.25076e+01             
       H -6.86779e+01 -1.79223e+01  5.16904e+01             
       O -6.50789e+01 -1.27363e+01  6.98462e+01             
       H -6.56674e+01 -1.27642e+01  6.90885e+01             
       H -6.55548e+01 -1.23592e+01  7.06359e+01             
192                                                         
# CELL(abcABC):   12.41850    12.41850    12.41850    90.00000    90.00000    90.00000  Step:      200000  Bead:       0 x_centroid{angstrom}  cell{angstrom}   
       O -8.46774e+01 -1.31472e+01  6.91177e+01             
       H -8.52887e+01 -1.25652e+01  6.95903e+01             
       H -8.39063e+01 -1.26810e+01  6.88672e+01             
       O -7.47530e+01 -1.18447e+01  6.49819e+01             
       H -7.33817e+01 -2.25693e+01  5.96063e+01             
       H -7.54022e+01 -1.11609e+01  6.46453e+01             
       O -7.88483e+01 -2.41365e+01  5.74188e+01             
       H -7.89652e+01 -1.26201e+01  5.79166e+01             
       H -7.90544e+01 -2.43664e+01  5.64730e+01             
       O -6.74769e+01 -2.92444e+01  6.12918e+01             
       H -6.66450e+01 -2.89570e+01  6.06857e+01             
       H -6.74985e+01 -2.86355e+01  6.21067e+01             
       O -6.38835e+01 -2.21762e+01  5.12106e+01             
       H -6.47220e+01 -2.22256e+01  5.16584e+01             
       H -6.34045e+01 -2.13562e+01  5.14156e+01             
       O -7.23430e+01 -2.30447e+01  6.52627e+01             
       H -7.15099e+01 -2.35246e+01  6.52164e+01             
       H -7.31500e+01 -2.36033e+01  6.52832e+01             
       O -7.71430e+01 -2.62344e+01  4.99691e+01             
       H -7.75646e+01 -2.54385e+01  4.96364e+01             
       H -6.29022e+01  8.64148e-01  5.92467e+01             
       O -6.25264e+01 -1.42985e+01  7.60956e+01             
       H -6.23156e+01 -1.34931e+01  7.66017e+01             
       H -6.33859e+01 -2.65223e+01  7.56040e+01             
       O -8.02055e+01 -1.46530e+01  5.06919e+01             
       H -7.99502e+01 -1.44623e+01  5.15943e+01             
       H -8.05309e+01 -1.38767e+01  5.02485e+01             
       O -7.08853e+01 -2.75697e+01  6.27801e+01             
       H -6.99699e+01 -2.77363e+01  6.28104e+01             
       H -7.11644e+01 -2.74585e+01  6.37590e+01             
       O -8.12206e+01 -8.51598e+00  6.34213e+01             
       H -8.06822e+01 -7.85885e+00  6.29503e+01             
       H -8.12669e+01 -8.17024e+00  6.43397e+01             
       O -7.66386e+01 -8.10519e+00  5.58603e+01             
       H -7.59540e+01 -7.51125e+00  5.54227e+01             
       H -6.98215e+01 -1.83377e+01  5.64618e+01             
       O -7.12009e+01 -3.35154e+01  4.92999e+01             
       H -7.18665e+01 -3.31389e+01  4.98926e+01             
       H -7.19281e+01 -2.73353e+01  5.77952e+01             
       O -7.83751e+01 -2.38158e+01  4.86896e+01             
       H -7.87341e+01 -2.30678e+01  4.91598e+01             
       H -7.75827e+01 -2.33956e+01  4.82684e+01             
       O -6.11910e+01 -2.62832e+01  6.67438e+01             
       H -6.18776e+01 -2.68481e+01  6.71869e+01             
       H -6.07217e+01 -2.58447e+01  6.75508e+01             
       O -7.88707e+01 -1.01672e+01  6.52402e+01             
       H -7.93731e+01 -1.06868e+01  6.46102e+01             
       H -7.94554e+01 -9.29836e+00  6.53466e+01             
       O -7.85382e+01 -7.61998e+00  4.77038e+01             
       H -7.77800e+01 -2.06447e+01  4.80437e+01             
       H -7.92230e+01 -8.24597e+00  4.74222e+01             
       O -7.75023e+01 -2.79726e+01  5.28846e+01             
       H -7.65957e+01 -2.77682e+01  5.30498e+01             
       H -7.74693e+01 -2.89456e+01  5.29131e+01             
       O -8.20926e+01 -1.18347e+01  5.55878e+01             
       H -8.11361e+01 -1.19733e+01  5.58747e+01             
       H -8.22524e+01 -1.08846e+01  5.57670e+01             
       O -7.74780e+01  6.59709e+00  4.60259e+01             
       H -5.68130e+01 -3.03167e+01  5.38825e+01             
       H -7.80915e+01  5.90465e+00  4.64783e+01             
       O -7.04059e+01 -2.17087e+01  6.81538e+01             
       H -7.42155e+01 -1.97643e+01  6.02025e+01             
       H -8.37726e+01 -2.16284e+01  6.78223e+01             
       O -6.96083e+01 -3.25933e+01  5.74956e+01             
       H -7.02053e+01 -3.24110e+01  5.82063e+01             
       H -6.88599e+01 -3.30511e+01  5.79069e+01             
       O -8.30888e+01 -1.83837e+01  6.34700e+01             
       H -8.26584e+01 -1.87639e+01  6.26908e+01             
       H -8.35518e+01 -1.91511e+01  6.37417e+01             
       O -6.86719e+01 -4.52377e+01  5.35978e+01             
       H -6.92774e+01 -4.56530e+01  5.42395e+01             
       H -6.77917e+01 -4.50125e+01  6.64105e+01             
       O -7.49429e+01 -7.05334e+00  5.86673e+01             
       H -7.59170e+01 -6.70430e+00  5.86882e+01             
       H -7.44590e+01 -6.37337e+00  5.81161e+01             
       O -7.11207e+01 -2.52775e+01  6.12493e+01             
       H -7.09846e+01 -2.59302e+01  6.19737e+01             
       H -7.02098e+01 -2.50257e+01  6.09277e+01             
       O -7.41674e+01 -2.75930e+01  7.35969e+01             
       H -7.32981e+01 -2.81200e+01  7.36346e+01             
       H -7.42466e+01 -2.71453e+01  7.44639e+01             
       O -9.17900e+01 -1.21837e+01  5.46264e+01             
       H -9.17594e+01 -1.14401e+01  5.39239e+01             
       H -9.17389e+01 -1.29922e+01  5.40456e+01             
       O -7.23023e+01 -5.95995e+00  6.68446e+01             
       H -7.14557e+01 -5.54984e+00  6.65965e+01             
       H -7.29285e+01 -5.60382e+00  6.61440e+01             
       O -7.41082e+01 -1.72348e+01  5.25045e+01             
       H -7.39067e+01 -1.63022e+01  5.25607e+01             
       H -7.39095e+01 -1.73299e+01  3.91164e+01             
       O -6.52630e+01 -1.61525e+01  3.51263e+01             
       H -6.46949e+01 -1.62553e+01  3.58997e+01             
       H -7.75712e+01 -1.69098e+01  3.44749e+01             
       O -6.35839e+01 -1.67820e+01  3.71621e+01             
       H -6.27224e+01 -1.64621e+01  3.67626e+01             
       H -6.36042e+01 -1.65267e+01  3.80824e+01             
       O -7.62782e+01 -2.41907e+01  4.25662e+01             
       H -7.60811e+01 -2.38479e+01  4.34178e+01             
       H -7.70446e+01 -2.47668e+01  5.50391e+01             
       O -6.09720e+01 -1.78421e+01  4.45578e+01             
       H -6.94621e+01 -1.67574e+01  4.81599e+01             
       H -6.03422e+01 -1.80759e+01  4.38682e+01             
       O -7.08050e+01 -3.14563e+01  5.96698e+01             
       H -7.11807e+01 -3.19939e+01  6.03835e+01             
       H -7.08500e+01 -3.05479e+01  5.98924e+01             
       O -6.29017e+01 -1.61396e+01  4.35009e+01             
       H -6.22252e+01 -1.67801e+01  4.38171e+01             
       H -6.27620e+01 -1.54555e+01  4.41808e+01             
       O -6.23978e+01 -3.44722e+01  5.69644e+01             
       H -6.23297e+01 -3.36464e+01  5.74941e+01             
       H -6.17693e+01 -3.44202e+01  5.62202e+01             
       O -7.37928e+01 -1.19433e+01  6.19360e+01             
       H -7.42643e+01 -1.26419e+01  6.23529e+01             
       H -7.28493e+01 -1.21831e+01  6.19275e+01             
       O -6.29380e+01  5.14927e+00  7.60882e+01             
       H -6.33880e+01  5.96893e+00  7.63570e+01             
       H -6.27905e+01  5.22960e+00  7.50992e+01             
       O -7.16975e+01 -2.82636e+01  5.79782e+01             
       H -7.78554e+01 -2.68839e+01  4.99914e+01             
       H -7.12347e+01 -2.83839e+01  5.88498e+01             
       O -7.43102e+01 -2.27610e+01  5.99338e+01             
       H -6.03952e+01 -1.71686e+01  4.50024e+01             
       H -7.41176e+01 -2.32883e+01  6.07586e+01             
       O -6.98653e+01 -1.74158e+01  5.62056e+01             
       H -7.77433e+01 -5.56346e+00  4.51082e+01             
       H -7.05499e+01 -1.69432e+01  5.67747e+01             
       O -6.68080e+01 -1.90675e+01  6.25780e+01             
       H -7.86827e+01 -1.94134e+01  7.42262e+01             
       H -6.26419e+01 -1.19198e+01  6.59746e+01             
       O -9.77613e+01 -1.74935e+01  6.21676e+01             
       H -9.79219e+01 -1.84553e+01  6.18086e+01             
       H -9.68813e+01 -1.75403e+01  6.25525e+01             
       O -6.92943e+01 -4.19974e+01  5.33158e+01             
       H -6.94750e+01 -4.24053e+01  5.24353e+01             
       H -7.01355e+01 -2.10712e+01  6.88501e+01             
       O -7.02903e+01 -1.63481e+01  4.79134e+01             
       H -7.07307e+01 -1.60813e+01  4.87658e+01             
       H -8.88881e+01 -2.19535e+01  2.45215e+01             
       O -8.38977e+01 -2.72217e+01  5.29685e+01             
       H -8.34937e+01 -2.77701e+01  5.36699e+01             
       H -8.47380e+01 -2.67684e+01  5.33755e+01             
       O -6.82670e+01 -2.37038e+01  3.84164e+01             
       H -6.89857e+01 -2.39559e+01  3.90482e+01             
       H -6.85034e+01 -2.28504e+01  3.80244e+01             
       O -5.46192e+01 -2.66393e+01  5.87089e+01             
       H -5.49744e+01 -1.46722e+01  5.79334e+01             
       H -5.39229e+01 -2.71459e+01  5.92002e+01             
       O -6.61989e+01 -7.04002e+00  5.45418e+01             
       H -5.32058e+01 -7.60060e+00  5.52135e+01             
       H -6.62208e+01 -6.23237e+00  5.50607e+01             
       O -6.35386e+01  2.16804e-01  5.89045e+01             
       H -7.04594e+01 -3.38475e+01  4.98139e+01             
       H -7.61287e+01  3.48656e+00  5.60615e+01             
       O -7.75150e+01 -1.82108e+01  5.22715e+01             
       H -7.78724e+01 -1.87843e+01  5.30375e+01             
       H -7.83224e+01 -1.84069e+01  5.16669e+01             
       O -7.47749e+01 -1.45702e+01  4.55996e+01             
       H -7.47711e+01 -2.75260e+01  4.64257e+01             
       H -7.52641e+01 -1.37613e+01  4.58969e+01             
       O -8.01737e+01 -2.20882e+01  5.88829e+01             
       H -7.97417e+01 -2.29286e+01  5.84711e+01             
       H -8.07484e+01 -2.24511e+01  5.95240e+01             
       O -7.15628e+01 -2.25775e+01  5.94647e+01             
       H -7.14983e+01 -2.21009e+01  6.02724e+01             
       H -7.15145e+01 -2.35935e+01  5.95815e+01             
       O -8.64718e+01 -1.99684e+01  4.87197e+01             
       H -8.62222e+01 -2.09440e+01  6.11555e+01             
       H -7.96539e+01 -3.06630e+01  4.97836e+01             
       O -7.25829e+01 -2.04828e+01  6.40490e+01             
       H -7.32959e+01 -1.99091e+01  6.41097e+01             
       H -7.27936e+01 -2.13790e+01  6.43668e+01             
       O -7.00456e+01 -2.45835e+01  5.27905e+01             
       H -6.98140e+01 -2.45851e+01  5.37436e+01             
       H -7.03429e+01 -2.54496e+01  5.25806e+01             
       O -9.32600e+01 -2.52944e+01  6.08602e+01             
       H -9.25206e+01 -2.47057e+01  6.09945e+01             
       H -9.31127e+01 -2.58941e+01  6.00982e+01             
       O -6.75879e+01 -2.74963e+01  5.34353e+01             
       H -6.80867e+01 -2.83470e+01  5.33364e+01             
       H -6.66079e+01 -2.75895e+01  5.35230e+01             
       O -8.54525e+01 -2.13193e+01  2.99932e+01             
       H -8.55204e+01 -2.03941e+01  2.97806e+01             
       H -8.52175e+01 -2.18286e+01  2.91681e+01             
       O -7.66418e+01 -2.18376e+01  2.35479e+01             
       H -5.18534e+01 -1.17323e+01  4.61072e+01             
       H -7.57352e+01 -2.19809e+01  2.31217e+01             
       O -7.78074e+01 -1.71385e+01  5.59851e+01             
       H -7.85383e+01 -1.65251e+01  5.59811e+01             
       H -7.69188e+01 -1.67470e+01  5.59993e+01             
       O -8.01990e+01 -1.55136e+01  8.11408e+01             
       H -8.04285e+01 -1.51438e+01  8.02966e+01             
       H -8.07526e+01 -1.62554e+01  8.13524e+01             
