192                                                         
# CELL(abcABC):   12.41850    12.41850    12.41850    90.00000    90.00000    90.00000  Step:           0  Bead:       0 x_centroid{angstrom}  cell{angstrom}   
       O -7.93811e+01 -1.27831e+01  6.68216e+01             
       H -7.94757e+01 -1.36384e+01  6.63471e+01             
       H -7.84728e+01 -1.23473e+01  6.65647e+01             
       O -7.50262e+01 -1.28548e+01  6.13469e+01             
       H -6.58116e+01 -1.94830e+01  5.85017e+01             
       H -7.44754e+01 -1.22328e+01  6.08473e+01             
       O -7.74539e+01 -2.33553e+01  5.44531e+01             
       H -7.66524e+01 -1.12906e+01  5.40707e+01             
       H -7.72050e+01 -2.31304e+01  5.53669e+01             
       O -6.15471e+01 -2.15707e+01  5.40057e+01             
       H -6.13448e+01 -2.18912e+01  5.49437e+01             
       H -6.22080e+01 -2.22103e+01  5.37436e+01             
       O -6.00275e+01 -2.09848e+01  5.19298e+01             
       H -6.04231e+01 -2.14723e+01  5.11973e+01             
       H -6.05890e+01 -2.10235e+01  5.27394e+01             
       O -6.21004e+01 -1.88864e+01  6.84807e+01             
       H -6.28822e+01 -1.94465e+01  6.83603e+01             
       H -6.25001e+01 -1.79787e+01  6.84020e+01             
       O -7.58160e+01 -2.30488e+01  3.82228e+01             
       H -7.67408e+01 -2.29976e+01  3.85190e+01             
       H -6.63593e+01  2.04940e+00  5.28916e+01             
       O -5.47940e+01 -1.36178e+01  7.19781e+01             
       H -5.47536e+01 -1.34419e+01  7.10675e+01             
       H -5.40695e+01 -2.54691e+01  7.24269e+01             
       O -7.69942e+01 -7.84907e+00  4.05636e+01             
       H -7.70493e+01 -7.87555e+00  4.15423e+01             
       H -7.73869e+01 -8.65216e+00  4.01775e+01             
       O -6.70265e+01 -2.37906e+01  5.71422e+01             
       H -6.77183e+01 -2.30847e+01  5.74535e+01             
       H -6.72857e+01 -2.40806e+01  5.62303e+01             
       O -7.18179e+01 -6.65118e+00  6.04347e+01             
       H -7.22733e+01 -6.86972e+00  6.12555e+01             
       H -7.23863e+01 -7.10800e+00  5.97691e+01             
       O -6.60485e+01 -9.34534e+00  4.90844e+01             
       H -6.68611e+01 -9.01662e+00  4.94152e+01             
       H -5.79686e+01 -1.40194e+01  4.70057e+01             
       O -6.31823e+01 -3.13136e+01  4.73031e+01             
       H -6.24486e+01 -3.16920e+01  4.67959e+01             
       H -6.18045e+01 -2.67133e+01  6.17371e+01             
       O -7.34343e+01 -2.00421e+01  4.60993e+01             
       H -7.36230e+01 -1.95488e+01  4.52987e+01             
       H -7.36310e+01 -2.09869e+01  4.59950e+01             
       O -5.37686e+01 -2.67385e+01  6.29992e+01             
       H -5.36004e+01 -2.61089e+01  6.22715e+01             
       H -5.32274e+01 -2.75996e+01  6.28110e+01             
       O -7.02109e+01 -1.24000e+01  6.25286e+01             
       H -7.01821e+01 -1.26671e+01  6.15840e+01             
       H -6.98884e+01 -1.31508e+01  6.30250e+01             
       O -7.30748e+01 -1.44535e+01  4.40622e+01             
       H -7.37626e+01 -2.66139e+01  4.46773e+01             
       H -7.35689e+01 -1.47535e+01  4.32997e+01             
       O -7.04039e+01 -2.54882e+01  4.36869e+01             
       H -7.07168e+01 -2.51317e+01  4.45804e+01             
       H -6.97515e+01 -2.48296e+01  4.33792e+01             
       O -7.52404e+01 -1.18706e+01  5.33582e+01             
       H -7.43978e+01 -1.22853e+01  5.35187e+01             
       H -7.57871e+01 -1.26061e+01  5.30444e+01             
       O -6.49689e+01  8.11668e+00  5.39279e+01             
       H -5.24034e+01 -2.44739e+01  4.78734e+01             
       H -6.49422e+01  7.53126e+00  5.31569e+01             
       O -7.08929e+01 -1.86834e+01  6.40319e+01             
       H -6.33534e+01 -2.80578e+01  6.04097e+01             
       H -8.25879e+01 -1.90384e+01  6.45272e+01             
       O -6.62971e+01 -3.06965e+01  5.70250e+01             
       H -6.56727e+01 -2.99607e+01  5.70565e+01             
       H -6.71641e+01 -3.02541e+01  5.71072e+01             
       O -6.84583e+01 -1.68723e+01  5.74208e+01             
       H -6.84025e+01 -1.62211e+01  5.81251e+01             
       H -6.91614e+01 -1.65445e+01  5.68470e+01             
       O -6.29420e+01 -4.32135e+01  5.19380e+01             
       H -6.28319e+01 -4.26327e+01  5.26851e+01             
       H -6.32817e+01 -4.40345e+01  6.47225e+01             
       O -7.27195e+01 -9.91680e+00  5.66345e+01             
       H -7.21061e+01 -9.15446e+00  5.64667e+01             
       H -7.22204e+01 -1.05351e+01  5.71941e+01             
       O -6.48705e+01 -1.99892e+01  5.55945e+01             
       H -6.53900e+01 -1.93392e+01  5.60975e+01             
       H -6.49024e+01 -2.07724e+01  5.61707e+01             
       O -6.75201e+01 -1.83329e+01  7.35522e+01             
       H -6.71638e+01 -1.75576e+01  7.29905e+01             
       H -6.83395e+01 -1.80367e+01  7.39361e+01             
       O -8.32624e+01 -1.52239e+01  4.57553e+01             
       H -8.38676e+01 -1.50406e+01  4.50130e+01             
       H -8.37362e+01 -1.58203e+01  4.62861e+01             
       O -6.16917e+01 -6.59645e+00  6.20519e+01             
       H -6.21535e+01 -6.20237e+00  6.28579e+01             
       H -6.23777e+01 -6.37373e+00  6.13517e+01             
       O -6.45745e+01 -1.40435e+01  5.29783e+01             
       H -6.50565e+01 -1.40710e+01  5.21924e+01             
       H -6.44985e+01 -1.49647e+01  4.08646e+01             
       O -6.00655e+01 -1.28177e+01  2.90435e+01             
       H -5.97188e+01 -1.20038e+01  2.86202e+01             
       H -7.22059e+01 -1.28615e+01  2.99337e+01             
       O -5.42464e+01 -1.62119e+01  3.48452e+01             
       H -5.44908e+01 -1.52704e+01  3.48595e+01             
       H -5.32517e+01 -1.61915e+01  3.47545e+01             
       O -7.11159e+01 -2.34469e+01  3.99856e+01             
       H -7.09764e+01 -2.36587e+01  3.90377e+01             
       H -7.12934e+01 -2.25100e+01  5.22672e+01             
       O -5.64589e+01 -1.45833e+01  3.88181e+01             
       H -6.57876e+01 -1.03341e+01  4.48272e+01             
       H -5.67810e+01 -1.53371e+01  3.83115e+01             
       O -6.59650e+01 -2.68158e+01  5.63498e+01             
       H -6.64552e+01 -2.62149e+01  5.58696e+01             
       H -6.64153e+01 -2.76290e+01  5.62502e+01             
       O -5.81228e+01 -1.99373e+01  4.38777e+01             
       H -5.75653e+01 -1.95654e+01  4.45904e+01             
       H -5.83183e+01 -1.91775e+01  4.33441e+01             
       O -6.00570e+01 -2.73822e+01  5.21422e+01             
       H -5.98844e+01 -2.67531e+01  5.28418e+01             
       H -5.93209e+01 -2.80031e+01  5.23119e+01             
       O -6.65010e+01 -5.89270e+00  6.42226e+01             
       H -6.67043e+01 -6.00443e+00  6.32306e+01             
       H -6.58487e+01 -6.60053e+00  6.43939e+01             
       O -5.68124e+01  5.05089e+00  7.17780e+01             
       H -5.75538e+01  5.08386e+00  7.23610e+01             
       H -5.60345e+01  5.31580e+00  7.23084e+01             
       O -6.14502e+01 -2.74829e+01  6.21304e+01             
       H -7.53393e+01 -2.33400e+01  3.90094e+01             
       H -6.08662e+01 -2.72728e+01  6.28903e+01             
       O -6.54026e+01 -2.02240e+01  5.89922e+01             
       H -5.55015e+01 -1.45327e+01  3.85079e+01             
       H -6.52235e+01 -2.10172e+01  5.84722e+01             
       O -5.75089e+01 -1.33082e+01  4.74337e+01             
       H -6.58688e+01 -4.05890e+00  5.41338e+01             
       H -5.65859e+01 -1.35068e+01  4.72575e+01             
       O -6.34961e+01 -2.66040e+01  5.75263e+01             
       H -7.68396e+01 -2.66047e+01  6.95668e+01             
       H -6.31407e+01 -1.22148e+01  6.18330e+01             
       O -8.89110e+01 -1.62857e+01  6.26285e+01             
       H -8.91031e+01 -1.71218e+01  6.30347e+01             
       H -8.79863e+01 -1.60802e+01  6.28123e+01             
       O -6.55881e+01 -3.69998e+01  4.84048e+01             
       H -6.58832e+01 -3.60657e+01  4.86754e+01             
       H -7.14629e+01 -1.94168e+01  6.38286e+01             
       O -6.48858e+01 -9.96448e+00  4.47892e+01             
       H -6.43687e+01 -1.05850e+01  4.53195e+01             
       H -8.52770e+01 -2.34161e+01  2.21451e+01             
       O -7.62099e+01 -2.40352e+01  4.63951e+01             
       H -7.53519e+01 -2.36346e+01  4.66140e+01             
       H -7.59735e+01 -2.49069e+01  4.59592e+01             
       O -6.88890e+01 -2.33719e+01  4.19474e+01             
       H -6.95981e+01 -2.34699e+01  4.12453e+01             
       H -6.82131e+01 -2.40295e+01  4.17632e+01             
       O -4.94275e+01 -2.82000e+01  5.43613e+01             
       H -4.88187e+01 -1.64521e+01  5.40905e+01             
       H -4.93825e+01 -2.75443e+01  5.36150e+01             
       O -5.93717e+01 -5.68439e+00  5.41613e+01             
       H -4.77600e+01 -6.19070e+00  5.42108e+01             
       H -5.90515e+01 -5.91162e+00  5.32949e+01             
       O -6.61889e+01  2.27024e+00  5.19681e+01             
       H -6.40130e+01 -3.18784e+01  4.70206e+01             
       H -6.58423e+01  3.57130e+00  4.82709e+01             
       O -6.97619e+01 -1.72645e+01  4.97680e+01             
       H -7.02778e+01 -1.77926e+01  5.04072e+01             
       H -7.01570e+01 -1.69255e+01  4.89618e+01             
       O -6.88188e+01 -9.40769e+00  4.53287e+01             
       H -6.86308e+01 -2.14880e+01  4.44582e+01             
       H -6.89719e+01 -8.61427e+00  4.59341e+01             
       O -7.61102e+01 -1.68745e+01  5.63948e+01             
       H -7.60293e+01 -1.59584e+01  5.66753e+01             
       H -7.65042e+01 -1.67526e+01  5.55073e+01             
       O -6.78109e+01 -2.08959e+01  5.50079e+01             
       H -6.78744e+01 -2.18392e+01  5.47980e+01             
       H -6.68779e+01 -2.07371e+01  5.49348e+01             
       O -7.61618e+01 -2.84065e+01  4.71712e+01             
       H -7.56743e+01 -2.92201e+01  5.93764e+01             
       H -7.59401e+01 -3.95719e+01  4.58940e+01             
       O -6.12984e+01 -2.16886e+01  6.20030e+01             
       H -6.20234e+01 -2.21595e+01  6.24634e+01             
       H -6.16221e+01 -2.07390e+01  6.19377e+01             
       O -6.83774e+01 -2.13497e+01  5.08905e+01             
       H -6.86397e+01 -2.05546e+01  5.13718e+01             
       H -6.92425e+01 -2.16979e+01  5.08265e+01             
       O -8.26205e+01 -1.58485e+01  5.48845e+01             
       H -8.30655e+01 -1.50495e+01  5.50331e+01             
       H -8.31468e+01 -1.65872e+01  5.45470e+01             
       O -5.85373e+01 -2.35277e+01  4.61343e+01             
       H -5.77793e+01 -2.29303e+01  4.59844e+01             
       H -5.81516e+01 -2.44045e+01  4.65424e+01             
       O -8.11041e+01 -1.94563e+01  2.79726e+01             
       H -8.09813e+01 -1.97892e+01  2.88672e+01             
       H -8.04113e+01 -1.88254e+01  2.77901e+01             
       O -7.37583e+01 -2.33503e+01  2.25579e+01             
       H -5.45909e+01 -9.77587e+00  3.92117e+01             
       H -7.36461e+01 -2.25839e+01  2.31814e+01             
       O -7.25233e+01 -1.64746e+01  4.76388e+01             
       H -7.23095e+01 -1.74050e+01  4.80080e+01             
       H -7.28538e+01 -1.58501e+01  4.82715e+01             
       O -6.75381e+01 -1.56507e+01  7.90125e+01             
       H -6.78443e+01 -1.55687e+01  7.80902e+01             
       H -6.83768e+01 -1.58063e+01  7.95225e+01             
192                                                         
# CELL(abcABC):   12.41850    12.41850    12.41850    90.00000    90.00000    90.00000  Step:      200000  Bead:       0 x_centroid{angstrom}  cell{angstrom}   
       O -9.76353e+01 -1.15991e+01  7.30755e+01             
       H -9.85404e+01 -1.19065e+01  7.31553e+01             
       H -9.76534e+01 -1.08675e+01  7.24073e+01             
       O -7.83756e+01 -2.12064e+01  6.79184e+01             
       H -8.08029e+01 -2.82388e+01  6.42477e+01             
       H -7.90249e+01 -2.04857e+01  6.76084e+01             
       O -9.16981e+01 -2.89566e+01  5.74858e+01             
       H -9.09363e+01 -1.61149e+01  5.69454e+01             
       H -9.24893e+01 -2.84144e+01  5.73622e+01             
       O -7.78041e+01 -2.21916e+01  6.18336e+01             
       H -7.81323e+01 -2.30557e+01  6.21960e+01             
       H -7.86735e+01 -2.17761e+01  6.16857e+01             
       O -7.62704e+01 -2.21410e+01  5.97649e+01             
       H -7.58106e+01 -2.29505e+01  5.97493e+01             
       H -7.68613e+01 -2.23302e+01  6.05761e+01             
       O -7.17006e+01 -2.31554e+01  7.89932e+01             
       H -7.25167e+01 -2.30223e+01  7.84587e+01             
       H -7.10433e+01 -2.25132e+01  7.87234e+01             
       O -9.24685e+01 -3.09279e+01  4.30388e+01             
       H -9.19634e+01 -3.06216e+01  4.37501e+01             
       H -8.40598e+01 -1.74945e+00  5.90160e+01             
       O -6.51401e+01 -2.24836e+01  7.74068e+01             
       H -6.50348e+01 -2.20669e+01  7.82246e+01             
       H -6.45503e+01 -3.44366e+01  7.67960e+01             
       O -8.85621e+01 -1.45606e+01  4.93982e+01             
       H -8.94792e+01 -1.46434e+01  4.94278e+01             
       H -8.81802e+01 -1.48274e+01  5.02478e+01             
       O -7.72485e+01 -3.13856e+01  6.51684e+01             
       H -7.64500e+01 -3.19567e+01  6.50166e+01             
       H -7.76393e+01 -3.11954e+01  6.42996e+01             
       O -8.86134e+01 -1.07545e+01  6.75907e+01             
       H -8.83928e+01 -9.80375e+00  6.78092e+01             
       H -8.81065e+01 -1.08984e+01  6.67650e+01             
       O -8.27360e+01 -1.56529e+01  5.47757e+01             
       H -8.26375e+01 -1.52677e+01  5.56960e+01             
       H -6.97814e+01 -2.05316e+01  5.34351e+01             
       O -7.89339e+01 -3.73229e+01  5.81755e+01             
       H -7.96935e+01 -3.78378e+01  5.85235e+01             
       H -7.34865e+01 -2.75511e+01  7.02562e+01             
       O -9.03014e+01 -2.46051e+01  5.07695e+01             
       H -9.06827e+01 -2.45763e+01  5.16390e+01             
       H -9.06435e+01 -2.54239e+01  5.02907e+01             
       O -6.38985e+01 -2.99140e+01  7.31689e+01             
       H -6.38446e+01 -2.89393e+01  7.33157e+01             
       H -6.46419e+01 -2.99159e+01  7.24399e+01             
       O -8.57656e+01 -1.45722e+01  7.54824e+01             
       H -8.59488e+01 -1.48939e+01  7.63799e+01             
       H -8.48344e+01 -1.43104e+01  7.54669e+01             
       O -8.39572e+01 -1.32768e+01  5.31284e+01             
       H -8.48984e+01 -2.59277e+01  5.30810e+01             
       H -8.38557e+01 -1.23662e+01  5.35610e+01             
       O -9.07333e+01 -3.10385e+01  5.02796e+01             
       H -9.10388e+01 -3.18794e+01  4.99012e+01             
       H -9.00751e+01 -3.07347e+01  4.96421e+01             
       O -9.13598e+01 -1.43507e+01  6.18998e+01             
       H -9.19081e+01 -1.51682e+01  6.18613e+01             
       H -9.18025e+01 -1.37913e+01  6.12834e+01             
       O -7.96928e+01  4.60914e+00  6.13666e+01             
       H -6.43001e+01 -3.09711e+01  5.49492e+01             
       H -8.06260e+01  4.72928e+00  6.15290e+01             
       O -8.54287e+01 -1.72711e+01  7.41811e+01             
       H -8.05363e+01 -3.59535e+01  6.50605e+01             
       H -9.83350e+01 -1.79847e+01  7.38142e+01             
       O -8.17399e+01 -3.57271e+01  6.20758e+01             
       H -8.11305e+01 -3.55458e+01  6.27627e+01             
       H -8.25853e+01 -3.56888e+01  6.25345e+01             
       O -8.21617e+01 -1.79163e+01  6.41558e+01             
       H -8.27034e+01 -1.81414e+01  6.49292e+01             
       H -8.28761e+01 -1.75248e+01  6.36260e+01             
       O -7.71607e+01 -4.02582e+01  5.59501e+01             
       H -7.66819e+01 -4.11040e+01  5.59845e+01             
       H -7.74330e+01 -4.00864e+01  6.74914e+01             
       O -9.05264e+01 -1.61455e+01  6.57312e+01             
       H -9.05898e+01 -1.70464e+01  6.61060e+01             
       H -9.15151e+01 -1.58735e+01  6.55512e+01             
       O -7.57899e+01 -2.78784e+01  6.46627e+01             
       H -7.53215e+01 -2.87442e+01  6.46976e+01             
       H -7.67115e+01 -2.81172e+01  6.49009e+01             
       O -7.80699e+01 -2.06569e+01  8.31283e+01             
       H -7.80552e+01 -2.05709e+01  8.21024e+01             
       H -7.73175e+01 -2.10777e+01  8.34707e+01             
       O -9.77621e+01 -2.05922e+01  5.51437e+01             
       H -9.76481e+01 -1.96155e+01  5.50212e+01             
       H -9.68863e+01 -2.08785e+01  5.54613e+01             
       O -7.47235e+01 -1.20604e+01  6.26155e+01             
       H -7.43769e+01 -1.29520e+01  6.29023e+01             
       H -7.56839e+01 -1.21132e+01  6.26258e+01             
       O -7.85915e+01 -1.82407e+01  5.95257e+01             
       H -7.83928e+01 -1.90671e+01  5.90887e+01             
       H -7.89420e+01 -1.76347e+01  4.63997e+01             
       O -7.39270e+01 -1.75166e+01  3.95878e+01             
       H -7.35924e+01 -1.71773e+01  3.87635e+01             
       H -8.67500e+01 -1.83221e+01  3.93315e+01             
       O -6.76617e+01 -2.50354e+01  4.08449e+01             
       H -6.70693e+01 -2.51169e+01  4.16195e+01             
       H -6.77643e+01 -2.59424e+01  4.05019e+01             
       O -8.44494e+01 -2.38537e+01  4.43090e+01             
       H -8.36970e+01 -2.43643e+01  4.46005e+01             
       H -8.42904e+01 -2.37083e+01  5.57640e+01             
       O -6.96331e+01 -1.51357e+01  4.51527e+01             
       H -7.97155e+01 -1.73614e+01  5.00147e+01             
       H -6.99547e+01 -1.44719e+01  4.57977e+01             
       O -7.51423e+01 -3.33826e+01  6.91904e+01             
       H -7.42839e+01 -3.32157e+01  6.86876e+01             
       H -7.49991e+01 -3.38105e+01  7.00335e+01             
       O -7.23972e+01 -2.17161e+01  4.64660e+01             
       H -7.21727e+01 -2.23562e+01  4.57238e+01             
       H -7.15553e+01 -2.13050e+01  4.67086e+01             
       O -7.55273e+01 -2.49711e+01  5.97597e+01             
       H -7.53860e+01 -2.56471e+01  6.04617e+01             
       H -7.51232e+01 -2.50518e+01  5.88990e+01             
       O -7.45353e+01 -7.25731e+00  7.30878e+01             
       H -7.48271e+01 -8.19866e+00  7.29691e+01             
       H -7.52832e+01 -6.70422e+00  7.28820e+01             
       O -7.42793e+01 -1.57743e+00  7.83556e+01             
       H -7.50317e+01 -1.93820e+00  7.78625e+01             
       H -7.42277e+01 -1.89499e+00  7.92878e+01             
       O -7.27843e+01 -2.78909e+01  7.08493e+01             
       H -9.33825e+01 -3.10266e+01  4.33777e+01             
       H -7.27701e+01 -2.88556e+01  7.05442e+01             
       O -8.05531e+01 -2.77179e+01  6.50500e+01             
       H -6.98482e+01 -1.60304e+01  4.54582e+01             
       H -8.11370e+01 -2.81461e+01  6.57403e+01             
       O -7.00211e+01 -2.13482e+01  5.30284e+01             
       H -7.94063e+01 -7.12304e+00  6.07495e+01             
       H -6.91550e+01 -2.16638e+01  5.27308e+01             
       O -7.53434e+01 -3.28908e+01  6.40671e+01             
       H -8.79947e+01 -3.27231e+01  7.55417e+01             
       H -6.63662e+01 -2.20835e+01  6.78050e+01             
       O -9.91897e+01 -1.46749e+01  6.87376e+01             
       H -9.91980e+01 -1.37373e+01  6.91264e+01             
       H -1.00138e+02 -1.48922e+01  6.87702e+01             
       O -7.67284e+01 -4.31845e+01  5.58742e+01             
       H -7.62605e+01 -4.38866e+01  5.63040e+01             
       H -8.55354e+01 -1.65078e+01  7.35709e+01             
       O -8.01964e+01 -1.65919e+01  4.96096e+01             
       H -8.08284e+01 -1.70079e+01  4.88971e+01             
       H -9.98756e+01 -2.39543e+01  3.17246e+01             
       O -8.53401e+01 -3.11370e+01  5.78345e+01             
       H -8.53065e+01 -3.18018e+01  5.71354e+01             
       H -8.55527e+01 -3.15890e+01  5.86530e+01             
       O -8.65942e+01 -2.37034e+01  5.30191e+01             
       H -8.68513e+01 -2.36144e+01  5.20836e+01             
       H -8.66371e+01 -2.46708e+01  5.31722e+01             
       O -5.75991e+01 -3.02912e+01  5.77925e+01             
       H -5.85055e+01 -1.81273e+01  5.75600e+01             
       H -5.74477e+01 -3.03586e+01  5.87550e+01             
       O -6.96551e+01 -7.65427e+00  6.25827e+01             
       H -5.77921e+01 -8.35485e+00  6.29473e+01             
       H -6.97318e+01 -6.97177e+00  6.32780e+01             
       O -8.35371e+01 -9.20984e-01  5.92019e+01             
       H -7.81918e+01 -3.72180e+01  5.88158e+01             
       H -8.33001e+01 -2.57820e+00  5.42988e+01             
       O -8.09993e+01 -2.31546e+01  5.59678e+01             
       H -8.04959e+01 -2.39654e+01  5.56496e+01             
       H -8.05659e+01 -2.29647e+01  5.68281e+01             
       O -8.42249e+01 -1.07444e+01  5.05252e+01             
       H -8.47365e+01 -2.33519e+01  4.96844e+01             
       H -8.44854e+01 -1.14770e+01  5.10580e+01             
       O -9.26260e+01 -2.23194e+01  5.85808e+01             
       H -9.18182e+01 -2.17217e+01  5.86056e+01             
       H -9.22314e+01 -2.31690e+01  5.87372e+01             
       O -8.22449e+01 -2.10937e+01  5.97208e+01             
       H -8.23166e+01 -2.15284e+01  6.05583e+01             
       H -8.15198e+01 -2.16920e+01  5.92504e+01             
       O -9.28380e+01 -3.50698e+01  5.21435e+01             
       H -9.18442e+01 -3.49791e+01  6.46482e+01             
       H -8.67298e+01 -4.52834e+01  5.16694e+01             
       O -7.84596e+01 -2.48803e+01  6.79205e+01             
       H -7.76804e+01 -2.43115e+01  6.77685e+01             
       H -7.85361e+01 -2.48792e+01  6.89125e+01             
       O -8.10724e+01 -2.54205e+01  6.02544e+01             
       H -8.19983e+01 -2.55160e+01  6.00197e+01             
       H -8.10363e+01 -2.45690e+01  6.07721e+01             
       O -9.74317e+01 -2.04798e+01  6.42073e+01             
       H -9.72250e+01 -2.13437e+01  6.38388e+01             
       H -9.70953e+01 -2.03984e+01  6.51265e+01             
       O -6.98485e+01 -3.03743e+01  4.83308e+01             
       H -7.05698e+01 -2.99262e+01  4.87853e+01             
       H -6.98611e+01 -3.12817e+01  4.86788e+01             
       O -9.50684e+01 -2.05768e+01  3.15150e+01             
       H -9.46507e+01 -2.12055e+01  3.09793e+01             
       H -9.49259e+01 -2.09659e+01  3.23623e+01             
       O -8.69879e+01 -2.44079e+01  3.24462e+01             
       H -7.18121e+01 -1.27220e+01  4.71830e+01             
       H -8.59850e+01 -2.43499e+01  3.23450e+01             
       O -8.41729e+01 -1.80789e+01  5.36581e+01             
       H -8.38523e+01 -1.73675e+01  5.42170e+01             
       H -8.49194e+01 -1.76841e+01  5.31496e+01             
       O -8.28311e+01 -1.48148e+01  8.79490e+01             
       H -8.19225e+01 -1.47228e+01  8.76571e+01             
       H -8.27902e+01 -1.43709e+01  8.88502e+01             
