192                                                         
# CELL(abcABC):   12.41850    12.41850    12.41850    90.00000    90.00000    90.00000  Step:           0  Bead:       0 x_centroid{angstrom}  cell{angstrom}   
       O -7.90348e+01 -1.24463e+01  6.65733e+01             
       H -7.94119e+01 -1.33381e+01  6.63514e+01             
       H -7.82022e+01 -1.23405e+01  6.61144e+01             
       O -7.42474e+01 -1.21859e+01  6.11357e+01             
       H -6.54117e+01 -1.93572e+01  5.83681e+01             
       H -7.50999e+01 -1.21592e+01  6.06782e+01             
       O -7.58915e+01 -2.32733e+01  5.46668e+01             
       H -7.50691e+01 -1.12726e+01  5.43423e+01             
       H -7.61229e+01 -2.38317e+01  5.54013e+01             
       O -6.03423e+01 -2.00999e+01  5.22215e+01             
       H -6.08566e+01 -1.92677e+01  5.21054e+01             
       H -5.98432e+01 -2.01726e+01  5.30536e+01             
       O -5.83688e+01 -2.06552e+01  5.06572e+01             
       H -5.87245e+01 -2.08527e+01  4.97981e+01             
       H -5.92886e+01 -2.05735e+01  5.11273e+01             
       O -6.07731e+01 -1.93598e+01  6.76350e+01             
       H -6.17152e+01 -1.95886e+01  6.75567e+01             
       H -6.05973e+01 -1.85740e+01  6.70772e+01             
       O -7.40222e+01 -2.26264e+01  3.90846e+01             
       H -7.49330e+01 -2.27697e+01  3.91917e+01             
       H -6.44503e+01  1.99637e+00  5.30093e+01             
       O -5.45904e+01 -1.26354e+01  7.04673e+01             
       H -5.48884e+01 -1.18046e+01  6.99055e+01             
       H -5.41724e+01 -2.46670e+01  7.12488e+01             
       O -7.62432e+01 -7.37491e+00  4.00512e+01             
       H -7.62143e+01 -7.84203e+00  4.08915e+01             
       H -7.67876e+01 -7.96283e+00  3.94584e+01             
       O -6.78382e+01 -2.27233e+01  5.67361e+01             
       H -6.84704e+01 -2.22362e+01  5.72965e+01             
       H -6.83278e+01 -2.28518e+01  5.59254e+01             
       O -7.12608e+01 -7.02437e+00  6.03457e+01             
       H -7.16899e+01 -6.69336e+00  6.11212e+01             
       H -7.19428e+01 -7.13370e+00  5.96258e+01             
       O -6.75936e+01 -1.06670e+01  4.81609e+01             
       H -6.73181e+01 -1.05718e+01  4.90916e+01             
       H -5.73880e+01 -1.38637e+01  4.69876e+01             
       O -6.25548e+01 -3.16863e+01  4.72452e+01             
       H -6.19275e+01 -3.19424e+01  4.65484e+01             
       H -6.15474e+01 -2.63491e+01  6.22495e+01             
       O -7.25468e+01 -1.97680e+01  4.55368e+01             
       H -7.26533e+01 -1.95310e+01  4.46160e+01             
       H -7.27284e+01 -2.07151e+01  4.54868e+01             
       O -5.33263e+01 -2.67095e+01  6.12388e+01             
       H -5.29285e+01 -2.59955e+01  6.07098e+01             
       H -5.25801e+01 -2.72624e+01  6.15674e+01             
       O -6.98387e+01 -1.25942e+01  6.19888e+01             
       H -6.96370e+01 -1.23954e+01  6.10534e+01             
       H -6.90780e+01 -1.29690e+01  6.24517e+01             
       O -7.28453e+01 -1.51793e+01  4.36150e+01             
       H -7.38112e+01 -2.74187e+01  4.38349e+01             
       H -7.25415e+01 -1.43394e+01  4.32424e+01             
       O -7.13770e+01 -2.49729e+01  4.32247e+01             
       H -7.10676e+01 -2.43737e+01  4.38880e+01             
       H -7.07127e+01 -2.57114e+01  4.31941e+01             
       O -7.41680e+01 -1.29573e+01  5.40499e+01             
       H -7.34662e+01 -1.25534e+01  5.34833e+01             
       H -7.48218e+01 -1.33568e+01  5.34732e+01             
       O -6.55200e+01  8.06632e+00  5.36918e+01             
       H -5.22261e+01 -2.40125e+01  4.70869e+01             
       H -6.53957e+01  8.80321e+00  5.42963e+01             
       O -6.89854e+01 -1.85568e+01  6.35582e+01             
       H -6.29091e+01 -2.83154e+01  6.01766e+01             
       H -8.04750e+01 -1.87997e+01  6.37981e+01             
       O -6.55605e+01 -3.16330e+01  5.67312e+01             
       H -6.49664e+01 -3.10134e+01  5.62887e+01             
       H -6.64718e+01 -3.13595e+01  5.65655e+01             
       O -6.90491e+01 -1.65808e+01  5.78619e+01             
       H -6.82590e+01 -1.63933e+01  5.83471e+01             
       H -6.98789e+01 -1.64334e+01  5.83658e+01             
       O -6.17990e+01 -4.26392e+01  5.23288e+01             
       H -6.14884e+01 -4.17665e+01  5.26997e+01             
       H -6.27350e+01 -4.27877e+01  6.49048e+01             
       O -7.14753e+01 -8.85426e+00  5.44523e+01             
       H -7.19432e+01 -8.22239e+00  5.49970e+01             
       H -7.05397e+01 -8.69564e+00  5.43659e+01             
       O -6.32020e+01 -2.06480e+01  5.51432e+01             
       H -6.38277e+01 -2.04555e+01  5.58668e+01             
       H -6.31687e+01 -2.16501e+01  5.51539e+01             
       O -6.70899e+01 -1.82523e+01  7.34959e+01             
       H -6.67593e+01 -1.80051e+01  7.26261e+01             
       H -6.79127e+01 -1.76673e+01  7.36273e+01             
       O -8.36738e+01 -1.57232e+01  4.65032e+01             
       H -8.42517e+01 -1.51973e+01  4.59490e+01             
       H -8.41439e+01 -1.59794e+01  4.73375e+01             
       O -6.12965e+01 -6.20895e+00  6.19609e+01             
       H -6.16872e+01 -5.90950e+00  6.28172e+01             
       H -6.20222e+01 -6.11010e+00  6.13262e+01             
       O -6.44211e+01 -1.34261e+01  5.24802e+01             
       H -6.42645e+01 -1.25314e+01  5.20522e+01             
       H -6.46205e+01 -1.40134e+01  3.93033e+01             
       O -5.97011e+01 -1.15077e+01  2.84844e+01             
       H -5.96934e+01 -1.04801e+01  2.84363e+01             
       H -7.16782e+01 -1.18081e+01  2.92984e+01             
       O -5.42948e+01 -1.63415e+01  3.43523e+01             
       H -5.44499e+01 -1.56099e+01  3.50240e+01             
       H -5.32990e+01 -1.62534e+01  3.44263e+01             
       O -6.94785e+01 -2.30909e+01  3.89135e+01             
       H -6.98636e+01 -2.36911e+01  3.81472e+01             
       H -7.00380e+01 -2.23167e+01  5.12029e+01             
       O -5.55116e+01 -1.42272e+01  3.84309e+01             
       H -6.52580e+01 -1.00358e+01  4.47606e+01             
       H -5.60735e+01 -1.49387e+01  3.81309e+01             
       O -6.47338e+01 -2.55351e+01  5.63777e+01             
       H -6.54162e+01 -2.52322e+01  5.57218e+01             
       H -6.52476e+01 -2.56194e+01  5.72051e+01             
       O -5.63825e+01 -1.88814e+01  4.40641e+01             
       H -5.64425e+01 -1.81470e+01  4.46826e+01             
       H -5.66596e+01 -1.85777e+01  4.31828e+01             
       O -5.91694e+01 -2.61081e+01  5.16751e+01             
       H -5.92311e+01 -2.51783e+01  5.19734e+01             
       H -5.88704e+01 -2.60274e+01  5.07299e+01             
       O -6.47239e+01 -6.09189e+00  6.25623e+01             
       H -6.55913e+01 -5.89857e+00  6.22537e+01             
       H -6.45632e+01 -6.76218e+00  6.18640e+01             
       O -5.62748e+01  4.45172e+00  7.34475e+01             
       H -5.71619e+01  4.84643e+00  7.32203e+01             
       H -5.57374e+01  5.30093e+00  7.35623e+01             
       O -6.11890e+01 -2.70346e+01  6.28104e+01             
       H -7.37978e+01 -2.18662e+01  3.95791e+01             
       H -6.08043e+01 -2.66070e+01  6.35607e+01             
       O -6.51646e+01 -1.97840e+01  5.92347e+01             
       H -5.46548e+01 -1.41479e+01  3.80027e+01             
       H -6.56001e+01 -2.06333e+01  5.92087e+01             
       O -5.70499e+01 -1.29639e+01  4.68351e+01             
       H -6.63272e+01 -4.10597e+00  5.32704e+01             
       H -5.61615e+01 -1.30676e+01  4.65210e+01             
       O -6.30555e+01 -2.77624e+01  5.67686e+01             
       H -7.61996e+01 -2.70968e+01  6.92848e+01             
       H -6.12659e+01 -1.15103e+01  6.08115e+01             
       O -8.84380e+01 -1.59404e+01  6.23512e+01             
       H -8.88237e+01 -1.68196e+01  6.25943e+01             
       H -8.76325e+01 -1.57960e+01  6.28368e+01             
       O -6.50400e+01 -3.64485e+01  4.79429e+01             
       H -6.59028e+01 -3.59844e+01  4.79501e+01             
       H -6.95425e+01 -1.93276e+01  6.34165e+01             
       O -6.43805e+01 -9.72602e+00  4.50414e+01             
       H -6.38523e+01 -1.05399e+01  4.50221e+01             
       H -8.48171e+01 -2.29229e+01  2.11166e+01             
       O -7.53322e+01 -2.41812e+01  4.59050e+01             
       H -7.45337e+01 -2.35921e+01  4.60582e+01             
       H -7.51045e+01 -2.50654e+01  4.57531e+01             
       O -6.89749e+01 -2.31355e+01  4.17121e+01             
       H -6.95398e+01 -2.32693e+01  4.09620e+01             
       H -6.82044e+01 -2.37372e+01  4.15536e+01             
       O -4.75822e+01 -2.85357e+01  5.34353e+01             
       H -4.79706e+01 -1.58223e+01  5.43317e+01             
       H -4.73311e+01 -2.77528e+01  5.29291e+01             
       O -5.77624e+01 -5.51700e+00  5.40252e+01             
       H -4.61335e+01 -5.09462e+00  5.36810e+01             
       H -5.73335e+01 -5.79351e+00  5.31924e+01             
       O -6.45563e+01  1.96091e+00  5.20017e+01             
       H -6.34690e+01 -3.19060e+01  4.70715e+01             
       H -6.80700e+01  2.58464e+00  4.80897e+01             
       O -6.94666e+01 -1.62401e+01  4.96972e+01             
       H -6.93209e+01 -1.71122e+01  5.00700e+01             
       H -7.04365e+01 -1.62540e+01  4.94471e+01             
       O -6.92027e+01 -8.69417e+00  4.58662e+01             
       H -6.92875e+01 -2.03411e+01  4.52806e+01             
       H -6.91108e+01 -8.33804e+00  4.67482e+01             
       O -7.59869e+01 -1.78623e+01  5.54550e+01             
       H -7.55811e+01 -1.70288e+01  5.57006e+01             
       H -7.63856e+01 -1.78453e+01  5.45562e+01             
       O -6.79598e+01 -2.05410e+01  5.43013e+01             
       H -6.82455e+01 -2.14626e+01  5.43520e+01             
       H -6.78444e+01 -2.03109e+01  5.52095e+01             
       O -7.52939e+01 -2.87158e+01  4.69007e+01             
       H -7.49769e+01 -2.96082e+01  5.94738e+01             
       H -7.54049e+01 -4.04769e+01  4.52824e+01             
       O -6.10359e+01 -2.14562e+01  6.13515e+01             
       H -6.12915e+01 -2.19527e+01  6.21934e+01             
       H -6.12245e+01 -2.05766e+01  6.14605e+01             
       O -6.70888e+01 -2.24513e+01  5.08591e+01             
       H -6.71198e+01 -2.14790e+01  5.10263e+01             
       H -6.79957e+01 -2.26608e+01  5.12318e+01             
       O -8.21513e+01 -1.55433e+01  5.53837e+01             
       H -8.19424e+01 -1.58035e+01  5.62632e+01             
       H -8.23923e+01 -1.64278e+01  5.49303e+01             
       O -5.84554e+01 -2.34361e+01  4.55883e+01             
       H -5.78644e+01 -2.26581e+01  4.57523e+01             
       H -5.80307e+01 -2.40954e+01  4.61740e+01             
       O -7.88479e+01 -1.97611e+01  2.73406e+01             
       H -7.91738e+01 -2.00927e+01  2.81742e+01             
       H -7.80011e+01 -1.93013e+01  2.75403e+01             
       O -7.32651e+01 -2.26798e+01  2.15475e+01             
       H -5.31240e+01 -1.03397e+01  3.95331e+01             
       H -7.31066e+01 -2.22171e+01  2.23804e+01             
       O -7.23265e+01 -1.62683e+01  4.88826e+01             
       H -7.27251e+01 -1.71221e+01  4.90904e+01             
       H -7.27595e+01 -1.56021e+01  4.94465e+01             
       O -6.76463e+01 -1.48422e+01  7.86875e+01             
       H -6.81085e+01 -1.49119e+01  7.78423e+01             
       H -6.83422e+01 -1.51749e+01  7.92859e+01             
192                                                         
# CELL(abcABC):   12.41850    12.41850    12.41850    90.00000    90.00000    90.00000  Step:      200000  Bead:       0 x_centroid{angstrom}  cell{angstrom}   
       O -9.40944e+01 -1.53714e+01  7.51061e+01             
       H -9.41599e+01 -1.48670e+01  7.59853e+01             
       H -9.35409e+01 -1.61516e+01  7.53371e+01             
       O -8.82150e+01 -1.53878e+01  6.59567e+01             
       H -8.31605e+01 -2.30003e+01  6.06983e+01             
       H -8.89455e+01 -1.48414e+01  6.54789e+01             
       O -8.56062e+01 -2.89349e+01  6.45286e+01             
       H -8.63972e+01 -1.60063e+01  6.48326e+01             
       H -8.50105e+01 -2.91384e+01  6.52765e+01             
       O -7.31364e+01 -2.48077e+01  5.68287e+01             
       H -7.37697e+01 -2.49913e+01  5.61318e+01             
       H -7.36062e+01 -2.41284e+01  5.73861e+01             
       O -6.90104e+01 -2.60299e+01  5.79337e+01             
       H -6.99036e+01 -2.64408e+01  5.79913e+01             
       H -6.87549e+01 -2.60141e+01  5.89366e+01             
       O -7.37572e+01 -2.14446e+01  7.45645e+01             
       H -7.41239e+01 -2.22780e+01  7.47772e+01             
       H -7.43200e+01 -2.08713e+01  7.50239e+01             
       O -8.79147e+01 -2.67954e+01  4.61004e+01             
       H -8.71471e+01 -2.64562e+01  4.64819e+01             
       H -7.92959e+01  1.85836e+00  6.32232e+01             
       O -6.68842e+01 -1.69172e+01  7.95393e+01             
       H -6.60201e+01 -1.72106e+01  7.98966e+01             
       H -6.74881e+01 -3.00338e+01  7.99409e+01             
       O -9.15309e+01 -1.05577e+01  4.62797e+01             
       H -9.08669e+01 -9.88236e+00  4.60208e+01             
       H -9.09996e+01 -1.13257e+01  4.60681e+01             
       O -7.91447e+01 -2.37772e+01  6.73924e+01             
       H -7.92965e+01 -2.46112e+01  6.68973e+01             
       H -7.91045e+01 -2.39252e+01  6.82991e+01             
       O -8.34351e+01 -7.82945e+00  6.00606e+01             
       H -8.35122e+01 -8.28092e+00  5.92170e+01             
       H -8.44127e+01 -7.62531e+00  6.01089e+01             
       O -7.97885e+01 -1.30191e+01  5.27285e+01             
       H -8.07019e+01 -1.32563e+01  5.25512e+01             
       H -7.20649e+01 -1.75724e+01  5.61642e+01             
       O -7.85417e+01 -3.21200e+01  5.26064e+01             
       H -7.87625e+01 -3.26022e+01  5.17764e+01             
       H -8.12261e+01 -3.49456e+01  6.66230e+01             
       O -8.86106e+01 -2.31110e+01  5.29758e+01             
       H -8.82804e+01 -2.22882e+01  5.33443e+01             
       H -8.94713e+01 -2.30429e+01  5.25412e+01             
       O -6.51371e+01 -3.11350e+01  7.10634e+01             
       H -6.50699e+01 -3.19978e+01  7.05965e+01             
       H -6.60082e+01 -3.07442e+01  7.09409e+01             
       O -8.02690e+01 -1.75018e+01  7.04429e+01             
       H -8.04419e+01 -1.81299e+01  6.97082e+01             
       H -7.99554e+01 -1.67198e+01  6.99291e+01             
       O -8.76427e+01 -2.03425e+01  5.43589e+01             
       H -8.85452e+01 -3.25053e+01  5.46152e+01             
       H -8.73971e+01 -2.00826e+01  5.34267e+01             
       O -8.32101e+01 -2.91654e+01  5.40205e+01             
       H -8.24464e+01 -2.97453e+01  5.38942e+01             
       H -8.31919e+01 -2.89526e+01  5.49926e+01             
       O -8.97945e+01 -1.40609e+01  6.40836e+01             
       H -9.00920e+01 -1.46999e+01  6.33496e+01             
       H -9.06493e+01 -1.37618e+01  6.45534e+01             
       O -7.66886e+01  7.30823e+00  6.38708e+01             
       H -6.59573e+01 -2.59919e+01  5.96990e+01             
       H -7.64708e+01  8.09696e+00  6.44696e+01             
       O -8.13807e+01 -2.33319e+01  6.95946e+01             
       H -7.40963e+01 -3.65724e+01  6.31120e+01             
       H -9.40322e+01 -2.42641e+01  6.97994e+01             
       O -8.20257e+01 -3.40144e+01  6.21082e+01             
       H -8.26016e+01 -3.39972e+01  6.28887e+01             
       H -8.24056e+01 -3.34043e+01  6.14140e+01             
       O -7.98217e+01 -1.74274e+01  6.20518e+01             
       H -8.01980e+01 -1.73204e+01  6.11225e+01             
       H -7.97590e+01 -1.83878e+01  6.21811e+01             
       O -7.72569e+01 -4.61602e+01  5.72339e+01             
       H -7.76661e+01 -4.59448e+01  5.63750e+01             
       H -7.64121e+01 -4.66280e+01  6.94778e+01             
       O -8.49404e+01 -1.21176e+01  6.32932e+01             
       H -8.50436e+01 -1.30994e+01  6.30683e+01             
       H -8.44585e+01 -1.18224e+01  6.24639e+01             
       O -7.36528e+01 -2.51764e+01  6.00409e+01             
       H -7.27856e+01 -2.50667e+01  6.05002e+01             
       H -7.42339e+01 -2.56361e+01  6.07544e+01             
       O -8.50032e+01 -1.94514e+01  7.82057e+01             
       H -8.43921e+01 -1.99769e+01  7.76034e+01             
       H -8.44403e+01 -1.88321e+01  7.86552e+01             
       O -9.87291e+01 -1.82208e+01  5.62614e+01             
       H -9.90694e+01 -1.84453e+01  5.71077e+01             
       H -9.90870e+01 -1.88451e+01  5.55887e+01             
       O -7.15841e+01 -9.29839e+00  6.39921e+01             
       H -7.23093e+01 -9.17923e+00  6.33015e+01             
       H -7.19022e+01 -1.00600e+01  6.44769e+01             
       O -7.63219e+01 -1.66773e+01  5.99807e+01             
       H -7.66941e+01 -1.65836e+01  6.08557e+01             
       H -7.67679e+01 -1.74118e+01  4.72020e+01             
       O -7.22147e+01 -1.49208e+01  3.78256e+01             
       H -7.13179e+01 -1.48190e+01  3.80256e+01             
       H -8.49377e+01 -1.55291e+01  3.85071e+01             
       O -6.72501e+01 -2.02278e+01  3.77191e+01             
       H -6.80531e+01 -2.07203e+01  3.74803e+01             
       H -6.65618e+01 -2.05734e+01  3.71760e+01             
       O -8.42745e+01 -2.84491e+01  4.78992e+01             
       H -8.43728e+01 -2.79712e+01  4.87589e+01             
       H -8.34335e+01 -2.89863e+01  6.04156e+01             
       O -7.04559e+01 -2.11905e+01  4.50372e+01             
       H -7.58538e+01 -1.38848e+01  5.01036e+01             
       H -7.12577e+01 -2.10694e+01  4.44637e+01             
       O -7.74921e+01 -3.32776e+01  6.09838e+01             
       H -7.72654e+01 -3.41766e+01  6.06753e+01             
       H -7.76624e+01 -3.27586e+01  6.01955e+01             
       O -6.88610e+01 -1.90754e+01  5.30845e+01             
       H -6.94687e+01 -1.88556e+01  5.23149e+01             
       H -6.90684e+01 -1.99899e+01  5.32224e+01             
       O -7.39108e+01 -3.01814e+01  5.94640e+01             
       H -7.46639e+01 -2.97093e+01  5.97848e+01             
       H -7.31235e+01 -2.97162e+01  5.98720e+01             
       O -7.78937e+01 -1.28888e+01  7.01795e+01             
       H -7.70240e+01 -1.32584e+01  7.02551e+01             
       H -7.83134e+01 -1.35301e+01  6.95117e+01             
       O -7.21499e+01  1.06533e+00  7.87642e+01             
       H -7.18219e+01  5.92961e-01  7.95620e+01             
       H -7.30087e+01  6.72266e-01  7.86319e+01             
       O -8.14156e+01 -3.45386e+01  6.57390e+01             
       H -8.83406e+01 -2.74165e+01  4.66961e+01             
       H -8.23576e+01 -3.47337e+01  6.57035e+01             
       O -8.33639e+01 -2.39395e+01  6.08725e+01             
       H -7.00981e+01 -2.21070e+01  4.48865e+01             
       H -8.25091e+01 -2.44830e+01  6.07182e+01             
       O -7.11893e+01 -1.72806e+01  5.64415e+01             
       H -7.75844e+01 -5.44829e+00  6.40618e+01             
       H -7.13153e+01 -1.65850e+01  5.71472e+01             
       O -7.69636e+01 -3.08980e+01  6.79266e+01             
       H -8.86391e+01 -3.02115e+01  8.01761e+01             
       H -7.60386e+01 -1.54982e+01  6.69218e+01             
       O -1.01274e+02 -2.37443e+01  7.31408e+01             
       H -1.00458e+02 -2.40060e+01  7.27682e+01             
       H -1.01008e+02 -2.37410e+01  7.40640e+01             
       O -7.83833e+01 -3.83352e+01  6.06594e+01             
       H -7.78006e+01 -3.75846e+01  6.08177e+01             
       H -8.06972e+01 -2.31690e+01  7.02421e+01             
       O -7.52247e+01 -1.39880e+01  4.93815e+01             
       H -7.51614e+01 -1.49150e+01  4.93165e+01             
       H -9.71255e+01 -2.64658e+01  3.27829e+01             
       O -8.78018e+01 -2.83297e+01  5.61600e+01             
       H -8.69375e+01 -2.88082e+01  5.62478e+01             
       H -8.78911e+01 -2.77600e+01  5.69827e+01             
       O -8.12862e+01 -2.58404e+01  4.82825e+01             
       H -8.03510e+01 -2.56490e+01  4.84375e+01             
       H -8.15209e+01 -2.65737e+01  4.89005e+01             
       O -6.12948e+01 -3.28667e+01  5.95889e+01             
       H -6.15555e+01 -2.07377e+01  6.04739e+01             
       H -6.15124e+01 -3.18760e+01  5.94905e+01             
       O -7.42186e+01 -9.95473e+00  5.76315e+01             
       H -6.16425e+01 -9.44552e+00  5.84489e+01             
       H -7.39687e+01 -9.39773e+00  5.68753e+01             
       O -7.89658e+01  1.76398e+00  6.41401e+01             
       H -7.93641e+01 -3.16171e+01  5.28570e+01             
       H -7.97126e+01  1.83774e-01  5.21754e+01             
       O -8.49606e+01 -2.13356e+01  5.55769e+01             
       H -8.47851e+01 -2.22607e+01  5.51815e+01             
       H -8.53249e+01 -2.07357e+01  5.49388e+01             
       O -8.27709e+01 -1.38599e+01  5.25231e+01             
       H -8.29158e+01 -2.68742e+01  5.32753e+01             
       H -8.33505e+01 -1.31072e+01  5.23343e+01             
       O -8.72492e+01 -1.96165e+01  6.41011e+01             
       H -8.65602e+01 -1.89465e+01  6.41206e+01             
       H -8.81042e+01 -1.90947e+01  6.39631e+01             
       O -7.97278e+01 -2.34239e+01  6.16248e+01             
       H -7.93002e+01 -2.35025e+01  6.07722e+01             
       H -8.05995e+01 -2.29346e+01  6.16534e+01             
       O -8.74237e+01 -3.62396e+01  5.04875e+01             
       H -8.77283e+01 -3.59978e+01  6.37766e+01             
       H -8.95518e+01 -4.30904e+01  5.64377e+01             
       O -7.87452e+01 -2.11909e+01  6.72272e+01             
       H -7.88346e+01 -2.21026e+01  6.69840e+01             
       H -7.85020e+01 -2.06769e+01  6.64396e+01             
       O -7.93816e+01 -2.68740e+01  5.62910e+01             
       H -8.01927e+01 -2.68862e+01  5.68260e+01             
       H -7.93937e+01 -2.75951e+01  5.55991e+01             
       O -9.45426e+01 -1.78094e+01  6.02615e+01             
       H -9.40991e+01 -1.75933e+01  5.94293e+01             
       H -9.49504e+01 -1.87081e+01  6.02225e+01             
       O -7.02378e+01 -3.09083e+01  5.07218e+01             
       H -7.11697e+01 -3.05237e+01  5.07519e+01             
       H -6.98125e+01 -3.03564e+01  5.00108e+01             
       O -9.32671e+01 -1.91848e+01  3.12978e+01             
       H -9.39998e+01 -1.97823e+01  3.16328e+01             
       H -9.25747e+01 -1.97221e+01  3.09639e+01             
       O -8.38917e+01 -2.69476e+01  3.31093e+01             
       H -6.71656e+01 -1.00918e+01  5.22341e+01             
       H -8.40766e+01 -2.72936e+01  3.40673e+01             
       O -8.70237e+01 -2.51142e+01  5.40735e+01             
       H -8.77817e+01 -2.47850e+01  5.35640e+01             
       H -8.72693e+01 -2.60592e+01  5.40801e+01             
       O -7.78992e+01 -1.55540e+01  8.68166e+01             
       H -7.86865e+01 -1.61244e+01  8.68325e+01             
       H -7.81509e+01 -1.47843e+01  8.62913e+01             
