192                                                         
# CELL(abcABC):   12.41850    12.41850    12.41850    90.00000    90.00000    90.00000  Step:           0  Bead:       0 x_centroid{angstrom}  cell{angstrom}   
       O -8.02533e+01 -1.17180e+01  6.71216e+01             
       H -7.96318e+01 -1.22104e+01  6.65973e+01             
       H -7.97400e+01 -1.15408e+01  6.78945e+01             
       O -7.62427e+01 -1.30165e+01  6.18215e+01             
       H -6.72691e+01 -2.02288e+01  6.04543e+01             
       H -7.61985e+01 -1.25311e+01  6.09885e+01             
       O -7.73501e+01 -2.34987e+01  5.56310e+01             
       H -7.69653e+01 -1.14262e+01  5.47674e+01             
       H -7.68901e+01 -2.39208e+01  5.63383e+01             
       O -6.24068e+01 -2.11843e+01  5.43560e+01             
       H -6.20938e+01 -2.17067e+01  5.51147e+01             
       H -6.33699e+01 -2.10576e+01  5.43776e+01             
       O -6.16777e+01 -2.24934e+01  5.22119e+01             
       H -6.22776e+01 -2.21481e+01  5.15483e+01             
       H -6.18663e+01 -2.20811e+01  5.30235e+01             
       O -6.32756e+01 -1.74813e+01  6.68334e+01             
       H -6.35133e+01 -1.66165e+01  6.64152e+01             
       H -6.40856e+01 -1.78773e+01  6.72130e+01             
       O -7.77486e+01 -2.38786e+01  3.89087e+01             
       H -7.86133e+01 -2.36549e+01  3.91971e+01             
       H -6.75415e+01  2.16018e+00  5.35484e+01             
       O -5.73156e+01 -1.48333e+01  7.26403e+01             
       H -5.67386e+01 -1.47588e+01  7.33569e+01             
       H -5.82175e+01 -2.68996e+01  7.28617e+01             
       O -7.74201e+01 -8.15260e+00  4.17085e+01             
       H -7.79346e+01 -8.07823e+00  4.25582e+01             
       H -7.80461e+01 -8.73311e+00  4.12676e+01             
       O -6.83015e+01 -2.37543e+01  5.81086e+01             
       H -6.91939e+01 -2.34523e+01  5.83183e+01             
       H -6.83850e+01 -2.47225e+01  5.79901e+01             
       O -7.21987e+01 -7.74847e+00  6.09077e+01             
       H -7.23947e+01 -7.93400e+00  6.18872e+01             
       H -7.30396e+01 -7.75457e+00  6.04373e+01             
       O -6.84450e+01 -1.06445e+01  4.89321e+01             
       H -6.86628e+01 -1.02850e+01  4.98618e+01             
       H -6.05533e+01 -1.45548e+01  4.88814e+01             
       O -6.41481e+01 -3.20026e+01  4.95209e+01             
       H -6.34198e+01 -3.16608e+01  4.89961e+01             
       H -6.24295e+01 -2.64002e+01  6.23483e+01             
       O -7.41743e+01 -1.99820e+01  4.68408e+01             
       H -7.47487e+01 -1.92459e+01  4.65631e+01             
       H -7.45527e+01 -2.07064e+01  4.63834e+01             
       O -5.45615e+01 -2.76117e+01  6.33111e+01             
       H -5.43160e+01 -2.68978e+01  6.26917e+01             
       H -5.37512e+01 -2.80870e+01  6.33215e+01             
       O -7.06750e+01 -1.27235e+01  6.32057e+01             
       H -7.11957e+01 -1.26042e+01  6.23722e+01             
       H -7.01908e+01 -1.35623e+01  6.30354e+01             
       O -7.57283e+01 -1.79281e+01  4.60138e+01             
       H -7.57334e+01 -3.00328e+01  4.51067e+01             
       H -7.66806e+01 -1.79446e+01  4.63007e+01             
       O -7.24461e+01 -2.50603e+01  4.44078e+01             
       H -7.25695e+01 -2.48248e+01  4.53282e+01             
       H -7.16655e+01 -2.46321e+01  4.40487e+01             
       O -7.59316e+01 -1.18493e+01  5.31265e+01             
       H -7.52610e+01 -1.13062e+01  5.28147e+01             
       H -7.54313e+01 -1.24528e+01  5.36265e+01             
       O -6.67949e+01  8.17413e+00  5.41053e+01             
       H -5.53638e+01 -2.47101e+01  4.88865e+01             
       H -6.62585e+01  7.72452e+00  5.34058e+01             
       O -7.21921e+01 -2.10158e+01  6.34957e+01             
       H -6.48515e+01 -2.91115e+01  6.12484e+01             
       H -8.53044e+01 -2.17015e+01  6.37748e+01             
       O -6.70532e+01 -3.04201e+01  5.75742e+01             
       H -6.63180e+01 -2.99331e+01  5.71466e+01             
       H -6.78234e+01 -3.00432e+01  5.70581e+01             
       O -6.97094e+01 -1.73823e+01  5.72835e+01             
       H -7.00719e+01 -1.75664e+01  5.81502e+01             
       H -7.03517e+01 -1.67382e+01  5.68048e+01             
       O -6.01021e+01 -4.39153e+01  5.31166e+01             
       H -5.92725e+01 -4.40101e+01  5.36309e+01             
       H -6.07759e+01 -4.42546e+01  6.61598e+01             
       O -7.40308e+01 -9.40616e+00  5.68487e+01             
       H -7.31070e+01 -9.10995e+00  5.68194e+01             
       H -7.38614e+01 -1.03585e+01  5.68606e+01             
       O -6.68076e+01 -2.04367e+01  5.63821e+01             
       H -6.66584e+01 -1.96168e+01  5.68751e+01             
       H -6.64030e+01 -2.11260e+01  5.69338e+01             
       O -6.79891e+01 -1.88723e+01  7.57730e+01             
       H -6.78132e+01 -1.90558e+01  7.49079e+01             
       H -6.89563e+01 -1.88355e+01  7.58712e+01             
       O -8.63251e+01 -1.56833e+01  4.64186e+01             
       H -8.58811e+01 -1.62296e+01  4.57480e+01             
       H -8.72464e+01 -1.60620e+01  4.63849e+01             
       O -6.26729e+01 -6.39614e+00  6.44283e+01             
       H -6.30174e+01 -6.23117e+00  6.53181e+01             
       H -6.34038e+01 -6.85619e+00  6.40292e+01             
       O -6.61237e+01 -1.38456e+01  5.32589e+01             
       H -6.65172e+01 -1.41020e+01  5.24170e+01             
       H -6.64444e+01 -1.45972e+01  4.13644e+01             
       O -6.17843e+01 -1.33630e+01  2.98437e+01             
       H -6.09462e+01 -1.30486e+01  2.94323e+01             
       H -7.40472e+01 -1.31834e+01  3.07974e+01             
       O -5.59090e+01 -1.87823e+01  3.53117e+01             
       H -5.68812e+01 -1.84086e+01  3.53941e+01             
       H -5.56012e+01 -1.84943e+01  3.44253e+01             
       O -7.21921e+01 -2.45245e+01  4.06428e+01             
       H -7.17084e+01 -2.49549e+01  3.99445e+01             
       H -7.28109e+01 -2.40357e+01  5.25070e+01             
       O -5.72636e+01 -1.54329e+01  3.83587e+01             
       H -6.69356e+01 -1.02822e+01  4.59656e+01             
       H -5.75501e+01 -1.63063e+01  3.84391e+01             
       O -6.86269e+01 -2.64661e+01  5.79745e+01             
       H -6.86675e+01 -2.70934e+01  5.72448e+01             
       H -6.91145e+01 -2.69252e+01  5.86545e+01             
       O -5.94989e+01 -2.01874e+01  4.44777e+01             
       H -5.97591e+01 -1.98986e+01  4.53487e+01             
       H -5.86434e+01 -2.05696e+01  4.45027e+01             
       O -6.03453e+01 -2.78436e+01  5.22989e+01             
       H -6.07642e+01 -2.85367e+01  5.27432e+01             
       H -5.96706e+01 -2.81878e+01  5.16817e+01             
       O -6.57698e+01 -5.85384e+00  6.47745e+01             
       H -6.66081e+01 -6.00341e+00  6.43438e+01             
       H -6.56561e+01 -6.64191e+00  6.53227e+01             
       O -5.86016e+01  6.78441e+00  7.25996e+01             
       H -5.91329e+01  6.12073e+00  7.30493e+01             
       H -5.89836e+01  7.68317e+00  7.26518e+01             
       O -6.17615e+01 -2.71058e+01  6.25610e+01             
       H -7.73983e+01 -2.43688e+01  3.97002e+01             
       H -6.13277e+01 -2.69569e+01  6.34168e+01             
       O -6.65504e+01 -2.09082e+01  6.05809e+01             
       H -5.63134e+01 -1.55853e+01  3.83390e+01             
       H -6.62794e+01 -2.13022e+01  5.97501e+01             
       O -5.98907e+01 -1.46209e+01  4.81424e+01             
       H -6.76967e+01 -4.38301e+00  5.37777e+01             
       H -6.04354e+01 -1.48929e+01  4.72958e+01             
       O -6.57318e+01 -2.72121e+01  5.84362e+01             
       H -7.90080e+01 -2.68012e+01  7.10345e+01             
       H -6.43476e+01 -1.25175e+01  6.24402e+01             
       O -8.90994e+01 -1.65210e+01  6.29245e+01             
       H -8.90551e+01 -1.71782e+01  6.35638e+01             
       H -8.82546e+01 -1.60707e+01  6.29680e+01             
       O -6.71931e+01 -3.79334e+01  4.89177e+01             
       H -6.63310e+01 -3.75355e+01  4.87742e+01             
       H -7.23098e+01 -2.02717e+01  6.41766e+01             
       O -6.60851e+01 -9.84632e+00  4.58759e+01             
       H -6.55253e+01 -1.06416e+01  4.60669e+01             
       H -8.72478e+01 -2.32052e+01  2.28402e+01             
       O -7.66708e+01 -2.49482e+01  4.57383e+01             
       H -7.63178e+01 -2.44788e+01  4.64601e+01             
       H -7.68912e+01 -2.57916e+01  4.60707e+01             
       O -7.05707e+01 -2.39780e+01  4.29792e+01             
       H -7.10221e+01 -2.41861e+01  4.21757e+01             
       H -6.96394e+01 -2.41868e+01  4.28254e+01             
       O -5.10939e+01 -2.76196e+01  5.33241e+01             
       H -5.04985e+01 -1.46188e+01  5.38180e+01             
       H -5.18376e+01 -2.70983e+01  5.31483e+01             
       O -6.10712e+01 -5.01076e+00  5.64444e+01             
       H -4.94993e+01 -5.08462e+00  5.58933e+01             
       H -6.05684e+01 -5.84294e+00  5.63607e+01             
       O -6.73281e+01  2.63199e+00  5.27483e+01             
       H -6.48065e+01 -3.22494e+01  4.88143e+01             
       H -6.78411e+01  2.43312e+00  4.85931e+01             
       O -7.10764e+01 -1.80410e+01  5.09385e+01             
       H -7.14994e+01 -1.82188e+01  5.18154e+01             
       H -7.18533e+01 -1.79417e+01  5.03909e+01             
       O -7.06117e+01 -9.76088e+00  4.72823e+01             
       H -7.08993e+01 -2.13037e+01  4.75039e+01             
       H -7.00059e+01 -1.00002e+01  4.80330e+01             
       O -7.74112e+01 -1.64454e+01  5.64225e+01             
       H -7.76826e+01 -1.56950e+01  5.70060e+01             
       H -7.78119e+01 -1.64322e+01  5.55921e+01             
       O -6.93517e+01 -2.10759e+01  5.53839e+01             
       H -6.95742e+01 -2.20390e+01  5.54427e+01             
       H -6.84130e+01 -2.09053e+01  5.55217e+01             
       O -7.76637e+01 -2.92381e+01  4.79281e+01             
       H -7.82678e+01 -2.99206e+01  6.04844e+01             
       H -7.77735e+01 -4.01060e+01  4.68461e+01             
       O -6.35554e+01 -2.21481e+01  6.26834e+01             
       H -6.42369e+01 -2.27028e+01  6.30515e+01             
       H -6.38746e+01 -2.12497e+01  6.23779e+01             
       O -6.96761e+01 -2.24214e+01  5.13501e+01             
       H -7.04415e+01 -2.18019e+01  5.11011e+01             
       H -6.99830e+01 -2.32827e+01  5.15003e+01             
       O -8.41187e+01 -1.51700e+01  5.55418e+01             
       H -8.45849e+01 -1.43982e+01  5.59376e+01             
       H -8.48410e+01 -1.57921e+01  5.54652e+01             
       O -6.04308e+01 -2.43336e+01  4.73406e+01             
       H -5.98669e+01 -2.35874e+01  4.73913e+01             
       H -6.00901e+01 -2.52164e+01  4.75734e+01             
       O -8.22987e+01 -1.86735e+01  2.89828e+01             
       H -8.22177e+01 -1.77699e+01  2.91835e+01             
       H -8.20957e+01 -1.92817e+01  2.96986e+01             
       O -7.57547e+01 -2.29923e+01  2.30128e+01             
       H -5.57732e+01 -9.79132e+00  3.98528e+01             
       H -7.57827e+01 -2.26953e+01  2.39710e+01             
       O -7.37685e+01 -1.76263e+01  4.96591e+01             
       H -7.41794e+01 -1.78212e+01  5.05172e+01             
       H -7.38834e+01 -1.66712e+01  4.95607e+01             
       O -6.94662e+01 -1.55040e+01  7.84424e+01             
       H -6.94914e+01 -1.52552e+01  7.74590e+01             
       H -7.03424e+01 -1.51930e+01  7.86841e+01             
192                                                         
# CELL(abcABC):   12.41850    12.41850    12.41850    90.00000    90.00000    90.00000  Step:      200000  Bead:       0 x_centroid{angstrom}  cell{angstrom}   
       O -9.21117e+01 -1.40359e+01  7.13509e+01             
       H -9.25684e+01 -1.45914e+01  7.07142e+01             
       H -9.20611e+01 -1.45695e+01  7.21084e+01             
       O -8.94447e+01 -1.07724e+01  7.16707e+01             
       H -8.01311e+01 -2.44165e+01  6.86794e+01             
       H -8.85582e+01 -1.11587e+01  7.20506e+01             
       O -9.11264e+01 -2.83221e+01  6.13642e+01             
       H -9.02104e+01 -1.62959e+01  6.11030e+01             
       H -9.17857e+01 -2.89349e+01  6.10091e+01             
       O -8.31341e+01 -2.70266e+01  6.02061e+01             
       H -8.33526e+01 -2.61892e+01  5.97500e+01             
       H -8.37379e+01 -2.77069e+01  5.98569e+01             
       O -7.41526e+01 -2.54414e+01  5.77791e+01             
       H -7.37969e+01 -2.63365e+01  5.76799e+01             
       H -7.50173e+01 -2.54729e+01  5.72972e+01             
       O -8.01070e+01 -2.13145e+01  7.82341e+01             
       H -8.06552e+01 -2.12433e+01  7.90348e+01             
       H -7.99186e+01 -2.22695e+01  7.82366e+01             
       O -9.39444e+01 -3.29249e+01  4.32567e+01             
       H -9.35005e+01 -3.29338e+01  4.40902e+01             
       H -8.50883e+01 -1.37285e+00  6.34043e+01             
       O -6.79769e+01 -2.40992e+01  7.82226e+01             
       H -6.81274e+01 -2.43820e+01  7.91553e+01             
       H -6.71953e+01 -3.70899e+01  7.79258e+01             
       O -9.02971e+01 -1.20094e+01  5.67739e+01             
       H -9.01098e+01 -1.18236e+01  5.76669e+01             
       H -9.04482e+01 -1.11230e+01  5.64072e+01             
       O -8.33751e+01 -2.80196e+01  6.82742e+01             
       H -8.42024e+01 -2.81399e+01  6.87146e+01             
       H -8.34337e+01 -2.71608e+01  6.78077e+01             
       O -8.92942e+01 -9.93493e+00  6.49748e+01             
       H -8.91666e+01 -9.69455e+00  6.59020e+01             
       H -8.83286e+01 -1.01050e+01  6.47192e+01             
       O -8.06125e+01 -1.50235e+01  5.64438e+01             
       H -8.00835e+01 -1.55448e+01  5.57635e+01             
       H -7.58870e+01 -1.66621e+01  5.57150e+01             
       O -7.92962e+01 -3.64243e+01  6.05888e+01             
       H -7.90515e+01 -3.70592e+01  6.12793e+01             
       H -7.57639e+01 -3.07446e+01  7.09195e+01             
       O -8.81614e+01 -2.20761e+01  5.51845e+01             
       H -8.72774e+01 -2.22726e+01  5.48477e+01             
       H -8.80193e+01 -2.11451e+01  5.55474e+01             
       O -7.34698e+01 -3.31731e+01  6.86978e+01             
       H -7.31267e+01 -3.40880e+01  6.88053e+01             
       H -7.31032e+01 -3.27818e+01  6.78450e+01             
       O -8.52259e+01 -1.62169e+01  6.56935e+01             
       H -8.55053e+01 -1.54232e+01  6.51774e+01             
       H -8.51443e+01 -1.59957e+01  6.66411e+01             
       O -8.38456e+01 -2.15181e+01  5.16976e+01             
       H -8.46769e+01 -3.44518e+01  5.17253e+01             
       H -8.31203e+01 -2.22315e+01  5.17759e+01             
       O -8.62051e+01 -2.48197e+01  5.36814e+01             
       H -8.70580e+01 -2.50004e+01  5.40777e+01             
       H -8.61587e+01 -2.54723e+01  5.29285e+01             
       O -9.11326e+01 -1.86896e+01  5.70707e+01             
       H -9.02686e+01 -1.86158e+01  5.74915e+01             
       H -9.17371e+01 -1.82118e+01  5.76979e+01             
       O -8.37143e+01  4.63354e+00  5.82471e+01             
       H -6.79862e+01 -3.28574e+01  5.89488e+01             
       H -8.29688e+01  4.31176e+00  5.76877e+01             
       O -8.78989e+01 -1.80629e+01  6.71114e+01             
       H -8.15097e+01 -3.53008e+01  7.48027e+01             
       H -9.94812e+01 -1.84604e+01  6.70506e+01             
       O -7.78695e+01 -3.17646e+01  6.68112e+01             
       H -7.82482e+01 -3.12858e+01  6.74930e+01             
       H -7.84913e+01 -3.18110e+01  6.61169e+01             
       O -8.39953e+01 -2.45435e+01  7.16722e+01             
       H -8.38753e+01 -2.37476e+01  7.22448e+01             
       H -8.42935e+01 -2.41218e+01  7.08954e+01             
       O -7.78167e+01 -4.97210e+01  6.47527e+01             
       H -7.72591e+01 -5.01659e+01  6.54594e+01             
       H -7.74131e+01 -4.88406e+01  7.70675e+01             
       O -8.78600e+01 -1.41074e+01  6.20593e+01             
       H -8.87683e+01 -1.37622e+01  6.22696e+01             
       H -8.75229e+01 -1.33987e+01  6.14813e+01             
       O -8.29367e+01 -2.27494e+01  6.72694e+01             
       H -8.26822e+01 -2.18913e+01  6.76249e+01             
       H -8.29621e+01 -2.27464e+01  6.63212e+01             
       O -8.49272e+01 -2.34772e+01  8.17207e+01             
       H -8.42046e+01 -2.33631e+01  8.10627e+01             
       H -8.53278e+01 -2.43290e+01  8.16476e+01             
       O -9.67281e+01 -1.76295e+01  4.70706e+01             
       H -9.74265e+01 -1.79718e+01  4.76927e+01             
       H -9.64485e+01 -1.84489e+01  4.66474e+01             
       O -8.37287e+01 -9.66276e+00  7.27275e+01             
       H -8.30932e+01 -9.58565e+00  7.34494e+01             
       H -8.36017e+01 -8.91258e+00  7.21087e+01             
       O -8.06967e+01 -1.94219e+01  6.07658e+01             
       H -8.09211e+01 -2.02789e+01  6.12510e+01             
       H -7.97476e+01 -1.93305e+01  4.87207e+01             
       O -7.61200e+01 -1.64478e+01  3.59802e+01             
       H -7.54801e+01 -1.71592e+01  3.60762e+01             
       H -8.81342e+01 -1.57013e+01  3.64741e+01             
       O -7.37994e+01 -2.24073e+01  4.93186e+01             
       H -7.30775e+01 -2.20619e+01  4.87275e+01             
       H -7.45208e+01 -2.17721e+01  4.89808e+01             
       O -8.55303e+01 -2.83554e+01  4.52138e+01             
       H -8.63296e+01 -2.87701e+01  4.49888e+01             
       H -8.50006e+01 -2.90015e+01  5.82495e+01             
       O -6.80435e+01 -1.90121e+01  3.99487e+01             
       H -7.80479e+01 -1.61687e+01  5.50239e+01             
       H -6.88112e+01 -1.89675e+01  3.93838e+01             
       O -7.83030e+01 -2.98034e+01  6.40923e+01             
       H -7.82947e+01 -2.93952e+01  6.31852e+01             
       H -7.91440e+01 -3.01359e+01  6.42706e+01             
       O -6.92827e+01 -2.33488e+01  5.81143e+01             
       H -6.90464e+01 -2.38303e+01  5.72937e+01             
       H -7.00065e+01 -2.38735e+01  5.85083e+01             
       O -7.25234e+01 -3.20886e+01  5.39390e+01             
       H -7.20406e+01 -3.25789e+01  5.32519e+01             
       H -7.18274e+01 -3.14125e+01  5.42316e+01             
       O -7.83913e+01 -1.34014e+01  7.47316e+01             
       H -7.81015e+01 -1.31447e+01  7.56207e+01             
       H -7.85438e+01 -1.43163e+01  7.47284e+01             
       O -7.04807e+01  5.80387e+00  7.52963e+01             
       H -7.02702e+01  5.89537e+00  7.43313e+01             
       H -7.08634e+01  4.97488e+00  7.55817e+01             
       O -7.58208e+01 -2.98213e+01  7.05851e+01             
       H -9.42243e+01 -3.19958e+01  4.31489e+01             
       H -7.63364e+01 -2.93549e+01  7.12903e+01             
       O -8.09381e+01 -2.48048e+01  6.84662e+01             
       H -6.78544e+01 -2.00007e+01  4.00299e+01             
       H -8.08634e+01 -2.58284e+01  6.85611e+01             
       O -7.64168e+01 -1.59040e+01  5.57179e+01             
       H -8.45445e+01 -7.91751e+00  5.77662e+01             
       H -7.65768e+01 -1.56266e+01  5.66742e+01             
       O -7.82870e+01 -3.39044e+01  6.86681e+01             
       H -9.06803e+01 -3.34480e+01  8.02170e+01             
       H -7.77974e+01 -1.08136e+01  7.23014e+01             
       O -1.07217e+02 -2.40962e+01  7.59956e+01             
       H -1.06538e+02 -2.42763e+01  7.66746e+01             
       H -1.07364e+02 -2.49305e+01  7.54681e+01             
       O -8.06752e+01 -4.57275e+01  5.81558e+01             
       H -8.09446e+01 -4.66144e+01  5.84002e+01             
       H -8.86066e+01 -1.86598e+01  6.69269e+01             
       O -7.89859e+01 -1.63723e+01  5.46976e+01             
       H -7.87859e+01 -1.65348e+01  5.37274e+01             
       H -1.00607e+02 -2.81167e+01  2.87151e+01             
       O -9.06334e+01 -3.17864e+01  4.95968e+01             
       H -9.01928e+01 -3.14998e+01  5.04463e+01             
       H -9.05439e+01 -3.27268e+01  4.98770e+01             
       O -8.35432e+01 -2.65657e+01  5.03843e+01             
       H -8.31992e+01 -2.72773e+01  5.09972e+01             
       H -8.33796e+01 -2.68787e+01  4.94889e+01             
       O -6.55996e+01 -3.44884e+01  6.24156e+01             
       H -6.53714e+01 -2.21240e+01  6.33207e+01             
       H -6.65043e+01 -3.47238e+01  6.23626e+01             
       O -7.61637e+01 -1.33598e+01  6.72862e+01             
       H -6.37559e+01 -1.43291e+01  6.72902e+01             
       H -7.66858e+01 -1.30454e+01  6.80251e+01             
       O -8.58932e+01 -1.54378e+00  6.38803e+01             
       H -7.96698e+01 -3.70116e+01  5.99127e+01             
       H -8.14473e+01 -3.07408e+00  5.63146e+01             
       O -8.28764e+01 -1.80782e+01  5.50492e+01             
       H -8.30071e+01 -1.71124e+01  5.53197e+01             
       H -8.24958e+01 -1.79294e+01  5.42220e+01             
       O -8.36239e+01 -1.30346e+01  5.46883e+01             
       H -8.30366e+01 -2.48506e+01  5.50825e+01             
       H -8.44832e+01 -1.26454e+01  5.44024e+01             
       O -9.28682e+01 -1.70181e+01  5.90878e+01             
       H -9.36797e+01 -1.64597e+01  5.90697e+01             
       H -9.32587e+01 -1.77805e+01  5.95124e+01             
       O -8.66402e+01 -2.26821e+01  6.44585e+01             
       H -8.63678e+01 -2.27098e+01  6.35431e+01             
       H -8.64305e+01 -2.35555e+01  6.48789e+01             
       O -9.35655e+01 -3.46008e+01  6.17569e+01             
       H -9.30504e+01 -3.50966e+01  7.34965e+01             
       H -9.11355e+01 -4.57760e+01  5.68823e+01             
       O -7.67635e+01 -2.69727e+01  7.07111e+01             
       H -7.76061e+01 -2.65747e+01  7.09287e+01             
       H -7.63070e+01 -2.71619e+01  7.15394e+01             
       O -8.70470e+01 -2.46582e+01  6.04424e+01             
       H -8.65624e+01 -2.39936e+01  6.09362e+01             
       H -8.66598e+01 -2.48925e+01  5.95496e+01             
       O -9.87930e+01 -1.85794e+01  6.09650e+01             
       H -9.86638e+01 -1.82970e+01  6.19104e+01             
       H -9.94165e+01 -1.93562e+01  6.10671e+01             
       O -7.36951e+01 -3.03104e+01  5.11149e+01             
       H -7.40694e+01 -2.94619e+01  5.12798e+01             
       H -7.33014e+01 -3.06448e+01  5.19499e+01             
       O -1.00834e+02 -2.05314e+01  3.31715e+01             
       H -1.01422e+02 -2.13017e+01  3.29505e+01             
       H -1.00165e+02 -2.07872e+01  3.25265e+01             
       O -8.86105e+01 -2.78635e+01  2.79111e+01             
       H -7.41672e+01 -1.40181e+01  5.08179e+01             
       H -8.91244e+01 -2.86810e+01  2.77844e+01             
       O -8.82137e+01 -2.08996e+01  6.08401e+01             
       H -8.90107e+01 -2.12410e+01  6.11865e+01             
       H -8.83211e+01 -2.11866e+01  5.99143e+01             
       O -8.26065e+01 -1.66037e+01  8.92939e+01             
       H -8.28838e+01 -1.72983e+01  8.86667e+01             
       H -8.33732e+01 -1.64776e+01  8.98694e+01             
